resources/preprocessed/Interpolated/Lukas_liegestuetzen3_13_10_2020_RightArm.csv:[11786,12406,14186,14726,16901,19986,20896,21791,23711,24331,25351,27086,28756]
resources/preprocessed/Interpolated/Lukas_liegestuetzen3_13_10_2020_Chest.csv:[11026,13196,14016,14716,18006,18871,21676,22186,23601,24391,25101,26866,28646]
resources/preprocessed/Interpolated/Lukas_liegestuetzen3_13_10_2020_Belly.csv:[11056,13521,14141,15446,16926,19081,19601,22851,23321,24351,26166,27846]
resources/preprocessed/Interpolated/Lukas_liegestuetzen2_13_10_2020_RightArm.csv:[36540,37185,38680,39130,40245,40710,41780,42265,43270,43865,45070,45645,46775,47305,48530,49050,50165,50775,51810,52370,53545,54040,55125,55705,56630,58345,58885,60025,61355,61900,63830,64480,66405,67620,69885,73070,73910]
resources/preprocessed/Interpolated/Lukas_liegestuetzen2_13_10_2020_LeftArm.csv:[36565,37170,39175,40125,40770,41720,42315,43210,43925,45095,45645,46695,47360,48515,50180,50765,51810,52420,53555,54095,55100,55710,56630,57290,58360,59015,60015,60680,61885,63845,64455,66445,67605,69880,71980,73510,73995]
resources/preprocessed/Interpolated/Lukas_liegestuetzen2_13_10_2020_Chest.csv:[36570,37105,39195,40025,40775,41725,42780,43440,44290,45045,46230,48215,48780,50700,51695,52880,53480,55020,55830,56535,58250,59895,61000,61765,64715,66025,66730,67455,68070,69380,70035,71995,73995]
resources/preprocessed/Interpolated/Lukas_liegestuetzen2_13_10_2020_Belly.csv:[36000,36820,38660,39285,40240,41270,41860,43920,44900,45575,48290,49235,49990,52400,53495,55060,57255,58300,58995,59905,60990,61605,63485,64365,66820,68095,69040,72050,72895]
resources/preprocessed/Interpolated/Lukas_liegestuetzen1_13_10_2020_Chest.csv:[38700,41000,41730,42770,43350,44630,45300,46150,48070,48700,49875,50565,52400,53605,54570,55375,56065,57970,59260,59880,62720,63460,64835,65360,68855,70265,71065,72775,73585,75175,77335,78715,79500,81605,83010,83965]
resources/preprocessed/Interpolated/Lukas_liegestuetzen1_13_10_2020_Belly.csv:[38710,41175,41815,42825,44770,45685,46370,47080,48295,49220,50270,51195,52080,53760,54555,55575,56765,57500,59185,60155,62895,64235,64905,66320,66885,68160,69450,72710,73685,75260,75880,76845,78275,80115,82115,83310,83995]
resources/preprocessed/Interpolated/Jan_liegestuetzen3_13_10_2020_RightArm.csv:[34230,36295,37660,38330,39775,40535,41215,42625,44110,44765,45475,46135,46850,47605,48370,49230,50000,50955,51740,52680,53590,54650,55625,56880]
resources/preprocessed/Interpolated/Jan_liegestuetzen3_13_10_2020_LeftArm.csv:[34865,36885,37650,38340,39800,40525,41200,42605,44065,44780,45470,46135,46865,47560,48365,49180,50015,50960,51770,52685,53600,54660,55550,56740]
resources/preprocessed/Interpolated/Jan_liegestuetzen3_13_10_2020_Belly.csv:[34000,34755,37070,37705,38525,39330,41380,42075,42925,44955,45695,47130,47725,48675,49340,50505,51075,52185,52855,54120,54845,56445,56995]
resources/preprocessed/Interpolated/Jan_liegestuetzen2_13_10_2020_RightArm.csv:[17041,21321,22666,23381,24046,26041,28086,29526,30176,30866,31576,32306,33026,33756,34436,35166,35936,36691,37496,38216,39206,39951,40816,41641,42656,43461,44536,45526,46846,47676,49031,50781]
resources/preprocessed/Interpolated/Jan_liegestuetzen2_13_10_2020_Chest.csv:[16996,19206,19931,20571,21311,23336,24041,26736,28116,30131,30901,33011,33801,35876,36691,37476,38191,39161,40031,40801,41666,42626,43531,44571,45661,46821,47716,49376,50571]
resources/preprocessed/Interpolated/Jan_liegestuetzen2_13_10_2020_Belly.csv:[16996,17401,19026,20126,20791,21536,23521,24926,25651,26241,28311,30296,31091,32506,33131,33936,34541,35466,36116,36956,37596,38656,39321,40281,40961,42076,42806,43896,44726,46051,47036,48711,50841]
resources/preprocessed/Interpolated/Andre_liegestuetzen3_13_10_2020_RightArm.csv:[31453,32243,33863,34418,35553,36078,37163,37698,38748,39328,40373,40883,41928,42483,43698,44233,45408,45918,47168,47703,48838,49473,51108,51723,53193,53783,55453,56018,57878,59908,60603,63313,64008,65498]
resources/preprocessed/Interpolated/2020-07-02_14.20.28_RightArm.csv:[62035,66031,66539,67175,67695,68303,68811,69939,70531,71119,72255,72887,73427,74063,74619,75255,75847,76539,77155,77963,78607,79455,80311,80967,81591,82771,83819]
resources/preprocessed/Interpolated/2020-07-02_14.20.28_Belly.csv:[61995,63143,64131,64855,66063,66439,67231,68655,69479,71247,71751,73223,74027,74579,75183,76643,77339,77975,79411,80979,82087,82731,84007]
resources/preprocessed/Interpolated/2020-07-02_14.14.32_RightArm.csv:[32003,35159,35647,36423,36903,37683,38195,38931,39475,40199,40775,41587,42127,42927,43479,44331,44887,45731,46279,47039,47599,48463,49011,49827,50403,51247,51847,52687,53291,54127,54775,55551,56235,57231,57967,58839,59595,60647,61391,62703,63447,64995]
resources/preprocessed/Interpolated/2020-07-02_15.13.22_LeftArm.csv:[23267,25611,26763,27291,28615,29151,30623,31147,32679,33191,34779,35375,37011,37559,38183,39271,39851,41555,42095,42663,44039,44607,45271,46691,47235,47831,48739,49479,50051,51451,52223,52815,53443,55243,55963,56659,58711,59435,60159,60751,62483,63311,64079,66095]
resources/preprocessed/Interpolated/2020-07-02_14.14.32_Belly.csv:[32003,33335,34271,35707,36239,37511,38303,40327,41343,41895,42659,44067,44499,45323,45839,47475,48491,49475,50091,50851,51387,52279,53719,54147,55583,56659,57411,58115,59135,59975,60755,61607,62519,64059,64995]
resources/preprocessed/Interpolated/2020-07-02_14.59.59_RightArm.csv:[74515,75331,76943,77499,78111,79259,79799,81591,82215,84031,84631,86391,86971,87591,88791,89395,90027,91315,91915,92535,93307,93975,94615,96099,96811,97399,98823,99695]
resources/preprocessed/Interpolated/2020-07-02_14.20.28_Chest.csv:[61995,63263,64791,65459,66339,67543,68639,70911,71511,72099,72691,73247,74487,76251,77083,77679,78679,79239,79911,80663,82043,82631,84007]
resources/preprocessed/Interpolated/2020-07-02_14.07.33_RightArm.csv:[7209,10249,10749,11497,12009,12761,13321,14121,14629,15429,15933,16745,17297,18021,18537,19277,19813,20617,21177,22005,22561,23465,23985,24741,25325,26077,26669,27477,28093,28893,29513,30381,30973,31785,32405,33221,33861,34649,35313,36137,36777,37617,38289,39177,39885,40829,41605,42573,43625,44117]
resources/preprocessed/Interpolated/Lukas_liegestuetzen1_13_10_2020_RightArm.csv:[38000,40850,41670,42810,43500,44655,45270,46505,47070,48165,48770,49955,50515,51840,52335,53650,54235,55610,56150,57480,57995,59295,59865,61190,61695,63025,63535,64830,66260,66805,68590,69115,70570,71105,72350,72915,74090,74715,75820,76390,77530,78100,79350,79935,81210,83995]
resources/preprocessed/Interpolated/2020-07-02_14.07.33_Belly.csv:[7197,8345,9965,10577,11405,12897,13713,15097,15581,16917,17585,18173,19453,20361,20909,21717,23137,23725,24421,24985,25761,27137,27701,28513,29077,30037,31381,31941,32609,33305,34733,35565,36649,38537,39273,40105,40841,41425,42365,43741]
resources/preprocessed/Interpolated/2020-07-02_13.00.09_RightArm.csv:[27171,27927,28579,29939,30455,31767,32367,33671,34235,35559,36183,37455,38075,39435,40111,41547,42255,43531,44259,45739,46663,48103,49539,50327,51199,52883,53779,55611,57683,58567,59319,60503,61223,62411]
resources/preprocessed/Interpolated/Jan_liegestuetzen3_13_10_2020_Chest.csv:[34900,36110,36855,39795,41180,41930,42645,43340,44115,44805,46890,47585,48395,49205,50100,50955,51790,52700,53575,54650,55710,56995]
resources/preprocessed/Interpolated/2020-07-02_14.20.28_LeftArm.csv:[61995,65995,66527,67703,68267,68807,69387,69951,70519,71107,71675,72263,72859,73419,74031,74603,75211,75835,76483,77139,77903,78563,79387,80091,80879,81515,82727,83431]
resources/preprocessed/Interpolated-Revised/Jan_liegestuetzen1_13_10_2020_edited_Belly.csv:[72001,73482,75724,76515,77086,78988,79678,81695,83567,84293,86215,88107,90509,92436,94473,95064,97852,98782,99388,100399,101060,102151,102821,104083,104768,106050,107001,108838,110885,112867,113562,114368,114994]
resources/preprocessed/Interpolated/2020-07-02_12.50.00_LeftArm.csv:[16271,18151,18851,19487,20799,21371,22699,23259,24895,25419,26927,27451,28943,29515,30987,31523,32955,33499,35011,35551,36083,37231,37811,39367,39943,40535,41151,41743,42299,43831,44427,46023,46603,47179,47787,48439,49107,49687,50291,50955,51659,52199,53599,54535,56315,57167,58767,59747,61455,62603]
resources/preprocessed/Interpolated/2020-07-02_13.00.09_Chest.csv:[27027,27851,29191,29775,30635,31811,32439,33707,34339,35635,36287,37627,38963,39543,40203,41639,42275,42911,44323,45867,46587,47267,49059,50383,52247,52931,53691,54555,55091,55671,57095,58627,60467,62103,62411]
resources/preprocessed/Interpolated/2020-07-02_12.50.00_Chest.csv:[16271,18111,20087,21139,21647,24451,25067,26559,27287,28507,29283,30551,31515,32563,33403,34679,36195,36835,37667,38835,40783,41339,42159,43299,44031,45551,47379,47939,49863,50463,52283,52899,53531,54411,55179,55711,56315,58007,58783,60799,61451,62815]
resources/preprocessed/Interpolated-Revised/Jan_liegestuetzen1_13_10_2020_edited_LeftArm.csv:[72291,74368,76235,78262,81425,82111,83417,84108,86065,89208,91060,91730,93587,94303,94959,97001,97721,98472,99243,100054,100890,101660,102726,103697,104658,105534,106911,107857,109028,110144,112771,113542,114813]
resources/preprocessed/Interpolated-Revised/Jan_liegestuetzen1_13_10_2020_edited_RightArm.csv:[72276,74974,76250,76956,77561,78858,81460,82151,83457,84088,84803,85454,88622,89233,93637,94303,95019,96330,97026,97746,98482,99288,100099,100920,101790,102701,103452,104678,105524,106911,107721,109073,109964,112681,113527,114598]
resources/preprocessed/Interpolated/Andre_Squats2_13_10_2020_Belly.csv:[48045,50285,50745,52535,53055,54760,55235,57120,57650,59445,60040,61755,62405,64245,67295,69210,70820,72060,74580,76720,77830,80255,81295,83455,86320,87550,88580,90525,93460,94765,95805,97315,100630,102010,103055,104220,105280,106670,107490,108715,109305,111645,112435,113780,114375,115920,116425,118680,121075,123605,124540,125500,126220,128340,128950,130240,131455,132770,134135,135180,136080,137245,138150,139715,140615,141980,143120,144205,145205,146870,148380,149450,150535,151620,153150,154935,156275,157375,158800,159460,161200,161920,163535,164565,165830,167355,168215,169195,170625,171685,173460,174435,175990,176765,179410,180860,182265,183465,184445,185860,186865,188545,189615,190830,191765,193200,194310,195760,196575,197635,199680,200325,203340,204100,205020,206355,207510,208890,209925,210890,212310,213285]
resources/preprocessed/Interpolated/2020-07-02_13.00.09_Belly.csv:[27099,27859,29779,31751,32283,33695,35567,36883,38895,40883,41611,42195,45163,45819,47447,49127,49707,52103,52827,53727,54379,54919,57175,57695,59491,61059,61803,62355]
resources/preprocessed/Interpolated/2020-07-02_14.14.32_LeftArm.csv:[32315,35159,35651,36415,36879,37679,38179,38911,39463,40183,40771,41559,42131,42899,43463,44299,44871,45691,46255,46991,47579,48403,48967,49775,50379,51191,51799,52623,53207,54055,54699,55483,56139,57087,57891,58787,59527,60587,61299,62639,63399,64995]
resources/preprocessed/Interpolated-Revised/Jan_liegestuetzen1_13_10_2020_edited_Chest.csv:[72937,73757,75604,76305,76961,78928,81480,82121,82862,86070,86780,88612,89323,92316,93067,94954,95704,97716,98542,99278,100149,100875,101715,102676,103682,104608,105499,106901,107736,109603,112756,113622,114994]
resources/preprocessed/Interpolated/2020-07-02_11.17.39_Belly.csv:[58971,59779,61051,62495,64439,66523,67127,68679,70583,71107,72315,73495,74063,75299,75879,76531,77703,79475,80047,81443,83607,85139,85647,87099,87643,89303,89955,90603,91871,93727,94351,96083,96723,98043,98643,99183,99903,101795,102631,104419,107343,108023]
resources/preprocessed/Interpolated/Andre_liegestuetzen3_13_10_2020_Chest.csv:[31423,33258,34628,36533,38043,38688,40428,40978,42423,43483,44178,45188,45848,47098,47858,48738,50148,50843,51733,52848,54393,55058,56683,57513,58293,59423,61118,62578,63668,65498]
resources/preprocessed/Interpolated/2020-07-02_11.17.39_Chest.csv:[58227,60007,61023,62075,62691,63991,65403,67459,69127,69587,70819,71391,72691,74367,74911,76163,78527,79995,81707,82283,83523,84143,85563,86755,87407,88051,88863,90547,94163,94807,96487,97199,97923,98515,99127,99803,101623,102367,104367,105139,106615,107959]
resources/preprocessed/Interpolated/2020-07-02_11.17.39_LeftArm.csv:[58227,59927,61059,61755,62763,63367,64499,65055,66183,66703,67879,68443,69527,70111,71323,71943,73099,73695,74911,75547,76719,77335,78511,79099,80367,80963,82247,82867,84127,84799,86075,87227,87991,88735,89359,91099,92507,93223,94787,95531,97239,98951,99767,101439,102371,104095,105007,105739,106531,107819]
resources/preprocessed/Interpolated/2020-07-02_14.59.59_Belly.csv:[73999,74871,76267,76999,78511,79271,80847,81571,82367,84087,84735,86419,87731,88583,90167,91315,92859,93935,95315,96831,98139,99995]
resources/preprocessed/Interpolated/Andre_Squats_13_10_2020_LeftArm.csv:[60996,62746,63436,64141,66186,68126,68831,71586,73091,74236,75241,77146,78351,79596,80536,82371,83236,84571,85516,86576,88301,89376,90231,92361,94046,94816,95796,96756,99176,102521,103486,104686,105606,107226,108531,110931,112021,113351,114501,115641,117091,118271,119241,120331,121646,122706,123896,125031,126271,127021,128686,129366,131131,131811,133486,134136,135871,136561,138251,138951,140716,141401,143236,143861,145621,146271,148001,148551,150371,151016,152796,153431,155256,157651,158256]
resources/preprocessed/Interpolated/2020-07-02_14.07.33_Chest.csv:[7473,8457,9933,10529,11241,12533,13021,13757,14253,15029,15773,16521,18333,19089,20337,20821,21633,22345,23169,23701,24509,24981,26273,26849,27717,28665,29205,30133,30649,31485,33269,36633,37785,38517,39193,39777,41033,41909,42489,43781,44117]
resources/preprocessed/Interpolated/2020-07-02_11.17.39_RightArm.csv:[58227,60323,61071,62067,62807,63679,64471,65119,66171,66795,67863,68699,69531,70187,71319,72083,73083,73883,74883,75695,76695,77499,78491,79111,80367,81235,82227,83207,84119,84791,86071,87071,88043,88751,89367,91651,92495,93243,94763,95547,97223,98147,99775,101367,102371,104055,104983,105691,107799]
resources/preprocessed/Interpolated/2020-07-02_14.59.59_Chest.csv:[73999,74779,76071,77079,77643,79775,81635,82267,84079,84643,85339,86939,88407,88959,89835,91363,91991,94015,95223,97011,98007,98799,99527]
resources/preprocessed/Interpolated/2020-07-02_14.59.59_LeftArm.csv:[74495,75247,76959,77527,78115,79239,79879,81575,82151,84007,84603,86375,86947,88775,89451,91307,91919,93275,93959,94595,96011,96783,97399,98767,99767]
resources/preprocessed/Interpolated/2020-07-02_12.50.00_RightArm.csv:[16451,18175,18851,19487,20779,21363,22695,23267,23783,25427,26907,27443,28923,29523,30991,31539,32907,33491,35555,36095,37215,37811,39963,40555,42319,43835,44459,46015,46627,47187,47787,48423,49131,49683,50295,50947,51679,52195,53607,54531,56319,57191,58775,59787,61463,62667]
resources/preprocessed/Interpolated/Andre_liegestuetzen1_13_10_2020_RightArm.csv:[16996,19986,20591,21751,22351,23431,24001,25216,25731,26861,27401,28596,29116,30231,30711,31746,32241,33351,33876,34931,35481,36656,37096,38256,38806,39796,40316,41456,41976,43091,43616,44686,45231,46426,46991,48631,49246,50461,51611,52251,53576,54166,55566,56146,57731,58336,59936,60566,61486,62271,62936,65686,66376]
resources/preprocessed/Interpolated/Andre_liegestuetzen2_13_10_2020_Belly.csv:[39996,42176,43331,44031,44871,45836,46471,48241,48906,49916,50766,51586,52226,53271,55046,55641,56801,57396,58611,59241,60391,62136,62836,64121,64911,66131,66936,68846,69641,71126,71826,73811,75926,76791,79006,79996]
resources/preprocessed/Interpolated/2020-07-02_15.13.22_Belly.csv:[23219,24387,25111,26255,26895,28067,30711,32103,32699,35239,37019,37675,39267,40907,41659,43039,44063,45679,46727,48147,49511,50803,52303,53735,55351,57255,58835,59431,60739,62527,63283,64667,65523,66095]
resources/preprocessed/Interpolated/2020-07-02_15.13.22_RightArm.csv:[23251,25571,27299,27847,29075,29659,31111,32671,33247,34751,35335,36975,37591,39251,39779,40387,41535,42075,42707,44047,44607,45259,46691,47279,47891,48771,49455,50055,50663,51499,52251,52839,53487,54403,55291,55983,56679,57803,58771,59447,60195,62567,63335,64083,64675,66095]
resources/preprocessed/Interpolated/2020-07-02_15.13.22_Chest.csv:[23135,25559,26795,27375,28555,29183,30491,31915,32603,33251,34507,35251,37003,37739,39163,40655,41471,42983,43931,45675,46619,48247,49515,50915,52223,53795,55475,57119,58839,60655,61443,62667,64543,65367,66063]
resources/preprocessed/Interpolated/Andre_liegestuetzen1_13_10_2020_Belly.csv:[16996,19346,20641,22431,23006,24011,25211,25811,26866,27466,29996,30731,31911,33856,34336,35491,36496,37226,38106,38676,39656,40366,41456,42016,43081,43581,44671,45361,46986,47776,48661,49436,50461,51506,52276,52976,54031,56186,56741,58491,59171,60471,61776,63406,64071,66386,66996]
resources/preprocessed/Interpolated/2020-07-02_15.31.36_Belly.csv:[72271,72939,73759,75231,75879,77947,78987,79991,80719,82271,83187,83971,85555,86915,87519,88303,89635,91843,92559,94071,94815,95527,97759,99387,100911,101751,103163,104283,105479,106787,108139,109579,110819,112375,113703]
resources/preprocessed/Interpolated/Jan_liegestuetzen2_13_10_2020_LeftArm.csv:[16996,17671,20711,21306,23991,24656,26671,27351,28071,28801,30851,31531,32256,32986,33696,34406,35111,35956,36681,37476,38261,39161,39981,40806,41681,42641,43536,44546,45551,46791,47621,48931,49736]
resources/preprocessed/Interpolated/2020-07-02_15.31.36_Chest.csv:[72271,73079,73799,75303,76471,77719,80575,81695,82403,83055,83875,84663,86807,87411,88139,89503,90131,91763,92547,94031,94791,95479,97119,97811,99327,100619,101631,102287,104303,105735,106823,108239,109499,110867,111559,113695]
resources/preprocessed/Interpolated/Andre_Squats_13_10_2020_RightArm.csv:[60996,62716,63416,64141,66506,67956,68931,70266,71646,73141,74286,75291,76731,78331,79626,80691,82296,83321,84536,85661,86716,88296,89401,90021,92266,93666,94891,95846,97586,98626,99766,100701,102541,103486,104641,105701,106806,108551,109806,110936,111731,113211,114501,115936,117066,118071,119311,120486,121571,122671,123906,125126,126206,128061,128691,130471,131156,131821,133491,135226,135871,137481,138241,140006,140736,142521,143236,144941,145646,148016,148596,150376,151026,152796,154596,155236,157001,157656]
resources/preprocessed/Interpolated/2020-07-02_14.14.32_Chest.csv:[32495,33479,34307,35559,36267,36875,37527,38775,39507,40059,41387,41975,42727,44075,44591,45471,46079,47415,48723,49635,51687,52399,53191,54467,55091,56143,57619,59643,60939,61811,62679,63731,64995]
resources/preprocessed/Interpolated/2020-07-02_15.31.36_LeftArm.csv:[72271,73119,73739,75211,76247,78139,79155,80731,81395,82219,83023,84015,85303,86215,86839,88263,88807,90407,90963,92603,93155,94855,95439,97607,98171,99415,99991,101763,102359,104299,104835,106839,107507,108867,109531,110159,111567,112255,112875]
resources/preprocessed/Interpolated/2020-07-02_15.31.36_RightArm.csv:[72271,72863,73703,76275,76971,77807,79007,82215,82991,84007,85387,86175,86855,88811,90399,90951,92111,93703,94831,95395,95951,97579,98211,99411,99907,100479,101775,102347,102955,104283,104847,105479,106223,106851,107503,108851,109535,110123,110787,111571,112255,112875]
resources/preprocessed/Interpolated/Andre_Squats2_13_10_2020_Chest.csv:[47500,50320,51925,52605,54170,54810,56445,57135,58835,59580,61180,61845,63565,64250,66005,67080,69210,71320,72730,75315,76850,78820,80190,82175,83420,85235,87320,88370,90340,92485,94570,96065,97340,100575,101600,103295,104285,105310,107150,110220,111045,112215,113080,115020,116030,117165,118670,120065,121755,123570,125385,126805,128310,128855,130300,131700,132720,133765,135070,136270,137270,138540,139795,141160,141985,142965,144455,145965,146895,147945,149295,150820,154085,155575,156360,157385,158270,160220,160970,162190,163180,164815,165780,167430,168185,169225,170715,171660,173815,175105,175935,177445,178845,180000,180890,182185,183005,184965,185860,186710,188050,189960,190885,191675,193510,194780,195685,196560,198295,199955,203145,204285,205045,206560,207830,209150,209960,211330,212595,213990]
resources/preprocessed/Interpolated/2020-07-02_14.07.33_LeftArm.csv:[7173,10269,11493,11993,12761,13329,14117,14633,15417,15941,16773,17285,18001,18545,19253,19813,20617,21185,21993,22569,23453,23989,24701,25309,26061,26673,27477,28085,28861,29473,30345,30961,31737,32373,33157,33805,34585,35261,36073,36737,37561,38233,39105,39841,40789,41509,42477,43417,44117]
resources/preprocessed/Interpolated/Andre_Squats2_13_10_2020_RightArm.csv:[47500,50160,54160,55840,56425,58130,58780,61180,61755,63545,64130,66005,66935,68995,70250,72920,74430,76420,78035,80050,81805,83405,85060,87055,88620,90455,92375,94405,96460,97460,99400,100845,103655,105055,105850,108040,110695,112145,114055,115050,116025,118320,119270,121415,122085,123780,125365,126855,127505,128895,130145,131535,132590,133605,134990,136000,137290,138455,139515,140495,141895,143320,144360,145340,146755,147970,149330,150350,151450,152360,153815,154970,156245,157465,158550,160510,161160,162080,163575,164480,165875,167350,168260,169315,170780,171625,173700,174485,175940,177340,178560,179340,180800,182165,183250,184235,185795,187235,188285,189260,190740,191990,193170,194300,195540,196790,197840,198950,199680,201730,202475,203430,205060,206550,207405,208770,209885,211225,212370,213180]
resources/preprocessed/Interpolated/Andre_liegestuetzen1_13_10_2020_LeftArm.csv:[16996,19951,20621,21631,22331,23226,23986,25136,25741,26711,27351,29106,30081,30701,31691,32246,33246,33826,34826,35466,36461,37106,38076,38746,39611,40321,41956,43081,43661,44736,45296,46461,47026,48016,48721,49921,50511,51521,52276,53466,54216,55521,56171,57661,58386,59191,60601,62291,62901,65646,66366]
resources/preprocessed/Interpolated/2020-07-02_13.00.09_LeftArm.csv:[27179,27947,28603,29991,30467,31795,32359,33663,34207,35567,36171,37519,38127,39471,40103,41551,42223,43575,44263,45767,46663,48131,49591,50363,51183,52935,54855,55627,57675,58595,60495,61207,62411]
resources/preprocessed/Interpolated/Andre_liegestuetzen3_13_10_2020_LeftArm.csv:[31493,34408,35053,36068,36998,37703,38648,39343,40313,40933,41888,42513,43563,44233,45258,45928,47103,47703,48778,49518,51048,51698,52923,53803,55453,56028,57888,59923,61923,63328,64083]
resources/preprocessed/Interpolated/Lukas_liegestuetzen1_13_10_2020_LeftArm.csv:[38000,40930,41700,42840,43510,44600,45280,46475,47050,48130,48770,49940,50540,51815,52365,53625,54240,55590,56160,57445,58030,59205,59855,61125,61685,62990,63545,64805,66250,66795,68530,69175,70545,71150,72320,72950,74065,74730,75835,76445,77530,78155,79355,79945,81180,81870,83995]
resources/preprocessed/Interpolated/Andre_Squats2_13_10_2020_LeftArm.csv:[47500,50245,51900,52515,54165,54760,56420,57055,58810,59435,61165,61770,63540,64150,65890,66740,69125,70490,72790,74350,76390,77930,80055,81485,83405,84980,87110,88720,90435,92410,94375,95385,97605,99410,101055,103410,104435,106820,108065,109945,113650,114240,115290,116680,117790,118425,119725,120620,121455,122330,123875,125335,127265,128790,130085,131495,132630,133475,134955,136070,137215,138310,139625,140530,141910,143325,144360,145465,146780,147995,149295,150415,151390,152180,153930,155055,156380,157500,158320,159770,161210,163010,164630,165705,166560,168465,169240,170695,171830,173330,174750,175805,177420,178720,179445,180755,181800,183290,184315,185760,187080,188495,189200,190420,191475,193215,194390,195525,196565,197975,199070,199770,202545,203465,204800,205845,207415,209140,209860,211635,212520,213315]
resources/preprocessed/Interpolated/Andre_Squats_13_10_2020_Belly.csv:[60996,62456,63491,64091,66666,68046,68941,71981,73066,74561,75381,77596,78441,79556,80581,82591,83341,84626,85431,87606,88326,89606,90606,92521,93501,94666,95546,97491,98791,99706,100621,102626,103501,104866,105721,107561,108601,109706,110726,112171,113351,114616,115556,117096,118386,119436,120471,122066,122816,124006,124806,127036,127651,129366,129986,132451,134201,134751,136556,137141,138916,139551,140246,142041,143886,144466,146316,146936,148536,149201,151041,151596,153456,154121,155861,156501,158321,158956]
resources/preprocessed/Interpolated/Andre_Squats_13_10_2020_Chest.csv:[60996,62626,63441,64236,66626,68006,68911,69691,71636,73626,74366,75646,77441,78976,79681,80581,82446,84056,84696,86391,88976,89756,90631,92481,93541,94746,95441,97661,98461,101551,104091,104801,105716,107511,109126,109801,110816,111876,113971,114626,115541,117331,118576,119346,120516,121951,123271,123996,126256,127116,128821,129491,131181,131886,134261,135946,136636,138336,139011,140801,141511,143296,144001,145691,146386,148046,148676,150391,151056,152821,153511,155271,155941,157696,158396]
resources/preprocessed/Interpolated/Andre_liegestuetzen2_13_10_2020_Chest.csv:[39996,40621,41561,42606,43321,44891,45961,47776,48376,49391,50966,51596,52776,53321,54441,55046,56721,58191,59916,60426,61806,64716,65331,67476,69166,70146,71861,73526,74101,75751,76256,78021,78596,79566]
resources/preprocessed/Interpolated/Andre_liegestuetzen2_13_10_2020_LeftArm.csv:[39996,42671,43336,44186,44901,45856,46531,47571,48261,49241,49976,50901,51586,52661,53316,54356,55061,56141,56846,58076,58686,59791,60471,61641,62316,63666,64306,65546,66291,67736,68436,70036,70646,72411,73121,75136,75836,78276,79101,79836]
resources/preprocessed/Interpolated/Lukas_liegestuetzen3_13_10_2020_LeftArm.csv:[11736,12371,14166,14771,18071,20046,20876,21551,22341,23731,24486,25301,26206,27046,28796]
resources/preprocessed/Interpolated/Andre_liegestuetzen1_13_10_2020_Chest.csv:[16996,19816,20676,21601,22356,23076,24006,25056,25821,26731,27446,28386,29141,30846,31731,32341,33271,33886,34891,35531,36471,37161,38116,38811,39751,40416,41431,42021,43101,43656,44676,45326,46376,47016,47996,48701,49821,50471,51611,52281,53576,54201,55526,56166,57556,58366,59736,60541,63571,65546,66361]
resources/preprocessed/Interpolated/Andre_liegestuetzen2_13_10_2020_RightArm.csv:[39996,42731,43311,44301,44901,45976,46541,47751,48301,49396,49961,51021,51601,52796,53301,54476,55066,56281,56776,58166,58676,59916,60436,61756,62311,63751,64251,65681,66326,67826,68431,70101,70656,72556,73166,75231,75851,76856,77631,79081]
resources/preprocessed/Interpolated/2020-07-02_12.50.00_Belly.csv:[16003,17007,19299,20463,21167,21819,23143,23827,25163,25971,26875,27875,29979,30519,31943,32907,33959,34883,36091,36739,38331,39003,40611,41463,42755,43443,44935,45571,47155,48299,49707,50323,51559,52179,52803,53459,54419,55087,55659,56487,57135,58719,60263,60879,62995]
resources/preprocessed/Interpolated/Andre_liegestuetzen3_13_10_2020_Belly.csv:[30998,32093,34343,34858,36088,37568,38143,39063,39708,40713,41258,42408,43643,44233,45823,47623,48098,49458,50613,51698,52953,53743,55953,57128,58283,59618,60258,61883,63828,65393]
