resources/preprocessed/Interpolated/Lukas_liegestuetzen3_13_10_2020_RightArm.csv:[11316,13896,15496,16761,17986,19281,20711,22141,23526,25116,26816,28306]
resources/preprocessed/Interpolated/Lukas_liegestuetzen3_13_10_2020_Chest.csv:[11011,13916,15491,16776,17986,19276,20701,22136,23536,25091,26816,28271]
resources/preprocessed/Interpolated/Lukas_liegestuetzen3_13_10_2020_Belly.csv:[11216,13936,15486,16781,17996,19291,20691,22141,23526,25096,26796,28241]
resources/preprocessed/Interpolated/Lukas_liegestuetzen2_13_10_2020_RightArm.csv:[36000,38380,39975,41510,43050,44710,46480,48235,49910,51610,53260,54830,56405,58040,59735,61630,63125,65720,68840,71675,72905]
resources/preprocessed/Interpolated/Lukas_liegestuetzen2_13_10_2020_LeftArm.csv:[36000,38350,39955,41470,43025,44790,46475,48230,49895,51595,53275,54845,56395,58060,59780,61640,63095,65720,68755,71600,72995]
resources/preprocessed/Interpolated/Lukas_liegestuetzen2_13_10_2020_Chest.csv:[36000,36955,38380,39990,41520,43065,44805,46500,48255,49905,51600,53270,54865,56405,58050,59765,61630,63095,65695,68845,71685,73025]
resources/preprocessed/Interpolated/Lukas_liegestuetzen2_13_10_2020_Belly.csv:[36000,36965,38375,39985,41510,43065,44800,46490,48280,49920,51605,53270,54860,56390,58040,59765,61620,63075,65680,68810,71620,72935]
resources/preprocessed/Interpolated/Lukas_liegestuetzen1_13_10_2020_Belly.csv:[38000,40830,42620,44420,46175,47895,49670,51440,53315,55245,57100,58910,60875,62720,64480,66420,68255,70140,72050,73820,75570,77270,79030,80910,82410]
resources/preprocessed/Interpolated/Jan_liegestuetzen3_13_10_2020_RightArm.csv:[34285,37480,38950,40405,41815,43265,44700,46045,47485,49035,50725,52580,54040,55920]
resources/preprocessed/Interpolated/Jan_liegestuetzen3_13_10_2020_LeftArm.csv:[34000,37495,38990,40425,41815,43295,44695,46080,47515,49075,50840,52580,53930,55970]
resources/preprocessed/Interpolated/Jan_liegestuetzen3_13_10_2020_Belly.csv:[34025,37525,38965,40430,41815,43275,44710,46070,47505,49080,50810,52600,53940,55935]
resources/preprocessed/Interpolated/Jan_liegestuetzen2_13_10_2020_RightArm.csv:[17126,20566,21941,23211,24626,25941,27266,28696,30046,31466,32871,34301,35801,37371,39021,40616,42501,44381,45741,48106]
resources/preprocessed/Interpolated/Jan_liegestuetzen2_13_10_2020_Chest.csv:[17131,20571,21951,23291,24631,25951,27286,28706,30091,31476,32891,34306,35816,37371,39041,40681,42511,44416,45786,46696,48126]
resources/preprocessed/Interpolated/Jan_liegestuetzen2_13_10_2020_Belly.csv:[16996,20566,21936,23296,24626,25946,27286,28696,30091,31466,32876,34291,35801,37366,39016,40676,42476,44376,45791,46656,48096]
resources/preprocessed/Interpolated/2020-07-02_14.59.59_LeftArm.csv:[74923,76587,78851,81179,83619,85999,88371,91027,93491,96203,97179,99023]
resources/preprocessed/Interpolated/Andre_liegestuetzen2_13_10_2020_Belly.csv:[40621,42516,44071,45726,47361,49116,50766,52481,54176,55971,57811,59611,61446,63396,65321,67476,69621,71386,73861,76586]
resources/preprocessed/Interpolated/Jan_liegestuetzen1_13_10_2020_RightArm.csv:[84900,94250,98645,101900,106355,110285,114230,116860,121995,124825,129920,132760,136430,141380,143805,147900,151315,155515,159725,163855,167530,171005,174765,178460,182790]
resources/preprocessed/Interpolated/2020-07-02_14.59.59_Chest.csv:[74863,76739,78995,81251,83663,86107,88515,91095,93583,96359,99199,99995]
resources/preprocessed/Interpolated/2020-07-02_15.13.22_Belly.csv:[23267,26875,28707,30675,32827,34895,37199,39427,40715,41635,43767,45547,46891,48083,49079,51743,54795,56611,59103,60251]
resources/preprocessed/Interpolated/2020-07-02_15.13.22_RightArm.csv:[23003,26883,28415,30759,32483,34511,36703,39047,41299,43711,45135,46391,48343,51123,54731,56603,60063,61699]
resources/preprocessed/Interpolated/Lukas_liegestuetzen1_13_10_2020_Chest.csv:[38175,40825,42580,44410,46150,47890,49670,51440,53310,55210,57110,58895,60845,62680,64465,66420,68245,70120,72040,73790,75550,77265,79010,80900,82515]
resources/preprocessed/Interpolated/Jan_liegestuetzen1_13_10_2020_Chest.csv:[85000,90800,94610,98490,102460,105125,106330,109165,110195,114195,116770,118150,120880,122190,124800,126140,128910,129860,132500,133675,136310,137510,139970,141180,143715,144970,147840,148850,151240,152950,155475,156915,159675,161240,163785,165605,167465,168920,170970,172575,174850,176460,178370,180975,182725]
resources/preprocessed/Interpolated/2020-07-02_14.20.28_RightArm.csv:[61995,64879,65939,66979,68179,69295,70271,71531,72751,73883,75059,76379,77783,79259,80719,82539,83963]
resources/preprocessed/Interpolated/2020-07-02_14.20.28_Belly.csv:[61995,63691,64867,65935,67055,68187,69311,70431,71579,72763,73947,75123,76383,77759,79235,80703,82519,84007]
resources/preprocessed/Interpolated/2020-07-02_14.14.32_RightArm.csv:[32003,35051,36271,37551,38831,40067,41419,42787,44131,45563,46935,48303,49671,51091,52503,53911,55367,56919,58275,60427,62047,63763]
resources/preprocessed/Interpolated/2020-07-02_15.13.22_LeftArm.csv:[23099,26779,28699,30623,32439,34527,36739,39455,41731,43803,46347,48931,51603,54123,61667,64047]
resources/preprocessed/Interpolated/2020-07-02_14.14.32_Belly.csv:[32031,35051,36271,37539,38811,40087,41431,42747,44143,45551,46911,48267,49631,51055,52479,53883,55339,56859,58539,60379,62367,64807]
resources/preprocessed/Interpolated/2020-07-02_14.59.59_RightArm.csv:[75031,76695,79371,81199,83579,86047,88567,90931,93499,96311,99123]
resources/preprocessed/Interpolated/Jan_liegestuetzen3_13_10_2020_Chest.csv:[34405,37520,38975,40430,41820,43290,44710,46075,47510,49085,50830,52595,53955,54575,55950]
resources/preprocessed/Interpolated/2020-07-02_14.20.28_LeftArm.csv:[61995,64859,65931,69271,70383,71495,72659,73835,74915,76331,77699,79187,80667,82063,83891]
resources/preprocessed/Interpolated/2020-07-02_13.00.09_Belly.csv:[26999,28907,30787,32659,34547,36447,38555,40407,42451,44519,46999,49135,51599,52739,54163,56531,58579]
resources/preprocessed/Interpolated/2020-07-02_14.14.32_LeftArm.csv:[32003,35027,36243,37531,38787,40067,41423,42747,44131,45531,46875,48263,49603,51051,52467,53847,55291,56863,58631,59975,61851,64187]
resources/preprocessed/Interpolated/2020-07-02_11.17.39_Belly.csv:[58359,60023,61923,63575,65307,66947,68647,70339,72119,73871,75735,77491,79331,81215,83119,85071,86923,88911,91427,93643,96067,98567,101195,102211]
resources/preprocessed/Interpolated/Andre_liegestuetzen3_13_10_2020_Chest.csv:[30998,33623,35223,36878,38488,40093,41718,43403,45088,46818,48563,50678,52793,55043,57478,59443,62908,64838]
resources/preprocessed/Interpolated/2020-07-02_11.17.39_Chest.csv:[58387,60119,61931,63599,65299,66951,68667,70351,72147,73907,75763,77515,79335,81219,83127,85087,86899,88939,91447,93619,95651,98539,101151,102287,103875,105967]
resources/preprocessed/Interpolated/Jan_liegestuetzen1_13_10_2020_Belly.csv:[85020,86690,90795,94490,97325,98495,101170,102465,105080,106350,108915,110230,112905,114155,116620,118135,120665,124650,126160,128555,129885,132285,133710,136020,137505,139785,141205,143520,144965,147475,148845,151155,152945,155260,156870,159175,161205,162260,165620,167395,168910,170900,172555,174440,176430,178155,180980,182725]
resources/preprocessed/Interpolated/2020-07-02_11.17.39_LeftArm.csv:[58227,58987,59907,61103,61931,63571,65275,66903,68687,70375,72143,73791,75779,77431,81399,83155,85119,86811,88855,91447,93615,95731,100795,103831,105035]
resources/preprocessed/Interpolated/2020-07-02_14.59.59_Belly.csv:[74871,76995,79403,81279,83683,86087,88419,91103,93675,96351,99131]
resources/preprocessed/Interpolated/Andre_Squats_13_10_2020_LeftArm.csv:[60996,64186,68626,73386,75591,78726,80361,83801,88786,93741,95366,98981,99816,103936,105511,108741,110601,113701,115381,118406,123141,127281,129661,132046,132951,134406,136781,137621,139126,140041,141606,142546,144116,146431,147331,148891,151206,153621,154606,156021,158536]
resources/preprocessed/Interpolated/2020-07-02_14.07.33_Chest.csv:[7005,8869,10101,11349,12645,13989,15289,16589,17845,19161,20465,21837,23265,24609,25961,27321,28741,30213,31625,33061,34493,35973,37469,38969,40653,42349,43681]
resources/preprocessed/Interpolated/2020-07-02_11.17.39_RightArm.csv:[58339,59955,61963,63583,65283,66939,68715,70339,72143,73827,75779,77615,79511,81255,83111,85099,86887,88795,91491,93679,95963,98611,100791,102863,103875,106095]
resources/preprocessed/Interpolated/Andre_liegestuetzen3_13_10_2020_RightArm.csv:[31888,33608,35208,36853,38483,40078,41718,43408,45103,46813,48563,50683,52783,55103,56998,59293,62223]
resources/preprocessed/Interpolated/2020-07-02_12.50.00_LeftArm.csv:[16395,21615,23399,25611,27643,29819,31823,33599,35675,37939,40087,42487,44559,46759]
resources/preprocessed/Interpolated/2020-07-02_14.20.28_Chest.csv:[61995,64883,65955,67087,68199,69323,70451,71595,72783,73963,75143,76395,77779,79251,80727,82535,84007]
resources/preprocessed/Interpolated/2020-07-02_14.07.33_RightArm.csv:[7005,11337,12649,13977,15265,16565,17857,19109,20409,21809,23253,24601,25945,27301,28741,30221,31629,33069,34529,35973,37481,38965,40645,42333,43649]
resources/preprocessed/Interpolated/Lukas_liegestuetzen1_13_10_2020_RightArm.csv:[38000,40785,42505,44360,46115,47875,49565,51425,53210,55170,57125,58875,60815,62675,64420,66430,68235,70060,72045,73780,75525,77245,78980,80895,82620]
resources/preprocessed/Interpolated/2020-07-02_14.07.33_Belly.csv:[7005,8853,10097,11345,12637,13973,15281,16577,17845,19165,20449,21821,23237,24585,25941,27297,28713,30193,31597,33025,34445,35937,37421,38929,40605,42309,43649]
resources/preprocessed/Interpolated/Andre_liegestuetzen1_13_10_2020_RightArm.csv:[16996,19611,21401,23141,24821,26506,28161,29831,31401,33031,34621,36281,37886,39511,41101,42791,44456,46156,47896,49676,51401,53321,55291,57411,59666,61321,66996]
resources/preprocessed/Interpolated/2020-07-02_12.50.00_RightArm.csv:[16531,21651,23443,25615,27759,29791,31955,33847,35731,38187,40119,42763,44935,46787]
resources/preprocessed/Interpolated/Andre_Squats2_13_10_2020_Belly.csv:[48715,50435,52740,54950,57240,59640,62005,64380,67960,70705,72655,74180,77610,82260,84570,88965,90015,96080,97410,100620,103215,105160,107440,110020,112125,115435,117130,119265,122790,124305,125545,126750,129095,132035,136455,137985,141070,142755,143835,145825,147530,150750,155425,156910,158205,160000,160665,164955,166845,167840,169810,175090,177665,179930,184905,189915,191630,194800,197755,199800,202290,204380,205840,207055,209215,210750,211970,213660]
resources/preprocessed/Interpolated/2020-07-02_12.50.00_Chest.csv:[16003,19787,21631,23443,25803,27759,29823,31863,33867,35763,38167,40143,42687,44783,46831,49355,51967,53539,54987,57499,58739,60115,61471]
resources/preprocessed/Interpolated/2020-07-02_13.00.09_Chest.csv:[26999,28927,30799,32655,34547,36439,38523,40395,42471,44539,46999,49151,51523,54335,57227,59331]
resources/preprocessed/Interpolated/2020-07-02_13.00.09_RightArm.csv:[26999,28883,30771,32547,33799,36535,38363,40431,42443,44571,48927,51391]
resources/preprocessed/Interpolated/2020-07-02_15.13.22_Chest.csv:[23115,26891,28727,30691,32819,34979,36791,39439,41651,43775,45811,46907,49047,51771,54795,56635,58151,60159,63011,64035]
resources/preprocessed/Interpolated/Andre_liegestuetzen1_13_10_2020_Belly.csv:[16996,19651,21436,23146,24841,26516,28186,29861,31416,33026,34616,36266,37896,39521,41116,42796,44451,46146,47846,49601,51386,53266,55246,57421,59606,61276,64301,66986]
resources/preprocessed/Interpolated/2020-07-02_15.31.36_Belly.csv:[72847,90575,92715,94987,97247,99607,101475,103395,104459,106379,109163,111807,113975]
resources/preprocessed/Interpolated/Jan_liegestuetzen2_13_10_2020_LeftArm.csv:[17191,20541,21941,23271,24671,25946,27291,28691,30071,31471,32891,34296,35796,37341,39051,40676,42511,43856,45746,48126]
resources/preprocessed/Interpolated/2020-07-02_15.31.36_Chest.csv:[72271,90167,92731,94623,97251,99139,101495,103991,106435,109191,111843,113975]
resources/preprocessed/Interpolated/Andre_Squats_13_10_2020_RightArm.csv:[60996,64171,68461,73466,75691,78711,80346,83741,88856,91626,93716,95306,98931,103946,108766,110586,113671,118376,123116,127316,128176,129661,132066,132981,134421,136811,137621,139181,140071,141646,142526,144146,146431,148911,151236,153656,156036,158551]
resources/preprocessed/Interpolated/2020-07-02_14.14.32_Chest.csv:[32387,35063,36283,37563,38827,40107,41451,42783,44179,45583,46931,48299,49671,51099,52519,53915,55391,56911,58591,60423,62443,64879]
resources/preprocessed/Interpolated/2020-07-02_15.31.36_LeftArm.csv:[72271,92771,94567,96739,97539,99155,101379,104003,106343,108475,111251,113975]
resources/preprocessed/Interpolated/2020-07-02_15.31.36_RightArm.csv:[72271,92347,94515,97235,99191,101423,103823,106315,107207,109191,111007,111887,113831]
resources/preprocessed/Interpolated/Andre_Squats2_13_10_2020_Chest.csv:[48735,50435,52740,54945,57240,57950,59640,60350,62005,64380,67950,70760,74110,78810,82260,84585,88980,90480,96070,97455,100715,103210,105155,107030,110030,112170,114545,117125,119310,122840,124310,125495,127515,129065,131990,133085,136455,137995,141095,142770,145840,147575,150800,155425,156900,158150,160010,161660,164960,166850,167795,169860,171960,175125,176770,179945,181680,182705,184920,186670,189945,191640,194860,199805,202340,204390,205845,207035,209230,210730,211930,213995]
resources/preprocessed/Interpolated/2020-07-02_14.07.33_LeftArm.csv:[7005,10085,11381,12641,13933,15277,16577,17817,19177,20429,21801,23261,24565,25917,27273,28725,30185,31593,33001,34441,35897,37433,38933,40509,42329,43653]
resources/preprocessed/Interpolated/Andre_Squats2_13_10_2020_RightArm.csv:[48750,50435,52765,54940,57250,58195,59640,62030,64440,67310,70795,72720,74135,78670,82240,83265,84660,88850,90095,91570,96100,97325,98480,103265,104310,106685,109595,114120,116710,119315,120830,122525,125570,127385,131905,136350,137325,141090,142855,145815,147745,150665,152495,155480,156955,158210,159975,160740,164550,169805,175095,179925,184910,189940,194760,199900,201390,203440,204415,205870,207070,208650,210780,211900,213645]
resources/preprocessed/Interpolated/Andre_liegestuetzen1_13_10_2020_LeftArm.csv:[17016,19606,21401,23141,24841,26516,28176,29836,31416,33046,34601,36286,37906,39511,41151,42806,44471,46161,47881,49636,51386,53341,55306,57421,59661,61356]
resources/preprocessed/Interpolated/2020-07-02_13.00.09_LeftArm.csv:[27759,28743,30703,32799,34571,36475,38739,40475,42515,44495,48911,49715,53931]
resources/preprocessed/Interpolated/Andre_liegestuetzen3_13_10_2020_LeftArm.csv:[30998,33633,35233,36888,38498,40093,41733,43413,45083,46828,48588,50758,52803,55133,57648,59483,62013]
resources/preprocessed/Interpolated/Lukas_liegestuetzen1_13_10_2020_LeftArm.csv:[38000,40720,42540,44385,46125,47855,49635,51430,53285,55205,57090,58885,60795,62540,64430,66380,68240,70070,72045,73790,75540,77245,79000,80905,82440]
resources/preprocessed/Interpolated/Andre_Squats2_13_10_2020_LeftArm.csv:[47860,50435,52735,54960,57245,59630,62020,64410,67055,71185,72705,74045,78790,82180,83260,84685,88765,90445,93415,96050,97320,103200,104315,106785,109970,113825,117260,119435,120745,122525,125440,127335,130220,131985,136385,138030,141070,142810,145765,147805,151410,155320,158185,159845,160790,164900,166970,169805,175195,179935,184895,186770,187705,189900,191470,192485,194895,199850,201415,202130,204380,205785,208640,210910,211940,213995]
resources/preprocessed/Interpolated/Andre_Squats_13_10_2020_Belly.csv:[60996,64226,68351,73456,75436,78781,80311,81616,83826,85276,88811,90371,91701,93861,96976,99031,100411,101411,103981,105426,106926,108811,110516,111756,113781,115276,118491,120136,123106,124816,125856,127221,129616,131986,134371,136746,139136,141596,144116,146461,148881,151201,153646,156061,158536]
resources/preprocessed/Interpolated/Andre_liegestuetzen2_13_10_2020_Chest.csv:[40591,42506,44061,45721,47361,49106,50761,52481,54171,55966,57816,59611,61451,63401,65326,67486,69691,72161,74821,76696,79996]
resources/preprocessed/Interpolated/Andre_liegestuetzen2_13_10_2020_LeftArm.csv:[39996,42496,44051,45701,47341,49116,50756,52476,54151,55976,57831,59606,61466,63386,65396,67511,69761,71416,74021,76541]
resources/preprocessed/Interpolated/Lukas_liegestuetzen3_13_10_2020_LeftArm.csv:[10996,13561,15481,16771,17936,19251,20691,22106,23556,25091,26796,28316]
resources/preprocessed/Interpolated/Andre_liegestuetzen1_13_10_2020_Chest.csv:[16996,19651,21441,23146,24856,26526,28196,29861,31431,33046,34621,36281,37911,39526,41136,42811,44461,46156,47871,49621,51391,53291,55241,57391,59591,61406,64391,66996]
resources/preprocessed/Interpolated/Andre_liegestuetzen2_13_10_2020_RightArm.csv:[39996,42426,44046,45681,47316,49086,50751,52456,54136,55961,57791,59586,61436,63456,65256,67526,69356,71391,74136,76606]
resources/preprocessed/Interpolated/2020-07-02_12.50.00_Belly.csv:[16387,19787,21631,23463,25803,27751,29831,31855,33875,35775,38179,40151,42687,44783,46847,49423,52039,53519,55031,57503,58715,60107,61435]
resources/preprocessed/Interpolated/Andre_liegestuetzen3_13_10_2020_Belly.csv:[31883,33623,35218,36883,38493,40098,41728,43403,45098,46818,48558,50693,52803,55003,57458,59508,61988,64783]
resources/preprocessed/Interpolated/Andre_Squats_13_10_2020_Chest.csv:[60996,64231,65016,68296,70711,73471,75456,78776,80296,81261,83821,85271,88811,90401,91576,93816,96676,99031,100416,101561,103981,105451,106891,108811,110541,111716,113791,115286,118516,120126,123151,124786,125761,127246,127936,129621,132001,132841,134391,136766,139141,139866,141611,142421,144121,146466,147196,148876,151211,153651,154456,156051,156751,158536]
resources/preprocessed/Interpolated/Jan_liegestuetzen1_13_10_2020_LeftArm.csv:[84900,94600,98550,101840,106280,110160,114255,118235,121190,124920,128940,133475,136315,140070,143885,147825,151250,155570,159615,163845,167485,171035,174340,178130,180980,182715]
