resources/preprocessed/Interpolated/Lukas_liegestuetzen3_13_10_2020_RightArm.csv:[11976,13691,15351,16431,17681,18976,20441,21856,23171,24906,26651]
resources/preprocessed/Interpolated/Lukas_liegestuetzen3_13_10_2020_Chest.csv:[11901,13546,17661,18971,20426,21806,23086,24556,26321,28711]
resources/preprocessed/Interpolated/Lukas_liegestuetzen3_13_10_2020_Belly.csv:[10996,13716,16811,19246,20441,21621,22711,24566,25691,26626,28796]
resources/preprocessed/Interpolated/Lukas_liegestuetzen2_13_10_2020_RightArm.csv:[36755,38305,39885,41425,42935,44705,46405,48175,49840,51500,53170,54770,56315,57950,59675,61525,64070,67195,70150,71485,72635]
resources/preprocessed/Interpolated/Lukas_liegestuetzen2_13_10_2020_LeftArm.csv:[36655,38285,39725,41300,42780,44690,46265,48175,49835,51260,53175,54660,56115,57970,59590,61515,64035,67165,70110,71490,73795]
resources/preprocessed/Interpolated/Lukas_liegestuetzen2_13_10_2020_Chest.csv:[36690,37925,39675,41290,43320,44430,46330,47775,48980,51635,53030,54595,56060,57795,59450,61285,65585,66965,68845,71500]
resources/preprocessed/Interpolated/Lukas_liegestuetzen2_13_10_2020_Belly.csv:[36000,36995,38145,39680,41340,42950,44340,46345,47870,49825,51530,54685,56025,57805,59375,61185,62585,63900,65595,67910,70010,71555,73090]
resources/preprocessed/Interpolated/Lukas_liegestuetzen1_13_10_2020_Belly.csv:[39130,40770,42560,44485,45870,47895,49730,51655,53340,55315,56965,58725,60825,62475,64455,66480,69130,70135,72530,73810,75450,77945,79030,79965,82825]
resources/preprocessed/Interpolated/Jan_liegestuetzen3_13_10_2020_RightArm.csv:[35915,37105,38650,40030,41470,42960,44315,45665,47140,48750,50540,52295,54230,56385]
resources/preprocessed/Interpolated/Jan_liegestuetzen3_13_10_2020_LeftArm.csv:[34000,35905,37200,38610,40080,41445,42925,44330,45670,47085,48720,50545,52305,54195,56225]
resources/preprocessed/Interpolated/Jan_liegestuetzen3_13_10_2020_Belly.csv:[34270,35470,37255,38795,40180,41580,43290,44505,45855,47280,48870,50555,52420,54370,56790]
resources/preprocessed/Interpolated/Jan_liegestuetzen2_13_10_2020_RightArm.csv:[19046,20261,21581,22881,24241,25626,26946,28391,29766,31171,32621,34041,35421,37081,38796,40411,42251,44121,46386,48556,49776,50836]
resources/preprocessed/Interpolated/Jan_liegestuetzen2_13_10_2020_Chest.csv:[16996,18756,20026,21561,22931,24266,25481,27031,28406,29711,31131,32611,34076,35361,37081,38836,40391,42266,44121,46456,48971,50676]
resources/preprocessed/Interpolated/Jan_liegestuetzen2_13_10_2020_Belly.csv:[16996,18736,20326,21686,23086,24411,25706,26991,28501,29826,31241,32671,34066,35591,37121,38841,40496,42306,44231,46511,49006,50451]
resources/preprocessed/Interpolated/2020-07-02_14.59.59_LeftArm.csv:[74787,75907,77047,78243,79419,80363,81687,82759,84159,85347,86503,87499,88943,91439,92859,94103,95583,96959,97923]
resources/preprocessed/Interpolated/Andre_liegestuetzen2_13_10_2020_Belly.csv:[41766,43626,45301,46496,48596,50251,51756,53786,55236,56991,58766,61091,62371,64466,66431,68571,70731,72071,73341,76366,77581,79996]
resources/preprocessed/Interpolated/Jan_liegestuetzen1_13_10_2020_RightArm.csv:[87230,89925,90880,94800,97645,98685,101590,102475,106515,109270,110300,114155,118150,121370,122365,125365,126310,129830,132830,133870,137620,141245,144420,148820,153020,156935,160310,161270,165570,168580,172170,176425,178525,180650,182850,183900]
resources/preprocessed/Interpolated/2020-07-02_14.59.59_Chest.csv:[74815,75703,77203,79359,80807,81723,83107,84127,85523,86483,88015,89543,90515,91543,94883,97555,99063]
resources/preprocessed/Interpolated/2020-07-02_15.13.22_Belly.csv:[23971,25815,26923,27687,28687,29607,30635,31695,32795,33723,34811,35867,37211,38259,39655,40435,42607,44123,45203,46867,47819,50271,51391,53135,55599,56735,58979,60295,62851,64235,65523]
resources/preprocessed/Interpolated/2020-07-02_15.13.22_RightArm.csv:[25099,25995,26879,28591,29675,30639,31727,32747,33843,34903,36059,37103,38287,39303,40615,41615,43019,44115,45735,46831,48387,49595,51063,52403,53547,55427,57439,58979,60279,62859,64195,65095]
resources/preprocessed/Interpolated/Lukas_liegestuetzen1_13_10_2020_Chest.csv:[39165,40550,42450,44135,45705,47645,49455,50605,51390,53080,54915,57110,58850,60700,62205,64430,65495,66355,67815,70085,71770,73070,75470,77165,78975,82735]
resources/preprocessed/Interpolated/Jan_liegestuetzen1_13_10_2020_Chest.csv:[85160,86875,90150,94280,98515,102430,106405,109855,113785,117810,120515,121870,123260,125790,129425,133310,136980,140655,144545,148245,150800,152445,156390,158835,160850,163410,165255,167075,168525,172225,176045,178755,180530,183495]
resources/preprocessed/Interpolated/2020-07-02_14.20.28_RightArm.csv:[62387,63499,64511,65575,66735,67883,68975,70103,71247,72443,73627,74807,76111,77535,79091,80583,82363,84007]
resources/preprocessed/Interpolated/2020-07-02_14.20.28_Belly.csv:[62707,64259,65287,66887,69019,70123,71299,72483,73619,74835,76151,77475,78975,79775,80479,81267,82207,83087,84007]
resources/preprocessed/Interpolated/2020-07-02_14.14.32_RightArm.csv:[33699,34735,36079,37347,38459,39747,41279,42595,43999,45415,46599,48127,49499,50923,52335,53747,55199,56803,58443,60259,62295,64667]
resources/preprocessed/Interpolated/2020-07-02_15.13.22_LeftArm.csv:[25167,26799,28727,29671,30703,31643,32711,33711,34879,35999,37115,38287,39379,40647,41583,43119,44183,45739,46791,48359,49635,50571,52375,53487,55483,56767,57439,58955,60263,62851,64159]
resources/preprocessed/Interpolated/2020-07-02_14.14.32_Belly.csv:[32911,34431,35191,36255,37887,38631,39923,41443,42635,44067,45391,46671,48151,49659,50947,52803,53831,55195,56871,58671,60355,62007,64751]
resources/preprocessed/Interpolated/2020-07-02_14.59.59_RightArm.csv:[74831,75831,77027,78239,79331,80427,81791,82807,84211,85419,86523,87623,88891,90363,91459,92919,94147,95663,96935,98403,99715]
resources/preprocessed/Interpolated/Jan_liegestuetzen3_13_10_2020_Chest.csv:[34000,35660,37140,38520,40135,41580,42835,44425,45820,47170,48805,50595,52360,54300,56810]
resources/preprocessed/Interpolated/2020-07-02_14.20.28_LeftArm.csv:[62395,63459,64523,65559,66727,67859,68939,70099,71251,72427,73607,74787,76047,77439,78951,80427,82359,83959]
resources/preprocessed/Interpolated/2020-07-02_13.00.09_Belly.csv:[26999,28147,29231,30747,31759,32731,33723,34671,35683,36479,37719,39603,40415,41727,42631,43795,44715,46239,47063,49283,50755,51671,53279,54495,56103,57287,58175,59523,60603,61939]
resources/preprocessed/Interpolated/2020-07-02_14.14.32_LeftArm.csv:[32723,33703,34739,36063,37343,38455,39723,41111,42575,43975,45379,46507,48083,49455,50755,52295,53695,55035,56707,58367,60251,62263,64611]
resources/preprocessed/Interpolated/2020-07-02_11.17.39_Belly.csv:[59379,61099,62123,64539,66147,67175,67831,68675,69535,70651,71439,73095,74891,76127,78495,79551,81495,82263,83135,84247,85223,86147,87251,88243,89487,90639,91411,92735,93839,95011,96203,97611,98791,100343,101323,104051,107603]
resources/preprocessed/Interpolated/Andre_liegestuetzen3_13_10_2020_Chest.csv:[31778,32753,34363,36713,38298,39928,41088,43203,44843,46738,48128,50623,52338,54568,57338,58918,59918,62268,65138]
resources/preprocessed/Interpolated/2020-07-02_11.17.39_Chest.csv:[58711,59551,61647,63579,64503,65311,67031,68763,70355,71275,72299,73967,75671,77659,78515,79623,80371,81211,82351,83119,84183,85167,86931,88183,89307,90651,91499,92659,93655,94851,96003,97515,98687,100147,101119,102759,103851,105167,107599]
resources/preprocessed/Interpolated/Jan_liegestuetzen1_13_10_2020_Belly.csv:[85055,88295,91250,93420,96255,99040,100460,103905,106540,110670,112140,113475,114465,116075,118330,120210,121405,122660,124210,125500,127870,130240,131780,132935,133885,135525,137650,139330,141300,143015,145265,146950,148975,150650,153095,154670,157040,158630,161415,163195,165555,166855,168935,170375,172485,173825,176485,178295,180965]
resources/preprocessed/Interpolated/2020-07-02_11.17.39_LeftArm.csv:[58291,59427,61207,62867,64551,66235,67943,69619,71427,73191,73855,75039,76823,78623,80491,81179,82399,84335,84991,86871,88303,89455,90647,91395,92783,93579,95123,96003,97707,98487,101047,103691,105143,107303]
resources/preprocessed/Interpolated/2020-07-02_14.59.59_Belly.csv:[74147,74967,75843,77003,77919,79419,80395,82091,82759,84247,85179,87339,89859,92431,94867,97659]
resources/preprocessed/Interpolated/Andre_Squats_13_10_2020_LeftArm.csv:[62326,63711,64866,67811,68951,72681,74821,77891,80211,82811,84891,87761,89911,93611,95371,98701,99841,103031,105161,108161,110451,112811,115191,117781,119961,122221,124651,126571,127481,128926,131351,132266,133721,134631,136086,136946,138516,139436,140971,142031,143426,144356,145846,146916,148186,149206,150606,151581,153056,154046,155516,156511,157831,158896]
resources/preprocessed/Interpolated/2020-07-02_14.07.33_Chest.csv:[8765,10053,11401,12605,13861,15289,16589,17945,19069,20429,21877,23309,24573,25873,27333,28765,30225,31673,32805,33757,34545,35705,37393,38625,40753,42061,44085]
resources/preprocessed/Interpolated/2020-07-02_11.17.39_RightArm.csv:[58351,60011,61803,62871,64559,66231,68275,69619,71435,73191,75035,76819,78643,80527,82411,84335,85019,86867,88315,89427,91347,92811,93603,95131,95983,97723,98499,101075,103699,105119,107335]
resources/preprocessed/Interpolated/Andre_liegestuetzen3_13_10_2020_RightArm.csv:[31788,33538,34418,36823,38453,40018,40948,43323,45023,46768,48498,50628,52778,53798,54983,56103,57453,58453,60168,61303,62863,64238]
resources/preprocessed/Interpolated/2020-07-02_12.50.00_LeftArm.csv:[16431,17619,19027,19755,20895,22787,23847,24955,25891,26995,27871,29047,29967,31043,31923,33051,33999,35083,36143,37351,38307,39479,40691,41827,42739,43955,44931,46163,47291,48687,49775,51235,52291,54103,55087,56751,57431,59323,60095,62191,62995]
resources/preprocessed/Interpolated/2020-07-02_14.20.28_Chest.csv:[62723,64971,66463,68235,69371,70475,71667,72783,73995,75171,76683,78327,79551,81159,82195,83111]
resources/preprocessed/Interpolated/2020-07-02_14.07.33_RightArm.csv:[8693,9913,11177,12289,13817,15101,16421,17525,18765,20277,21657,23113,24253,25605,27001,28477,30037,31309,32761,34153,35665,37177,38801,40377,42217,44117]
resources/preprocessed/Interpolated/Lukas_liegestuetzen1_13_10_2020_RightArm.csv:[39180,40285,42535,44350,46090,47850,49580,50560,51405,53285,55225,57075,58855,60800,62640,64440,66395,68215,69105,70125,71985,73750,75490,77175,78955,80845]
resources/preprocessed/Interpolated/2020-07-02_14.07.33_Belly.csv:[7905,10089,11733,12481,13861,15177,16501,17653,18433,19045,20469,21749,23213,24569,25781,27277,28641,29997,31509,32857,34309,36157,37161,38793,40473,41977,44117]
resources/preprocessed/Interpolated/Andre_liegestuetzen1_13_10_2020_RightArm.csv:[17781,18831,19611,21386,23131,24781,26456,28221,29811,31386,32981,34586,36241,37881,39466,41076,42726,44161,46061,47561,48701,51086,53206,55211,56241,57356,59516,61236,62466,63651,65241,66986]
resources/preprocessed/Interpolated/2020-07-02_12.50.00_RightArm.csv:[17691,19051,19767,20911,22803,23795,24967,25895,26999,27835,29063,29963,31091,31919,33051,33931,35131,36123,37367,38255,39507,40655,41887,42695,44023,44915,46195,47279,48727,49783,51271,52235,54147,55119,56779,57455,59411,60107,62303,62995]
resources/preprocessed/Interpolated/Andre_Squats2_13_10_2020_Belly.csv:[49805,50815,52130,54280,55280,56690,59055,60070,61345,62455,63800,64825,66895,70345,75070,77590,80940,84690,85785,88140,92940,95610,98235,100230,102585,104850,107110,108960,112230,113910,116095,120500,124080,125765,128455,130925,133715,135740,137665,140260,142685,144810,147975,150350,154585,156935,159010,161380,164100,166895,168805,171180,174005,176425,179045,181710,184060,186360,189205,191345,193940,196115,198500,199885,201890,203625,205950,208380,210425,212870]
resources/preprocessed/Interpolated/2020-07-02_12.50.00_Chest.csv:[16343,17759,18583,19735,21271,22043,22983,24107,25107,26219,28103,30059,32151,34155,36415,37503,38331,39591,40899,41943,42931,44119,45163,46275,47495,48463,50063,51323,52439,53587,54271,55315,57587,59619,60363,61539,62383]
resources/preprocessed/Interpolated/2020-07-02_13.00.09_Chest.csv:[26999,28815,30191,31899,32763,33871,34583,35811,37731,38567,39683,40639,41799,42723,43867,44783,46119,47223,48755,50551,51807,53259,54595,55751,56711,57455,59483,60727,61595]
resources/preprocessed/Interpolated/2020-07-02_13.00.09_RightArm.csv:[26999,28127,28979,29983,30759,31879,32599,33767,34531,35707,37627,38383,39663,40391,41743,44499,46243,46923,49167,50819,51647,53435,54327,57231,58827,60735]
resources/preprocessed/Interpolated/2020-07-02_15.13.22_Chest.csv:[24171,25231,25863,26879,28779,29443,31523,32787,33599,34763,35767,37307,37975,39491,40235,41759,42667,44151,45239,46735,47827,49775,50543,52387,53315,55751,56787,59251,60235,61467,62899,64167,65755]
resources/preprocessed/Interpolated/Andre_liegestuetzen1_13_10_2020_Belly.csv:[17746,18831,21436,22621,24026,24881,26546,29536,31576,33026,33846,36006,37631,39126,41031,42666,43611,45971,47396,48926,51021,52566,55076,56371,57371,58651,61321,63556,65231,66641]
resources/preprocessed/Interpolated/2020-07-02_15.31.36_Belly.csv:[72499,73735,75335,79479,80743,81839,83503,85875,87099,89223,91431,92711,93599,95083,96031,97367,98263,99435,100299,102759,105123,107719,110395,113263]
resources/preprocessed/Interpolated/Jan_liegestuetzen2_13_10_2020_LeftArm.csv:[19011,20301,21596,22856,24191,25536,26916,28376,29641,31021,32496,33951,35456,37016,38726,40376,42196,44126,46321,48426,49856]
resources/preprocessed/Interpolated/2020-07-02_15.31.36_Chest.csv:[72595,73743,76023,80055,81983,83379,84759,85791,86931,89163,91395,92783,93607,94931,95899,97399,100363,101839,102787,104355,105307,107919,110359,111631,113279]
resources/preprocessed/Interpolated/Andre_Squats_13_10_2020_RightArm.csv:[62261,63726,64871,67391,69831,72681,74851,77891,80231,82931,85271,87851,89571,93351,95431,98251,100256,103036,105336,108171,110591,112761,115451,118221,120061,122211,124681,126571,127556,128851,129976,131351,132321,133731,134716,137006,138521,139511,141011,142051,143501,144461,145891,146936,148196,149226,150646,151571,153016,154096,155411,156536,157851,158931]
resources/preprocessed/Interpolated/2020-07-02_14.14.32_Chest.csv:[32979,35147,36411,37551,38883,40135,41499,42919,44107,45651,47543,48351,49639,50391,51123,52831,53623,54683,56211,57151,58307,59671,60527,62391,63899,64775]
resources/preprocessed/Interpolated/2020-07-02_15.31.36_LeftArm.csv:[72699,73735,75823,77767,80235,81751,83547,85843,87159,88383,89259,90515,91451,92751,93659,95015,96251,97207,98471,99527,101891,103411,104383,105359,106999,108475,109731,111099,112443,113287]
resources/preprocessed/Interpolated/2020-07-02_15.31.36_RightArm.csv:[72435,73739,76515,77911,80147,81803,83491,85771,87207,88355,89283,90515,91671,92683,93847,94923,96203,97155,98543,99455,100759,101851,103291,104395,105807,107011,108447,109671,111083,112427,113975]
resources/preprocessed/Interpolated/Andre_Squats2_13_10_2020_Chest.csv:[48750,49865,50805,52150,53135,54340,55350,56635,57645,59055,60110,61385,62475,63750,64795,66715,69835,70855,73720,74845,78415,81640,84805,87940,90835,92140,93295,95635,99040,100060,102865,104860,108090,109755,111660,113640,114750,116735,119615,121340,122470,123740,126340,128420,131245,133305,135855,138000,140755,142600,145435,147585,150345,152295,155160,156860,159765,161695,164410,167000,168805,171185,174690,176975,179565,181685,184510,186930,189485,191165,194340,196120,199500,203835,206135,208685,211065,213630]
resources/preprocessed/Interpolated/2020-07-02_14.07.33_LeftArm.csv:[8681,9929,11177,12297,13813,15097,16453,17593,18837,20285,21657,23069,24277,25609,27129,28377,29897,31313,32697,34153,35629,37117,38765,40345,42021,44069]
resources/preprocessed/Interpolated/Andre_Squats2_13_10_2020_RightArm.csv:[48575,49705,50935,52030,53115,54335,55365,56560,57650,58940,60120,61340,62480,63730,64850,66565,69880,73990,77620,81265,84625,88390,91910,96040,98965,102115,103255,105460,108835,110170,113650,115360,116530,117745,120435,121605,123390,126360,128380,130995,133375,135520,138025,140080,142850,144975,147520,149900,151890,154530,157035,159960,161750,164060,166885,168865,171225,173965,176880,178880,181775,183845,186870,188860,191675,193905,196390,198565,201330,203010,206075,208575,210830,212680]
resources/preprocessed/Interpolated/Andre_liegestuetzen1_13_10_2020_LeftArm.csv:[17761,19586,21081,22796,24776,26461,27366,29496,31361,32711,34261,35876,37591,39141,40786,42701,44376,46051,47571,49511,51001,52971,55201,57316,58686,59496,61226,62441,65221,66996]
resources/preprocessed/Interpolated/2020-07-02_13.00.09_LeftArm.csv:[26999,28143,29027,29979,30787,31875,32643,33731,34547,35703,36455,37671,39659,40411,41747,43819,44527,46207,49123,50763,51631,53327,54391,56199,57203,59419,60771]
resources/preprocessed/Interpolated/Andre_liegestuetzen3_13_10_2020_LeftArm.csv:[31798,33188,34443,36463,38138,39738,41413,43063,45013,46763,48238,50638,52493,55008,57453,58763,60158,61353,62823,64403]
resources/preprocessed/Interpolated/Lukas_liegestuetzen1_13_10_2020_LeftArm.csv:[39160,40395,42525,44175,46090,47790,49435,51380,53260,55190,57080,58835,60785,62600,64400,66395,68205,70125,71980,73720,75505,77165,78960,80825,82335]
resources/preprocessed/Interpolated/Andre_Squats2_13_10_2020_LeftArm.csv:[48565,49785,50930,52025,53170,54335,55380,56600,57695,58980,60140,61345,62320,63720,64705,66750,70145,73910,77455,80980,84685,88380,92080,95260,99025,103045,105145,106345,109455,113785,116260,118015,120025,121625,123505,125670,126765,128240,131065,132955,135620,137820,140170,142900,145395,147535,149905,151685,154660,157050,159270,161525,164155,165885,168780,171415,174345,176955,178940,181370,183855,186800,188730,190950,193915,196200,198650,200170,203020,205435,208685,211105,212830]
resources/preprocessed/Interpolated/Andre_Squats_13_10_2020_Belly.csv:[62021,63651,64756,67556,69341,72751,74926,78031,80011,83051,84971,88051,90161,93061,95171,98301,100181,103181,105231,108191,110241,113001,115061,117861,120791,122421,124491,126596,128921,130041,131396,132546,133806,134836,136126,137246,138541,139751,141036,142111,143491,144521,145891,148146,149306,150606,151776,153026,155406,156581,157916,158996]
resources/preprocessed/Interpolated/Andre_liegestuetzen2_13_10_2020_Chest.csv:[40071,42361,43956,45476,47291,48926,50581,52381,54116,55131,56771,57691,59436,61366,63001,64871,67131,68296,69556,70546,73046,74216,75751,77661,79076]
resources/preprocessed/Interpolated/Andre_liegestuetzen2_13_10_2020_LeftArm.csv:[40466,42141,43701,45376,47011,48711,50451,52176,53851,55636,57736,59286,61156,63351,64971,67321,69636,72051,73726,74741,76666,77756,79621]
resources/preprocessed/Interpolated/Lukas_liegestuetzen3_13_10_2020_LeftArm.csv:[11971,13691,15286,16421,17631,18896,20416,21861,23261,24911,26656]
resources/preprocessed/Interpolated/Andre_liegestuetzen1_13_10_2020_Chest.csv:[17531,19236,21126,22566,24551,26191,27951,29861,31381,32811,34406,35971,37606,39421,41041,42731,44256,45871,47486,49286,51281,53121,55096,57316,59171,60746,62241,63676,65216,66996]
resources/preprocessed/Interpolated/Andre_liegestuetzen2_13_10_2020_RightArm.csv:[40766,42451,44016,45686,47341,49076,50701,52436,54111,55926,57791,59531,61381,63366,64326,65241,67461,68541,69671,72091,73316,74766,76471,77771,79456]
resources/preprocessed/Interpolated/2020-07-02_12.50.00_Belly.csv:[16067,17559,18791,19755,20619,22667,24739,26471,28059,28987,29991,32615,34679,36319,37327,38375,39459,41099,41783,43051,43931,45043,46083,47855,49875,51163,52355,54059,55147,56719,57431,58283,59363,60391,62147,62995]
resources/preprocessed/Interpolated/Andre_liegestuetzen3_13_10_2020_Belly.csv:[31588,32823,34413,35243,36403,37688,39263,41068,43148,44308,46688,47813,50198,52658,53773,56553,59123,60313,61438,62648,65183]
resources/preprocessed/Interpolated/Andre_Squats_13_10_2020_Chest.csv:[62141,63741,64756,67571,69171,73271,75166,78516,80236,83616,84916,88556,90176,93636,94976,98786,100276,101596,103646,105346,108676,110406,113496,115116,118126,119986,122846,124256,126641,128996,129976,131361,132576,133751,134781,136126,137236,138546,139786,140991,142101,143526,145891,147046,148216,149221,150606,151621,153086,154111,155456,156546,157901,158996]
resources/preprocessed/Interpolated/Jan_liegestuetzen1_13_10_2020_LeftArm.csv:[86710,89500,90890,94640,97640,98620,101605,102740,106555,110275,113250,114145,118080,121315,122340,125595,129000,129975,133310,137390,141100,144990,148730,152775,156870,158760,161145,165225,168565,172235,176020,178785,180785,183745]
