resources/preprocessed/Interpolated/Lukas_liegestuetzen3_13_10_2020_RightArm.csv:[10996,12131,12881,13896,14681,15496,16131,16761,17986,19281,20711,22141,23526,25116,26816,27486,28306]
resources/preprocessed/Interpolated/Lukas_liegestuetzen3_13_10_2020_Chest.csv:[11011,12136,12866,13916,14666,15491,16141,16776,17986,19276,19911,20701,22136,23536,25091,26816,27491,28271]
resources/preprocessed/Interpolated/Lukas_liegestuetzen3_13_10_2020_Belly.csv:[11561,12861,13936,14691,15486,16146,16781,17996,19291,19921,20691,22141,23526,24156,25096,26796,27491,28241]
resources/preprocessed/Interpolated/Lukas_liegestuetzen2_13_10_2020_RightArm.csv:[36335,37560,38380,39200,39975,40715,41510,42255,43050,43790,44710,45550,46480,47260,48235,49000,49910,50685,51610,52325,53260,53965,54830,55535,56405,57100,58040,58775,59735,60430,61630,62295,63125,63775,64865,65720,66875,67985,68840,70340,71675,72905,73995]
resources/preprocessed/Interpolated/Lukas_liegestuetzen2_13_10_2020_LeftArm.csv:[36180,36965,38350,39195,39955,40705,41470,42265,43025,43770,44790,45550,46475,47235,48230,49000,49895,50670,51595,52340,53275,53975,54845,55525,56395,57095,58060,58750,59780,60420,61640,62275,63095,63760,64850,65720,66825,67975,68755,69450,70355,71600,72995,73735]
resources/preprocessed/Interpolated/Lukas_liegestuetzen2_13_10_2020_Chest.csv:[36330,37590,38380,39195,39990,40720,41520,42265,43065,43785,44805,45565,46500,47250,48255,49000,49905,50675,51600,52325,53270,53970,54865,55550,56405,57105,58050,58755,59765,60430,61630,62295,63095,63795,64850,65695,66880,67980,68845,69815,70930,71685,73025,73715]
resources/preprocessed/Interpolated/Lukas_liegestuetzen2_13_10_2020_Belly.csv:[36400,37610,38375,39180,39985,40720,41510,42270,43065,43780,44800,45560,46490,47235,48280,48990,49920,50670,51605,52305,53270,53945,54860,55540,56390,57095,58040,58750,59765,60425,61620,62295,63075,63825,64845,65680,66885,67965,68810,69880,70940,71620,72935,73705]
resources/preprocessed/Interpolated/Lukas_liegestuetzen1_13_10_2020_Chest.csv:[38445,39270,40110,40825,41765,42580,43580,44410,45255,46150,47005,47890,48715,49670,50485,51440,52305,53310,54195,55210,56100,57110,57910,58895,59735,60845,61655,62680,63465,64465,65250,66420,67190,68245,69100,70120,71015,72040,72810,73790,74545,75550,76300,77265,77970,79010,79765,80900,81625,83055,83995]
resources/preprocessed/Interpolated/Lukas_liegestuetzen1_13_10_2020_Belly.csv:[38000,39320,40095,40830,41760,42620,43595,44420,45270,46175,46990,47895,48730,49670,50480,51440,52315,53315,54225,55245,56095,57100,57905,58910,59735,60875,61640,62720,63450,64480,65240,66420,67175,68255,69085,70140,71005,72050,72805,73820,74545,75570,76305,77270,77960,79030,79765,80910,81630,83090,83995]
resources/preprocessed/Interpolated/Jan_liegestuetzen3_13_10_2020_RightArm.csv:[34285,35595,36725,37480,38125,38950,39645,40405,41815,42450,43265,43920,44700,46045,46680,47485,49035,49665,50725,51410,52580,53225,54560,55235,55920,56995]
resources/preprocessed/Interpolated/Jan_liegestuetzen3_13_10_2020_LeftArm.csv:[34000,36655,37495,38125,38990,39655,40425,41815,42450,43295,43925,44695,46080,47515,49075,50840,52580,54585,55245,55970,56870]
resources/preprocessed/Interpolated/Jan_liegestuetzen3_13_10_2020_Belly.csv:[34025,34990,35995,36745,37525,38175,38965,39665,40430,41075,41815,42470,43275,43935,44710,45355,46070,46715,47505,48140,49080,49715,50810,51460,52600,53240,54550,55245,55935,56710]
resources/preprocessed/Interpolated/Jan_liegestuetzen2_13_10_2020_RightArm.csv:[17126,18026,18811,19816,20566,21941,23211,23881,24626,25941,27266,27906,28696,30046,31466,32871,34301,35801,36446,37371,39021,40616,41276,42501,43146,44381,45036,45741,46691,47411,48106,49121,49951,50816]
resources/preprocessed/Interpolated/Jan_liegestuetzen2_13_10_2020_Chest.csv:[17416,18651,19821,20571,21211,21951,23291,23941,24631,25951,26586,27286,27936,28706,30091,31476,32891,34306,35816,36461,37371,38011,39041,40681,41321,42511,43161,44416,45056,46251,47416,48126,49211,50296]
resources/preprocessed/Interpolated/Jan_liegestuetzen2_13_10_2020_Belly.csv:[17266,18581,19806,20566,21221,21936,22586,23296,23961,24626,25946,26596,27286,27956,28696,30091,30721,31466,32111,32876,34291,35801,36451,37366,38006,39016,39651,40676,41311,42476,43146,44376,45041,46226,47391,48096,48966,49726,50361]
resources/preprocessed/Interpolated/Andre_liegestuetzen3_13_10_2020_RightArm.csv:[31003,31888,32783,33608,34433,35208,36043,36853,37683,38483,39268,40078,40888,41718,42488,43408,44188,45103,45878,46813,47628,48563,49463,50683,51678,52783,53763,55103,55988,57653,58363,59293,60308,61213,62223,63073,63943,64793,65433]
resources/preprocessed/Interpolated/2020-07-02_14.20.28_RightArm.csv:[61995,62791,63675,64307,64879,65423,65939,66487,67503,68179,68715,69295,69815,70847,71531,72063,72751,73295,73883,74471,75059,75615,76379,76955,77783,78391,79259,79835,80719,81359,82539,83135,83963]
resources/preprocessed/Interpolated/2020-07-02_14.20.28_Belly.csv:[61995,62703,63375,64303,64867,65431,65935,66535,67055,67687,68783,69311,69891,70431,71007,71579,72175,72763,73363,73947,74551,75123,75727,76383,76995,77759,78411,79235,79843,80703,81379,82519,83131,84007]
resources/preprocessed/Interpolated/2020-07-02_14.14.32_RightArm.csv:[32003,32923,33907,34491,35051,35619,36271,36887,37551,38175,38831,39435,40067,40691,41419,42031,42787,43391,44131,44791,45563,46195,46935,47567,48303,48919,49671,50303,51091,51691,52503,53099,53911,54495,55367,55971,56919,57535,58275,59227,60427,61051,62455,63075,63763,64887]
resources/preprocessed/Interpolated/2020-07-02_15.13.22_LeftArm.csv:[23099,24531,25199,26003,26779,27647,28699,29643,30623,31635,32835,33627,34995,35879,36739,37983,39455,40055,41731,42707,44283,45343,46951,47935,48931,49775,50567,51603,52179,53431,54707,55219,56363,57279,58087,58747,60499,61667,62475,63015,63587,64475,65607]
resources/preprocessed/Interpolated/2020-07-02_14.14.32_Belly.csv:[32031,32951,33899,34487,35051,35643,36271,36911,37539,38207,38811,39475,40087,40771,41431,42079,42747,43431,44143,44823,45551,46219,46911,47579,48267,48923,49631,50287,51055,51703,52479,53103,53883,54551,55339,55987,56859,57575,58539,59207,60379,61027,62367,63063,64807]
resources/preprocessed/Interpolated/2020-07-02_14.59.59_RightArm.csv:[73999,75031,75943,77171,78091,79371,80331,81199,81887,82687,83579,84295,85051,86587,87451,89135,89939,90931,91619,92495,93499,94315,95119,96311,97175,97967,99123,99995]
resources/preprocessed/Interpolated/2020-07-02_14.20.28_Chest.csv:[61995,62695,63687,64323,64883,65447,65955,66547,67087,67715,68783,69323,69903,70451,71023,71595,72179,72783,73379,73963,74571,75143,75739,76395,77019,77779,78427,79251,79859,80727,81419,82535,83163,84007]
resources/preprocessed/Interpolated/2020-07-02_14.07.33_RightArm.csv:[7129,7957,8833,9449,10017,10685,11337,12017,12649,13301,13977,14649,15265,15909,16565,17225,17857,18609,19729,20409,21049,21809,22457,23253,23925,24601,25213,25945,26577,27301,27937,28741,29397,30221,30853,31629,32253,33069,33673,34529,35109,35973,36585,37481,38045,38965,39621,40645,41233,42333,42937,43649]
resources/preprocessed/Interpolated/Lukas_liegestuetzen1_13_10_2020_RightArm.csv:[38000,39280,40105,40785,41760,42505,43560,44360,45240,46115,46985,47875,48715,49565,50475,51425,52310,53210,54205,55170,56110,57125,57920,58875,59750,60815,61665,62675,63470,64420,65270,66430,67220,68235,69120,70060,71030,72045,72820,73780,74560,75525,76315,77245,77980,78980,79780,80895,81660,82620,83530]
resources/preprocessed/Interpolated/2020-07-02_14.07.33_Belly.csv:[7005,7809,8853,9465,10097,10693,11345,12029,12637,13325,13973,14649,15281,15945,16577,17177,17845,18525,19165,19805,20449,21109,21821,22449,23237,23921,24585,25261,25941,26581,27297,27953,28713,29401,30193,30849,31597,32245,33025,33689,34445,35101,35937,36601,37421,38037,38929,39585,40605,41225,42309,42937,44117]
resources/preprocessed/Interpolated/2020-07-02_13.00.09_RightArm.csv:[26999,28163,28883,30035,30771,31903,32547,33203,33799,35655,36535,37411,38363,39251,40431,41539,42443,43483,44571,45299,47031,47887,48927,49943,51391,52315,52879,53955,55423,57391,58059,59751,60267,60875,61479,62003]
resources/preprocessed/Interpolated/Jan_liegestuetzen3_13_10_2020_Chest.csv:[34040,34990,36065,36735,37520,38165,38975,39670,40430,41060,41820,42460,43290,43940,44710,45340,46075,46720,47510,49085,49715,50830,51475,52595,53245,54575,55255,55950,56965]
resources/preprocessed/Interpolated/2020-07-02_14.20.28_LeftArm.csv:[61995,63071,63667,64307,64859,65407,65931,66503,67659,68651,69271,69787,70383,70891,71495,72043,72659,73243,73835,74415,75583,76331,76939,77699,78347,79187,79799,80667,81331,82063,83095,83891]
resources/preprocessed/Interpolated-Revised/Jan_liegestuetzen1_13_10_2020_edited_Belly.csv:[72001,72962,73652,74318,75564,76220,76881,77521,78172,78823,79488,80759,82046,82691,83372,84003,84728,85354,86015,87281,88507,89768,91015,92271,93532,94869,96205,97601,99123,100769,101415,102586,104518,105835,106765,108067,109058,110199,111450,112436,113177,114318]
resources/preprocessed/Interpolated/2020-07-02_12.50.00_LeftArm.csv:[16003,17143,17723,19051,19735,20907,21615,22783,23399,24963,25611,26935,27643,29027,29819,30919,31823,32875,33599,34971,35675,37203,38223,39367,40087,41727,42679,43783,44559,45983,46759,48383,49231,49995,50887,51807,53235,53935,55295,56167,57499,58471,60247,61099,62995]
resources/preprocessed/Interpolated/2020-07-02_13.00.09_Chest.csv:[26999,28195,28927,29887,30799,31759,32655,33463,34547,35455,36439,37467,38523,39451,40395,41575,42471,43447,44539,45299,46999,47979,49151,49999,51523,53003,54335,55335,57227,57995,60091,60883,61635,62411]
resources/preprocessed/Interpolated/2020-07-02_12.50.00_Chest.csv:[16391,17735,18995,19787,20867,21631,22727,23443,24923,25803,26883,27759,28967,29823,30907,31863,32831,33867,34939,35763,37195,38167,39343,40143,41691,42687,43747,44783,45939,46831,48351,49355,50855,51967,53147,53927,54987,56011,57499,58331,60115,61003,62995]
resources/preprocessed/Interpolated-Revised/Jan_liegestuetzen1_13_10_2020_edited_LeftArm.csv:[72081,72997,73647,74308,75574,76210,76851,78137,78772,79473,80734,82041,83367,84718,86005,87276,88537,89773,91020,92246,93527,94894,96200,97631,99118,100779,101435,102601,104553,106385,107351,108102,108752,110564,111200,112116,113252,114563]
resources/preprocessed/Interpolated-Revised/Jan_liegestuetzen1_13_10_2020_edited_RightArm.csv:[72001,73087,74323,75559,76185,76861,78182,78808,79468,80744,82046,83357,84723,86000,87271,88512,89763,91020,92266,93522,94859,96185,97606,99108,100759,101435,102151,103137,103787,105064,105779,106760,107972,108637,110444,111550,112316,113147,113817,114663]
resources/preprocessed/Interpolated/Andre_Squats2_13_10_2020_Belly.csv:[47500,48715,49725,50435,52020,52740,54275,54950,56555,57240,58940,59640,61315,62005,63675,64380,65960,67960,69505,70705,73365,74180,75450,76820,78830,80325,82260,83735,84570,86120,87310,88965,91190,92215,93470,94435,96080,96970,98095,99170,100620,101525,103215,104120,105160,106105,107440,108935,110020,111340,112125,113300,115435,116065,117130,118575,119265,120265,122790,123830,125985,127535,128660,130675,132035,132680,135400,136455,137275,137985,139870,141070,141880,142755,144720,145825,146885,147530,149670,150750,151445,152215,154130,155425,156055,156910,157640,158910,160000,160935,161640,163605,164955,166110,166845,168670,169810,171020,171965,173870,175090,175945,176765,178645,179930,180780,181690,183470,184905,185790,186685,188700,189915,190750,191630,193520,194800,195810,196530,198365,199800,200540,201280,203120,204380,205060,205840,206540,207790,209215,210090,210750,211970,212610,213995]
resources/preprocessed/Interpolated/2020-07-02_13.00.09_Belly.csv:[26999,28143,28907,29859,30787,31771,32659,33391,34547,35583,36447,37515,38555,39427,40407,41411,42451,43443,44519,45319,46999,47911,49135,49991,51599,52355,53115,54163,55427,57215,57971,60091,61067,61619,62411]
resources/preprocessed/Interpolated/2020-07-02_14.14.32_LeftArm.csv:[32003,32963,33895,34459,35027,35587,36243,36867,37531,38143,38787,39415,40067,40699,41423,42043,42747,43367,44131,44791,45531,46183,46875,47503,48263,48899,49603,50271,51051,51671,52467,53075,53847,54423,55291,55907,56863,57639,58631,59199,59975,60995,62467,63067,64491]
resources/preprocessed/Interpolated-Revised/Jan_liegestuetzen1_13_10_2020_edited_Chest.csv:[72526,73672,74318,75574,76220,76881,78177,78818,79478,80754,82056,82691,83372,84003,84728,86010,87281,88532,89778,91020,92261,93532,94889,96205,97626,99133,100789,101450,102601,104558,105870,106780,108057,108767,110574,111555,112256,113082,113888,114698]
resources/preprocessed/Interpolated/2020-07-02_11.17.39_Belly.csv:[58359,59211,60023,61183,61923,62779,63575,64555,65307,66195,66947,67899,68647,69539,70339,71299,72119,73167,73871,74907,75735,76619,77491,78491,79331,80311,81215,82239,83119,84111,85071,85991,86923,88087,88911,89543,90419,91427,92275,93643,94679,96067,97163,98567,99459,101195,102391,103011,103903,104447,105331,105943,106727,107507,108139]
resources/preprocessed/Interpolated/Andre_liegestuetzen3_13_10_2020_Chest.csv:[31068,31883,32793,33623,34433,35223,36043,36878,37678,38488,39263,40093,40878,41718,42473,43403,44178,45088,45858,46818,47623,48563,49438,50678,51678,52793,53758,55043,55978,57478,58348,59443,60233,61223,62908,63933,64838,65498]
resources/preprocessed/Interpolated/2020-07-02_11.17.39_Chest.csv:[58387,59311,60119,61191,61931,62799,63599,64539,65299,66195,66951,67899,68667,69583,70351,71363,72147,73175,73907,74891,75763,76671,77515,78503,79335,80375,81219,82275,83127,84123,85087,86043,86899,87971,88939,89563,90431,91447,92387,93619,94671,96095,97223,98539,99487,101151,102011,102639,103875,104579,105967,106775,107519,108139]
resources/preprocessed/Interpolated/2020-07-02_11.17.39_LeftArm.csv:[58227,58739,59907,60523,61931,62771,63571,64507,65275,66255,66903,67963,68687,69655,70375,71375,72143,73163,73791,74811,75779,76603,77431,78603,79179,80527,81399,82267,83155,84131,85119,86023,86811,87723,88855,89627,90491,91447,92507,93615,94731,95987,97223,98567,99735,100795,102075,103831,104563,105983,106583,107579,108139]
resources/preprocessed/Interpolated/2020-07-02_14.59.59_Belly.csv:[73999,74871,76023,76995,77795,79403,80263,81779,82671,84235,85023,86575,87403,88419,89883,91503,92415,94223,95015,96351,97143,97935,99131,99995]
resources/preprocessed/Interpolated/Andre_Squats_13_10_2020_LeftArm.csv:[60996,62381,63491,64186,67041,68876,72111,73386,74456,75591,77421,78726,79481,80361,82501,83801,84781,87546,88786,89876,90606,92546,93741,94436,95366,97766,98981,100486,102691,103936,104861,105511,107656,108741,109516,110601,112601,113701,114826,117291,118406,119701,120431,121916,123141,124246,126521,127281,128156,128906,129661,131221,132046,132951,133676,134406,136016,136781,137621,138406,139126,140041,140871,141606,142546,143371,144116,145741,146431,147331,148161,148891,150446,151206,152881,153621,154606,155366,156021,157756,158536]
resources/preprocessed/Interpolated/2020-07-02_14.07.33_Chest.csv:[7005,8085,8869,9473,10101,10717,11349,12025,12645,13337,13989,14669,15289,15945,16589,17161,17845,18553,19161,19797,20465,21117,21837,22489,23265,23949,24609,25285,25961,26613,27321,27993,28741,29413,30213,30885,31625,32285,33061,33717,34493,35149,35973,36629,37469,38085,38969,39621,40653,41289,42349,42969,44117]
resources/preprocessed/Interpolated/2020-07-02_11.17.39_RightArm.csv:[58339,59267,59955,61191,61963,62851,63583,64587,65283,66199,66939,67879,68715,69555,70339,71383,72143,73155,73827,74919,75779,76631,77615,78511,79511,80415,81255,82267,83111,84123,85099,86187,86887,88119,88795,90379,91491,92387,93679,94691,95963,97227,98611,99695,100791,102015,103191,103875,104647,107611,108139]
resources/preprocessed/Interpolated/2020-07-02_14.59.59_Chest.csv:[73999,74863,75971,76963,77795,79415,80323,81779,82683,84271,85039,86591,87471,89059,89907,91531,92455,93583,94251,95139,96359,97151,97955,99199,99847]
resources/preprocessed/Interpolated/2020-07-02_14.59.59_LeftArm.csv:[73999,74923,75771,76587,78151,79491,80263,81179,81835,82687,84263,85051,85999,86655,87431,88687,89903,91575,92443,93491,94279,95095,96203,97179,97959,99023,99995]
resources/preprocessed/Interpolated/2020-07-02_12.50.00_RightArm.csv:[16043,16787,17727,19047,19771,20935,21651,22783,23443,24959,25615,26935,27759,28999,29791,30919,31955,32875,33847,34975,35731,37175,38187,39379,40119,40835,41723,42763,43763,44935,45971,46787,48399,49315,50907,51839,53211,53943,55195,56087,57531,58403,60187,61063,62995]
resources/preprocessed/Interpolated/Andre_liegestuetzen1_13_10_2020_RightArm.csv:[17166,17816,18796,19611,20551,21401,22326,23141,23981,24821,25681,26506,27316,28161,29046,29831,30631,31401,32186,33031,33791,34621,35416,36281,37071,37886,38686,39511,40276,41101,41891,42791,43561,44456,45226,46156,46941,47896,48686,49676,50431,51401,52191,53321,54076,55291,56116,57411,58226,59666,60576,62686,63561,65411,66281,66996]
resources/preprocessed/Interpolated/Andre_liegestuetzen2_13_10_2020_Belly.csv:[39996,41631,42516,43316,44071,44906,45726,46516,47361,48231,49116,49901,50766,51561,52481,53256,54176,54991,55971,56776,57811,58611,59611,60416,61446,62246,63396,64246,65321,66226,67476,68381,69621,70586,72151,73111,74816,75871,76586,77846,79181,79936]
resources/preprocessed/Interpolated/2020-07-02_15.13.22_Belly.csv:[23267,24323,25159,26019,26875,27683,28707,29559,30675,31603,32827,33619,34895,35731,37199,38027,39427,40067,41635,42635,44255,44887,45547,46891,47539,48083,49395,50527,51743,52551,53351,54795,55587,56371,58251,59103,59815,60643,61931,62507,63691,66011]
resources/preprocessed/Interpolated/2020-07-02_15.13.22_RightArm.csv:[23003,23999,24523,25099,25991,26883,27659,28415,29523,30759,31607,32859,33659,35051,35807,37227,38115,39455,40303,41719,42711,44291,45339,46943,47575,49051,49783,50567,52547,53499,54731,55235,56803,58151,58755,60443,61699,62499,63059,64227,64775,65719]
resources/preprocessed/Interpolated/2020-07-02_15.13.22_Chest.csv:[23203,24163,25139,26011,26891,27691,28727,29559,30691,31651,32819,33659,34979,35827,37203,37931,39439,40251,41651,42711,44267,44911,46907,47563,49047,49763,50559,51771,52551,53383,54795,55647,56411,58151,58735,59851,60471,61823,62523,64291,65747]
resources/preprocessed/Interpolated/Andre_liegestuetzen1_13_10_2020_Belly.csv:[17141,17791,18811,19651,20566,21436,22331,23146,23976,24841,25691,26516,27321,28186,29041,29861,30636,31416,32181,33026,33791,34616,35406,36266,37061,37896,38696,39521,40281,41116,41891,42796,43546,44451,45226,46146,46931,47846,48641,49601,50401,51386,52176,53266,54061,55246,56091,57421,58226,59606,60561,61276,62501,63536,65361,66266,66986]
resources/preprocessed/Interpolated/2020-07-02_15.31.36_Belly.csv:[72271,72847,73767,75219,76559,77103,78323,79399,80239,81735,82375,83019,83739,84823,85827,87263,88347,89203,90575,91419,92715,93627,94987,95835,97247,98095,99607,100439,101919,102771,104459,105295,106379,107131,107907,109471,110579,111807,112543,113279,113975]
resources/preprocessed/Interpolated/Jan_liegestuetzen2_13_10_2020_LeftArm.csv:[17191,18241,19236,20541,21941,23271,23911,24671,25946,27291,28691,30071,31471,32891,34296,35796,36436,37341,37976,39051,40676,41311,42511,43141,44446,45746,46716,47416,48126,49086,49961,50781]
resources/preprocessed/Interpolated/2020-07-02_15.31.36_Chest.csv:[72499,73223,74739,75923,76639,77263,77975,78543,79447,80247,81071,81791,82555,83099,83667,84675,85211,85791,87255,88419,89263,90627,91511,92731,93623,94987,95875,97251,98111,99631,100503,101967,102859,104531,105379,106435,107903,109191,110623,111843,112571,113355,113975]
resources/preprocessed/Interpolated/Andre_Squats_13_10_2020_RightArm.csv:[60996,62336,63476,64171,66831,68461,69611,72081,73466,74321,75691,77416,78711,79426,80346,82576,83741,84841,87386,88856,89871,92541,93716,94451,95306,97746,98931,102686,103946,104966,107621,108766,109481,110586,112526,113671,114916,117291,118376,119746,121956,123116,124321,126521,127316,128901,129661,131241,132066,132981,133671,134421,136011,136811,138406,139181,140871,141646,143376,144146,145741,146431,148151,148911,150451,151236,152891,153656,154616,155361,156036,157756,158551]
resources/preprocessed/Interpolated/2020-07-02_14.14.32_Chest.csv:[32387,32939,33903,34491,35063,35655,36283,36923,37563,38223,38827,39495,40107,40783,41451,42099,42783,43475,44179,44859,45583,46259,46931,47595,48299,48963,49671,50355,51099,51747,52519,53151,53915,54615,55391,56035,56911,57683,58591,59279,60423,61083,62443,63135,64879]
resources/preprocessed/Interpolated/2020-07-02_15.31.36_LeftArm.csv:[72559,73523,74175,74707,75967,76547,77135,77967,79311,80191,81055,81783,82395,83083,83651,84991,85879,87243,88395,89235,90067,91467,92771,93635,95147,95831,96739,98159,99155,100423,102023,102911,104511,105487,106343,107875,109815,110571,111799,112587,113395,113975]
resources/preprocessed/Interpolated/2020-07-02_15.31.36_RightArm.csv:[72271,73851,74903,76955,77947,78815,79575,80447,81819,83571,84603,85447,87243,88431,89263,90099,90679,91495,92347,93559,94975,95827,97235,98103,99191,100583,101999,102927,103823,104583,105459,106315,106891,108007,109191,110687,111327,112215,113339]
resources/preprocessed/Interpolated/Andre_Squats2_13_10_2020_Chest.csv:[47500,48735,49730,50435,52040,52740,54275,54945,56555,57240,58950,59640,61320,62005,63680,64380,65950,67950,69470,70760,73330,74110,75455,76825,78810,80270,82260,83740,84585,86085,87330,88980,92095,93435,94465,96070,96995,99160,100715,101550,103210,104170,105155,106175,107430,108930,110030,111355,112170,113240,115430,117125,118580,119310,120255,122840,123825,126010,127515,128625,130685,131990,132690,135375,136455,137290,137995,139895,141095,141935,142770,144710,145840,146880,147575,149715,150800,154135,155425,156110,156900,157635,158915,160010,160910,161660,163650,164960,166095,166850,168670,169860,171005,171960,173875,175125,175975,176770,178655,179945,180810,181680,183485,184920,185820,186670,188685,189945,190775,191640,193520,194860,195815,196525,198370,199805,200565,201280,203080,204390,205080,205845,206555,207785,209230,210060,210730,211365,212570,213995]
resources/preprocessed/Interpolated/2020-07-02_14.07.33_LeftArm.csv:[7129,8241,8869,9437,10085,10725,11381,12033,12641,13177,13933,14605,15277,15909,16577,17129,17817,18569,19177,19765,20429,21053,21801,22421,23261,23921,24565,25209,25917,26537,27273,27925,28725,29385,30185,30825,31593,32217,33001,33585,34441,35061,35897,36573,37433,38001,38933,39569,40509,41201,42329,42877,43937]
resources/preprocessed/Interpolated/Andre_Squats2_13_10_2020_RightArm.csv:[47500,48750,49710,50435,52050,52765,54260,54940,56545,57250,58930,59640,61305,62030,63665,64440,65960,67965,69625,70795,73395,74135,75410,77040,78670,80260,82240,83910,84660,86035,87345,88850,89760,91180,93085,94400,96100,96875,97975,98975,99660,100340,101575,103265,103895,104735,105970,107025,108535,109955,111120,112310,113155,114120,115000,117150,118705,120175,121185,122525,123465,125570,127385,128645,130610,131905,133435,135330,136350,137080,137985,139845,141090,142010,142855,144640,145815,146945,147745,149455,151470,152495,154130,155480,156955,158210,158935,159975,161285,163520,164550,166150,166860,168670,169805,170520,171215,172010,173800,175095,175970,176725,177675,178555,179925,180590,181300,183480,184910,185660,186715,188565,189940,191160,193535,194760,196020,198350,199900,200850,202955,204415,205870,206550,207805,209435,210175,211370,212535,213995]
resources/preprocessed/Interpolated/Andre_liegestuetzen1_13_10_2020_LeftArm.csv:[17136,17821,18791,19606,20516,21401,22311,23141,23976,24841,25661,26516,27301,28176,29026,29836,30621,31416,32171,33046,33791,34601,35396,36286,37056,37906,38676,39511,40271,41151,41891,42806,43546,44471,45221,46161,46936,47881,48651,49636,50406,51386,52176,53341,54081,55306,56096,57421,58221,59661,60551,62581,63556,65391,66266,66996]
resources/preprocessed/Interpolated/2020-07-02_13.00.09_LeftArm.csv:[26999,27759,28743,30023,30703,31891,32799,33619,34571,35503,36475,37587,38739,39527,40475,41531,42515,43463,44495,45351,45939,46939,48083,48911,50539,51815,53011,53931,55543,57423,58067,59655,60871,61571,62311]
resources/preprocessed/Interpolated/Andre_liegestuetzen3_13_10_2020_LeftArm.csv:[31078,31873,32788,33633,34428,35233,36038,36888,37663,38498,39258,40093,40873,41733,42473,43413,44173,45083,45853,46828,47613,48588,49438,50758,51678,52803,53763,55133,55993,57648,58363,59878,61238,63018,63923,64763,65498]
resources/preprocessed/Interpolated/Lukas_liegestuetzen1_13_10_2020_LeftArm.csv:[38195,39210,40110,41765,42540,43545,44385,45215,46125,46985,47855,48695,49635,50445,51430,52290,53285,54180,55205,56100,57090,57880,58885,59725,60795,61655,62540,63445,64430,65235,66380,67195,68240,69100,70070,71010,72045,72810,73790,74545,75540,76290,77245,77975,79000,79765,80905,81630,82820,83995]
resources/preprocessed/Interpolated/Andre_Squats2_13_10_2020_LeftArm.csv:[48180,49735,50435,52050,52735,54275,54960,56555,57245,58180,58955,59630,61315,62020,63675,64410,65965,67480,69610,71185,73345,74045,75385,76935,78790,80275,82180,83890,84685,86170,87285,88765,89945,91240,93415,94385,96050,96855,98230,99985,101615,103200,103870,104690,106120,106785,107440,108500,109970,110850,111755,113140,114445,117260,118700,119435,120175,121145,122525,123920,126060,127335,128615,130690,131985,133335,135310,136385,137085,138030,139835,141070,141830,142810,144690,145765,146870,147805,149635,151410,152650,154125,155320,156970,158855,159845,161310,162230,163630,164900,166265,166970,168695,169805,170880,172060,173755,175195,176455,177300,178570,179935,181225,183470,184895,186245,188535,189900,190655,191470,193480,194895,196040,196715,198300,199850,200735,201415,203180,204380,205045,205785,206940,207760,209270,210300,211940,212640,213995]
resources/preprocessed/Interpolated/Andre_Squats_13_10_2020_Belly.csv:[60996,62371,63491,64226,67031,68351,69001,72036,73456,74416,75436,77466,78781,79566,80311,82516,83826,84626,85276,87411,88811,89636,90371,92581,93861,94586,95386,96311,96976,97766,99031,99851,102721,103981,104781,105426,107621,108811,109686,110516,112561,113781,114601,115276,117286,118491,119376,120136,121981,123106,124051,124816,126531,127221,128911,129616,131251,131986,133681,134371,136021,136746,138426,139136,140886,141596,143401,144116,145761,146461,148201,148881,150486,151201,152901,153646,155391,156061,157786,158536]
resources/preprocessed/Interpolated/Andre_Squats_13_10_2020_Chest.csv:[60996,62361,63491,64231,67036,68296,68941,72051,73471,74401,75456,77511,78776,79586,80296,82571,83821,84626,85271,87476,88811,89661,90401,92581,93816,94576,95346,96311,97806,99031,99866,101096,102751,103981,104826,107656,108811,109696,110541,112586,113791,114631,115286,117306,118516,119391,120126,121991,123151,124011,124786,126536,127246,128906,129621,131256,132001,133686,134391,136026,136766,138426,139141,140891,141611,143396,144121,145751,146466,148176,148876,150476,151211,152906,153651,155376,156051,157771,158536]
resources/preprocessed/Interpolated/Andre_liegestuetzen2_13_10_2020_Chest.csv:[39996,41636,42506,43316,44061,44911,45721,46526,47361,48241,49106,49911,50761,51576,52481,53266,54171,55001,55966,56781,57816,58621,59611,60426,61451,62256,63401,64251,65326,66231,67486,68381,69691,70596,72161,73106,74821,75871,77706,79206,79996]
resources/preprocessed/Interpolated/Andre_liegestuetzen2_13_10_2020_LeftArm.csv:[40081,41636,42496,43306,44051,44896,45701,46511,47341,48236,49116,49901,50756,51566,52476,53266,54151,54996,55976,56776,57831,58621,59606,60421,61466,62261,63386,64246,65396,66236,67511,68376,69761,70596,72226,73136,74891,75881,76541,78081,79201,79931]
resources/preprocessed/Interpolated/Lukas_liegestuetzen3_13_10_2020_LeftArm.csv:[11251,12156,12906,13561,14631,15481,16121,16771,17936,19251,20691,22106,23556,25091,26796,27466,28316]
resources/preprocessed/Interpolated/Andre_liegestuetzen1_13_10_2020_Chest.csv:[17116,17806,18791,19651,20556,21441,22321,23146,23981,24856,25691,26526,27316,28196,29051,29861,30641,31431,32196,33046,33806,34621,35411,36281,37071,37911,38701,39526,40286,41136,41901,42811,43566,44461,45236,46156,46946,47871,48656,49621,50416,51391,52186,53291,54076,55241,56101,57391,58221,59591,60536,62511,63546,65341,66256,66996]
resources/preprocessed/Interpolated/Andre_liegestuetzen2_13_10_2020_RightArm.csv:[40106,41651,42426,43311,44046,44911,45681,46521,47316,48246,49086,49911,50751,51576,52456,53261,54136,54991,55961,56786,57791,58621,59586,60431,61436,62256,63456,64276,65256,66246,67526,68381,69786,70616,71391,72286,73121,74531,75881,76606,78071,79191,79976]
resources/preprocessed/Interpolated/2020-07-02_12.50.00_Belly.csv:[16003,16779,17743,18995,19787,20863,21631,22755,23463,24911,25803,26879,27751,29007,29831,30903,31855,32847,33875,34927,35775,37207,38179,39347,40151,41687,42687,43759,44783,45911,46847,48351,49423,50847,52039,53127,53883,55031,55979,57503,58331,60107,60987,62995]
resources/preprocessed/Interpolated/Andre_liegestuetzen3_13_10_2020_Belly.csv:[30998,31883,32793,33623,34438,35218,36038,36883,37668,38493,39253,40098,40863,41728,42463,43403,44163,45098,45853,46818,47613,48558,49433,50693,51678,52803,53758,55003,55978,57458,58333,60148,61248,62883,63933,64783,65483]
