resources/preprocessed/Interpolated/Lukas_liegestuetzen3_13_10_2020_RightArm.csv:[11331,11976,13691,14276,16431,20441,21071,23171,23856,24906,26651,28321]
resources/preprocessed/Interpolated/Lukas_liegestuetzen3_13_10_2020_Chest.csv:[11901,12636,13546,14211,17661,18241,21296,23086,23916,24556,26321,28326,28711]
resources/preprocessed/Interpolated/Lukas_liegestuetzen3_13_10_2020_Belly.csv:[10996,13021,13716,14996,16811,18696,19246,22421,22711,23926,25691,28531,28796]
resources/preprocessed/Interpolated/Lukas_liegestuetzen2_13_10_2020_RightArm.csv:[36060,36755,40245,41425,42935,43540,44705,45270,46405,46890,48175,49840,50305,51500,51940,53170,53700,54770,55295,56315,57950,58450,59675,60920,61525,63405,64070,65960,67195,69430,72635,73545]
resources/preprocessed/Interpolated/Lukas_liegestuetzen2_13_10_2020_LeftArm.csv:[36080,36655,39725,40345,41930,42780,43540,44690,45230,46265,47005,48175,50335,51260,51990,53175,53650,54660,55290,56115,56870,57970,58575,59590,60215,61515,63425,64035,66055,67165,69430,71490,72970]
resources/preprocessed/Interpolated/Lukas_liegestuetzen2_13_10_2020_Chest.csv:[36105,36690,38585,39675,41290,42385,44430,45820,47775,48440,50095,52485,53030,55260,56060,57345,57795,59450,60510,61285,64310,65585,67615,68845,69585,71500,73995]
resources/preprocessed/Interpolated/Lukas_liegestuetzen2_13_10_2020_Belly.csv:[36385,38145,38685,40675,41340,43585,44340,45105,47870,48970,49825,51830,54685,56750,58520,59375,60580,61185,62855,63900,66420,67910,69410,71555,73905]
resources/preprocessed/Interpolated/Lukas_liegestuetzen1_13_10_2020_Chest.csv:[38300,40550,41275,42450,44135,44750,47645,48240,49455,50230,51935,53080,54010,54915,55535,57110,57700,58850,59455,62205,62950,64430,68350,70085,72250,73070,74710,77165,78180,78975,80685,82735,83455]
resources/preprocessed/Interpolated/Lukas_liegestuetzen1_13_10_2020_Belly.csv:[38165,40770,42560,43615,45870,46500,47895,48765,49730,50560,53340,54260,55315,56340,58150,58725,59785,62475,63830,64455,65775,66480,67665,69130,72530,73190,74745,75450,79030,81635,82825,83995]
resources/preprocessed/Interpolated/Jan_liegestuetzen3_13_10_2020_RightArm.csv:[34000,37105,37820,40030,40730,42225,44315,46420,47900,48750,49545,50540,51280,52295,53155,54230,56385,56995]
resources/preprocessed/Interpolated/Jan_liegestuetzen3_13_10_2020_LeftArm.csv:[34345,37200,37825,40080,43610,46430,47085,47925,48720,49555,50545,51290,52305,53455,54195,56225,56955]
resources/preprocessed/Interpolated/Jan_liegestuetzen3_13_10_2020_Belly.csv:[35470,37990,38795,40805,41580,42640,44505,45155,47280,48295,48870,50085,50555,51795,52420,53745,54370,56090,56790]
resources/preprocessed/Interpolated/Jan_liegestuetzen2_13_10_2020_RightArm.csv:[16996,22881,23566,25626,27646,29766,30401,31836,32621,34691,36266,37081,37781,38796,39441,40411,41191,42251,42981,44121,45341,46386,47251,48556,50281]
resources/preprocessed/Interpolated/Jan_liegestuetzen2_13_10_2020_Chest.csv:[17596,18756,20841,22931,23611,26261,27706,29711,30386,31846,32611,35361,37691,38836,39476,40391,41256,42266,43226,44121,45336,46456,47816,48971,50066,50676]
resources/preprocessed/Interpolated/Jan_liegestuetzen2_13_10_2020_Belly.csv:[16996,18736,21061,23086,25066,29826,30511,32066,32671,35176,37121,38236,38841,39846,40496,41646,42306,43481,44231,45541,46511,48256,50451,50961]
resources/preprocessed/Interpolated/Andre_liegestuetzen3_13_10_2020_RightArm.csv:[31003,33538,33963,35653,36823,37263,38453,38908,40018,40438,42063,43323,43793,45023,45488,46768,47258,48498,48943,50628,51253,52778,53323,54983,55493,57453,59458,60168,62863,63588,65498]
resources/preprocessed/Interpolated/2020-07-02_14.20.28_RightArm.csv:[61995,66155,66735,70103,70635,73627,74131,74807,75343,76111,76655,77535,78059,79091,79551,80583,81071,82363,83443,84007]
resources/preprocessed/Interpolated/2020-07-02_14.20.28_Belly.csv:[61995,62707,63747,65287,66183,66887,68475,70123,70711,71299,72247,73619,74163,74835,76151,77475,78575,78975,79991,80479,81695,82207,83583]
resources/preprocessed/Interpolated/2020-07-02_14.14.32_RightArm.csv:[32019,34735,35223,36495,37799,38459,39067,39747,40327,41279,41695,42595,43051,43999,44415,45415,45835,46599,47147,48127,48559,49499,49947,50923,51371,52335,52807,53747,54255,55199,55683,56803,57515,58443,58951,60259,60767,62295,62835,64667]
resources/preprocessed/Interpolated/2020-07-02_15.13.22_LeftArm.csv:[23003,25167,26315,26799,28171,28727,30199,30703,32227,32711,34323,34879,36623,37115,38843,39379,41131,41583,43619,44183,44807,46267,46791,49079,49635,51811,52375,54823,55483,56267,58259,58955,59731,62147,62851,63667,66067]
resources/preprocessed/Interpolated/2020-07-02_14.14.32_Belly.csv:[32055,32911,33915,35191,35783,37091,38631,39923,40979,41443,42287,43683,44067,44963,45391,46671,47119,48151,49115,49659,50947,51887,53331,53831,55195,56359,56871,57699,58671,59599,60355,61015,62007,63435,64751]
resources/preprocessed/Interpolated/2020-07-02_14.59.59_RightArm.csv:[74031,74831,76507,77027,77659,78839,79331,81163,81791,83579,84211,85967,86523,88371,88891,90875,91459,93547,94147,96391,96935,98403,99179]
resources/preprocessed/Interpolated/2020-07-02_14.20.28_Chest.csv:[61995,62723,64467,64971,67203,68235,70475,71115,72283,72783,73995,75859,76683,77199,78327,79551,80123,81695,82195,83611]
resources/preprocessed/Interpolated/2020-07-02_14.07.33_RightArm.csv:[7005,9913,11593,12289,12921,14217,15101,15557,16853,17525,18125,18765,19417,20277,20725,21657,22125,23605,24253,24869,25605,26241,27001,27609,28477,29017,30037,30517,31309,31909,32761,33409,34153,34861,35665,36329,37177,37781,38801,39353,40377,41013,42217,43329,44117]
resources/preprocessed/Interpolated/Lukas_liegestuetzen1_13_10_2020_RightArm.csv:[38230,40285,41190,42535,42980,44350,44830,46090,46620,47850,48360,49580,50085,51405,51870,53285,53785,55225,55705,57075,57540,58855,59455,60800,62640,63065,64440,65790,66395,67610,68215,70125,70700,71985,72465,73750,74270,75490,75955,77175,77700,78955,80845,83995]
resources/preprocessed/Interpolated/2020-07-02_14.07.33_Belly.csv:[7025,7905,9557,10089,10993,12481,12961,14765,15177,16501,17045,19977,20469,21313,21749,22721,23213,24569,25441,26769,27277,28153,28641,29649,29997,31509,32193,32857,33361,34309,35165,37161,38005,38793,39729,40473,41977,43309,44117]
resources/preprocessed/Interpolated/2020-07-02_13.00.09_RightArm.csv:[27455,28127,29487,29983,31311,31879,33239,34531,35039,35707,37055,37627,38979,39663,41099,41743,43079,44499,45291,46923,47635,49167,49827,51647,52419,54327,55147,57231,58139,60107,60735,62331]
resources/preprocessed/Interpolated/Jan_liegestuetzen3_13_10_2020_Chest.csv:[34785,35660,36310,40700,41580,42195,46420,47170,47975,48805,49780,50595,51235,52360,53335,54300,55725,56810]
resources/preprocessed/Interpolated/2020-07-02_14.20.28_LeftArm.csv:[62887,65559,66103,68939,70615,71767,74123,74787,76047,76639,77439,78043,78951,79535,80427,81039,82359,82827,83959]
resources/preprocessed/Interpolated-Revised/Jan_liegestuetzen1_13_10_2020_edited_Belly.csv:[72001,72947,76580,78507,80354,81135,83767,85744,87556,90024,91986,93998,94618,97401,100004,100559,101740,102341,103607,104228,105534,106575,108447,110459,112451,113027,113893,114668]
resources/preprocessed/Interpolated/2020-07-02_12.50.00_LeftArm.csv:[16003,17619,18395,19027,20327,20895,22787,23295,24955,26995,28519,29047,30479,31043,32479,35083,35583,37351,39479,40035,41827,43343,43955,46163,46675,47959,48687,49207,50471,51235,51739,53151,54103,55799,57431,58335,59323,61023,62191,62683]
resources/preprocessed/Interpolated/2020-07-02_13.00.09_Chest.csv:[27399,28815,29315,30191,31387,33159,33871,35115,35811,37095,38567,39063,39683,41139,41799,42475,43867,45407,46119,47715,48755,50003,50551,51807,52379,53259,55191,56711,58043,60083,61595,62411]
resources/preprocessed/Interpolated/2020-07-02_12.50.00_Chest.csv:[16663,17759,19735,20567,22043,23439,24107,24607,26219,26723,28103,28631,30059,31347,32151,33643,34155,35687,36415,37323,38331,40387,40899,41823,42931,44611,45163,46779,47495,49467,50063,52439,53055,55315,55747,57587,58263,60363,61019,62879]
resources/preprocessed/Interpolated-Revised/Jan_liegestuetzen1_13_10_2020_edited_LeftArm.csv:[72006,73848,75764,77801,80965,82942,83622,85639,88732,90554,91230,93777,94468,97256,98022,98823,100434,101255,102386,103362,104268,104989,106505,107536,108567,109808,112381,113032,114488,114994]
resources/preprocessed/Interpolated-Revised/Jan_liegestuetzen1_13_10_2020_edited_RightArm.csv:[72001,75784,76430,78382,80329,83647,84288,88127,88737,91300,91916,93777,96560,98037,98823,99543,100539,101335,102306,102917,104268,105474,106510,107231,108557,109488,112216,113012,114994]
resources/preprocessed/Interpolated/Andre_Squats2_13_10_2020_Belly.csv:[47560,49805,50395,52130,53330,54280,55650,56690,57215,59055,59530,61345,61900,63800,66895,68775,70345,72345,75070,76295,77590,79875,80940,83035,85785,87145,88140,90130,92940,94405,95610,96980,100230,101570,102585,103820,104850,106190,107110,108340,108960,111280,112230,113410,113910,115420,116095,118250,120500,123115,125765,127970,128455,129640,130925,132555,133715,134760,135740,136790,137665,139295,140260,141515,142685,143765,144810,146440,147975,148970,150350,153605,154585,155795,156935,158375,159010,160705,163075,164100,165370,166895,168005,168805,170135,171180,173010,174005,175535,176425,179045,180390,181710,183065,184060,185425,186360,188025,189205,190395,191345,192780,193940,195230,196115,197250,199260,199885,202790,203625,204535,205950,207180,208380,209420,210425,211685,212870,213995]
resources/preprocessed/Interpolated/2020-07-02_13.00.09_Belly.csv:[27355,29231,31255,31759,33263,34671,36099,36479,38215,40415,40923,42211,42631,44715,45287,47063,48667,49283,51671,52383,53991,54495,56667,57287,59995,60603,61939]
resources/preprocessed/Interpolated/2020-07-02_14.14.32_LeftArm.csv:[32003,34739,35215,36063,36463,37767,38455,39059,39723,40343,41111,42575,43031,43975,44427,45847,46507,47107,48083,48539,49455,49931,50755,51347,52295,52703,53695,54219,55035,55663,56707,57447,58367,58979,60251,60775,62263,62775,64091,64611]
resources/preprocessed/Interpolated-Revised/Jan_liegestuetzen1_13_10_2020_edited_Chest.csv:[72486,73327,75169,75805,78497,80920,81695,82456,85779,86315,88187,88913,91926,92581,94608,97281,98022,100554,101320,102386,103337,104313,105419,106550,107907,109148,112381,114994]
resources/preprocessed/Interpolated/2020-07-02_11.17.39_Belly.csv:[58559,59379,60603,61099,64043,66147,66651,68243,70099,70651,71867,73095,73643,74891,75379,76127,77251,79015,79551,80995,82743,83135,84731,85223,86699,87251,88783,89487,90107,91411,93323,93839,95683,97611,98179,98791,99487,100815,101323,102199,104051,106827,107603]
resources/preprocessed/Interpolated/Andre_liegestuetzen3_13_10_2020_Chest.csv:[31003,32753,34363,36073,38298,39928,42063,43778,44843,46138,46738,49613,50623,51268,52338,53943,54568,56228,57338,58918,60713,62268,63273,65138]
resources/preprocessed/Interpolated/2020-07-02_11.17.39_Chest.csv:[59259,59551,60643,61647,62171,63579,64923,67031,68763,69135,70355,71787,72299,73967,74391,75671,78047,79623,79931,81211,81819,83119,83531,85167,86931,87603,89307,89943,93655,94283,96003,96587,98027,98687,99303,101119,101823,103851,106235,107599,108139]
resources/preprocessed/Interpolated/2020-07-02_11.17.39_LeftArm.csv:[58879,59427,60671,61207,62275,62867,64031,64551,65747,66235,67467,67943,69087,69619,70883,71427,72639,73191,74459,75039,76323,76823,78083,78623,79923,80491,81755,82399,83655,84991,85647,86871,87511,88303,88827,91395,92079,93579,94335,96003,96763,98487,99315,101047,101943,103691,104571,106127,107303,108139]
resources/preprocessed/Interpolated/2020-07-02_14.59.59_Belly.csv:[75843,76431,77919,78903,80395,81031,82091,83703,84247,85979,87339,87903,89859,90779,92431,93603,94867,96495,97659,99995]
resources/preprocessed/Interpolated/Andre_Squats_13_10_2020_LeftArm.csv:[60996,62326,62976,64866,65721,67811,68436,71161,72681,73786,74821,76651,77891,79126,80211,81901,82811,84186,84891,86076,87761,88926,89911,91926,93611,94266,95371,96276,98701,102061,103031,105161,106761,108161,110451,111621,112811,114086,115191,116621,117781,118906,119961,121256,122221,123446,124651,125836,126571,128206,128926,130676,132266,132991,133721,135381,136946,137841,138516,140241,140971,142786,143426,145126,147526,148186,149881,150606,152366,153056,154776,156511,157176]
resources/preprocessed/Interpolated/2020-07-02_14.07.33_Chest.csv:[7065,8765,10053,10749,12605,13073,13861,15289,16093,17945,18669,19929,20429,21249,21877,22777,23309,24573,25873,26337,27333,28241,28765,30225,31169,33757,36209,37393,39241,40753,41577,42061,43421,44085]
resources/preprocessed/Interpolated/2020-07-02_11.17.39_RightArm.csv:[58851,60591,61803,62319,64023,64559,65719,66231,67423,68275,69063,69619,70859,71435,72671,73191,74423,75035,76279,76819,78063,78643,79903,80527,81783,82411,83631,85019,85619,86867,87587,88315,88831,91347,92071,93603,94287,95983,96767,98499,99331,101075,101967,103699,104563,107335,108139]
resources/preprocessed/Interpolated/2020-07-02_14.59.59_Chest.csv:[74079,75703,76671,79359,81219,81723,83611,84127,85979,86483,88015,88487,89543,90891,91543,93623,94883,96547,98367,99063,99995]
resources/preprocessed/Interpolated/2020-07-02_14.59.59_LeftArm.csv:[74111,74787,76451,77047,78795,79419,81123,81687,83591,84159,85935,86503,88355,88943,90863,91439,93523,94103,95583,96375,96959,99995]
resources/preprocessed/Interpolated/2020-07-02_12.50.00_RightArm.csv:[16111,17691,18419,19051,20339,20911,22803,23303,24967,26479,26999,28467,29063,30551,31091,32447,33051,35131,35623,37367,39507,40071,41887,43371,44023,46195,46711,47919,48727,49247,50511,51271,53151,55119,55851,57455,58319,60107,61019,62683,62995]
resources/preprocessed/Interpolated/Andre_liegestuetzen1_13_10_2020_RightArm.csv:[16996,19611,20146,21386,21861,23131,23551,24781,25366,26456,27026,28221,28661,29811,31386,31836,32981,33481,34586,35041,36241,36771,37881,38446,39466,41076,41526,42726,43161,44796,46061,46566,48286,48701,50001,51086,51816,53206,53681,55211,55626,57356,57881,59516,60096,61816,62466,65241,65901,66986]
resources/preprocessed/Interpolated/Andre_liegestuetzen2_13_10_2020_Belly.csv:[39996,41766,42861,43626,44361,45301,46071,47806,48596,49421,50251,51156,51756,52806,54596,55236,56366,56991,58141,58766,59891,61736,62371,64466,65651,66431,68571,69211,70731,71436,73341,75471,76366,78741,79996]
resources/preprocessed/Interpolated/2020-07-02_15.13.22_Belly.csv:[23003,23971,24691,25815,27687,28171,31695,32311,34811,36627,37211,38843,40435,41199,42607,43683,45203,46355,47819,49123,50271,51883,53135,54927,56735,58399,60295,61967,62851,64235,65019]
resources/preprocessed/Interpolated/2020-07-02_15.13.22_RightArm.csv:[23003,25099,26879,27375,28591,29063,30639,32239,32747,34327,34903,36551,37103,38831,39303,41111,41615,42299,43611,44115,44799,46263,46831,49019,49595,51859,52403,54935,55427,56259,57439,58387,58979,59763,62183,62859,63631,65927]
resources/preprocessed/Interpolated/2020-07-02_15.13.22_Chest.csv:[23003,25231,26367,26879,28051,30039,31523,32087,32787,34067,34763,36615,37975,38611,40235,41087,42667,43583,45239,46291,47827,49071,50543,51807,53315,55095,56787,58367,60235,61967,64167,64819,65755]
resources/preprocessed/Interpolated/Andre_liegestuetzen1_13_10_2020_Belly.csv:[16996,18831,20201,21436,23556,25336,26546,27056,29536,30261,31576,33846,35031,36781,37631,39126,39816,41496,42666,44851,46521,47396,48226,48926,50091,51021,51841,53646,55726,56371,58076,58651,59991,61321,62921,63556,65841,66641]
resources/preprocessed/Interpolated/2020-07-02_15.31.36_Belly.csv:[72499,73235,74811,77551,78675,79479,80251,81839,82639,83503,85079,86383,87099,88671,89223,91431,92087,93599,94387,95579,96031,98263,99791,100299,101319,102759,103855,105123,106399,107719,109223,110395,111991,113263,113931]
resources/preprocessed/Interpolated/Jan_liegestuetzen2_13_10_2020_LeftArm.csv:[17271,20866,23486,24191,26166,26916,30371,31021,34666,36186,37016,37781,38726,39481,40376,41211,42196,43091,44126,45326,46321,47236,48426,49131,50996]
resources/preprocessed/Interpolated/2020-07-02_15.31.36_Chest.csv:[72595,73323,74791,76023,77295,80055,81983,82559,83379,84263,86395,86931,87663,89163,89639,91395,92139,93607,94423,94931,96699,97399,98927,100363,101287,101839,103907,105307,106419,107919,109111,110359,111011,113279]
resources/preprocessed/Interpolated/Andre_Squats_13_10_2020_RightArm.csv:[60996,62261,62941,64871,66141,67391,68486,69831,71291,72681,73816,74851,76941,77891,79136,80231,81871,82931,84136,85271,86846,87851,88946,89571,91796,93351,94466,95431,97096,98251,99321,100256,102111,103036,104301,105336,106806,108171,109386,110591,111271,112761,114076,115451,116656,118221,118916,120061,121186,122211,123436,124681,125746,127556,128226,130666,132321,132986,134716,135366,137006,137731,139511,140221,142051,142791,144461,145166,147551,148196,149881,150646,152326,154096,154756,156536,157186,158931]
resources/preprocessed/Interpolated/2020-07-02_14.14.32_Chest.csv:[32011,32979,34615,35147,35779,36411,37071,38383,38883,39635,40135,40963,41499,42283,43719,44107,45139,45651,47043,48351,49147,49639,50627,51123,51967,52831,54075,54683,55743,57151,58931,60527,61419,62391,63435,64775]
resources/preprocessed/Interpolated/2020-07-02_15.31.36_LeftArm.csv:[72699,73331,74811,75823,77767,78827,80235,81751,82595,83547,84967,86395,87887,88383,89951,90515,92163,92751,94391,95015,97207,97619,98963,99527,101303,101891,103895,104383,106423,106999,109095,109731,111775,112443]
resources/preprocessed/Interpolated/2020-07-02_15.31.36_RightArm.csv:[72435,73291,76515,77299,78675,81803,82447,83491,85043,85771,86391,88355,89963,90515,92683,93223,94411,94923,97155,97667,98987,99455,101331,101851,103863,104395,106423,107011,109107,109671,111083,111815,112427,113975]
resources/preprocessed/Interpolated/Andre_Squats2_13_10_2020_Chest.csv:[47500,49865,51430,52150,53665,54340,55995,56635,58410,59055,60765,61385,63120,63750,65495,66715,68785,70855,72315,74845,76440,78415,79715,81640,82965,84805,86900,87940,89885,92140,94130,95635,96945,100060,101165,102865,103905,104860,106795,109755,110560,111660,112685,113640,115675,116735,118225,121340,123085,124985,126340,127860,128420,129780,131245,132310,133305,134640,135855,136835,138000,139360,140755,141515,142600,144045,145435,146435,147585,148810,150345,153670,155160,155935,156860,157845,159765,160470,161695,163370,164410,165385,167000,167785,168805,170230,171185,173405,174690,175445,176975,178395,179565,180445,181685,182540,184510,185400,186930,187555,189485,190415,191165,193135,194340,195225,196120,197905,199500,202750,203835,204540,206135,207425,208685,209540,211065,212120,213630]
resources/preprocessed/Interpolated/2020-07-02_14.07.33_LeftArm.csv:[7005,9929,11593,12297,12861,14201,15097,15505,16865,18129,18837,19349,20285,20717,21657,22117,23549,24277,24873,25609,26221,27129,27625,28377,29053,29897,30529,31313,31893,32697,33345,34153,34789,35629,36297,37117,37717,38765,39301,40345,40953,42021,43141,44069]
resources/preprocessed/Interpolated/Andre_Squats2_13_10_2020_RightArm.csv:[47500,49705,51450,53670,55365,55945,58305,60715,61340,63105,63730,65540,66565,68610,69880,72450,73990,75995,77620,79625,81265,82945,84625,86585,88390,89975,91910,93960,96040,96990,98965,100550,103255,104625,105460,107600,110170,111635,113650,114600,115360,117745,118815,120980,121605,123390,124945,126360,127055,128380,129760,130995,132070,133375,134555,135520,136845,138025,139065,140080,141470,142850,143950,144975,146330,147520,148935,149900,151005,151890,153510,154530,155905,157035,158145,159960,160585,161750,163095,164060,165490,166885,167820,168865,170300,171225,173290,173965,175500,176880,178165,178880,180320,181775,182795,183845,185380,186870,187840,188860,190305,191675,192745,193905,195125,196390,197500,198565,201330,202020,203010,204550,206075,206950,208575,209475,210830,211855,212680,213995]
resources/preprocessed/Interpolated/Andre_liegestuetzen1_13_10_2020_LeftArm.csv:[16996,19586,20196,21081,21876,22796,23511,24776,25321,26461,26876,28636,29496,30226,31806,32711,33346,34261,35046,36666,37591,38311,39856,41526,42701,43241,44376,44851,46051,46601,47571,48321,49511,50126,51001,51916,52971,53751,55201,55781,57316,57946,59496,60171,61826,62441,65221,65851,66996]
resources/preprocessed/Interpolated/2020-07-02_13.00.09_LeftArm.csv:[27519,28143,29547,29979,31335,31875,33183,35103,35703,37083,37671,38979,39659,41083,41747,43099,44527,45311,46207,47675,49123,49923,51631,52499,54391,55183,57203,58203,60059,60771,62391]
resources/preprocessed/Interpolated/Andre_liegestuetzen3_13_10_2020_LeftArm.csv:[31098,33903,34443,35628,36463,37278,38138,38908,39738,40468,41413,42098,43063,43858,45013,45558,46763,47318,48238,49203,50638,51263,52493,53408,55008,55598,57453,59508,61353,62823,63768]
resources/preprocessed/Interpolated/Lukas_liegestuetzen1_13_10_2020_LeftArm.csv:[38255,40395,41195,42525,43075,44175,44810,46090,46720,47790,48290,49435,50175,51380,51965,53260,53775,55190,55815,57080,57705,58835,59420,60785,61225,62600,63075,64400,65780,66395,68205,68820,70125,70735,71980,72530,73720,74290,75505,76015,77165,77735,78960,79570,80825,81360,83995]
resources/preprocessed/Interpolated/Andre_Squats2_13_10_2020_LeftArm.csv:[47500,49785,51430,52025,53710,54335,55940,56600,58350,58980,60745,61345,63125,63720,65405,66750,68640,70145,72300,73910,75920,77455,79635,80980,82930,84685,86630,88380,90005,92080,93885,95260,97115,99025,100610,103045,104060,106345,107615,109455,113175,113785,114870,116260,117335,118015,119340,120025,121625,123505,124845,126765,128240,129620,131065,132260,132955,134495,135620,136900,137820,139235,140170,141460,142900,143875,145395,146315,147535,148870,149905,150990,153565,154660,155965,157050,157805,159270,160605,162540,164155,165260,168065,168780,170200,171415,172840,174345,175415,176955,178195,180345,181370,182935,183855,185315,186800,188105,188730,190110,190950,192875,193915,195100,196200,197570,198650,202090,203020,204380,205435,206860,208685,209390,211105,212060,212830]
resources/preprocessed/Interpolated/Andre_Squats_13_10_2020_Belly.csv:[60996,62021,63041,63651,66311,67556,68491,71706,72751,74141,74926,77176,78031,79116,80011,82196,83051,84206,84971,87146,88051,89146,90161,92066,93061,94276,95171,96956,98301,99236,100181,102206,103181,104416,105231,107196,108191,109296,110241,111746,113001,114136,115061,116596,117861,119076,121626,122421,123546,124491,126596,127136,128921,129526,131396,131976,133806,134311,136126,136701,138541,139031,141036,141576,143491,144051,145891,146481,148146,148716,150606,151156,153026,153646,155406,155971,157916,158486]
resources/preprocessed/Interpolated/Andre_Squats_13_10_2020_Chest.csv:[60996,62141,64756,66241,67571,68436,71196,73271,73901,75166,77011,78516,79201,80236,81971,83616,84251,86981,88556,89301,90176,92001,94291,94976,97191,98786,102231,103646,104371,105346,107011,108676,109371,110406,111531,113496,114151,115116,116891,118126,118891,119986,121471,122846,123541,125701,126641,128251,128996,130696,131361,133751,135426,136126,137846,138546,140411,140991,142841,143526,145166,145891,147576,148216,149916,150606,152326,153086,154751,155456,157211,157901]
resources/preprocessed/Interpolated/Andre_liegestuetzen2_13_10_2020_Chest.csv:[40071,41081,42361,43676,45476,47291,47841,50581,51196,52381,52926,54116,54536,56326,57691,59436,60071,61366,64361,64871,67131,68921,69556,71131,73046,73586,75271,75751,77661,78181]
resources/preprocessed/Interpolated/Andre_liegestuetzen2_13_10_2020_LeftArm.csv:[39996,42876,43701,44461,45376,46041,47776,48711,49561,50451,51091,52176,52876,53851,54621,55636,56371,57736,58366,59286,60071,61156,61896,63351,63926,64971,65816,67321,67981,69636,70256,72051,72611,74741,75406,77756,78641,79621]
resources/preprocessed/Interpolated/Lukas_liegestuetzen3_13_10_2020_LeftArm.csv:[11331,11971,13691,14321,17631,19606,23261,23896,24911,25526,26656,28796]
resources/preprocessed/Interpolated/Andre_liegestuetzen1_13_10_2020_Chest.csv:[16996,19236,20251,21126,21816,23571,24551,25296,26926,27951,28616,30476,31381,32811,33366,34406,35031,36686,37606,38361,40011,41041,41516,42731,43176,44256,44806,45871,46516,47486,48246,49286,49996,51281,51831,53121,53731,55096,55721,57316,57941,59171,60111,63051,65216,65841,66996]
resources/preprocessed/Interpolated/Andre_liegestuetzen2_13_10_2020_RightArm.csv:[39996,42451,42856,44016,44421,45686,46076,47341,47906,49076,49511,50701,51161,52436,52836,54111,54621,55926,56256,57791,58181,59531,59941,61381,61896,63366,63696,65241,65826,67461,68006,69671,70191,72091,72636,74766,75366,76471,77156,78661]
resources/preprocessed/Interpolated/2020-07-02_12.50.00_Belly.csv:[16575,18791,20115,20619,21339,22667,23299,24739,25559,26471,27415,29547,29991,31595,32615,33579,34679,35655,36319,37975,40035,41099,42283,44527,45043,46695,47855,49351,49875,51715,52355,53103,54627,55147,56719,58283,59863,60391,62547]
resources/preprocessed/Interpolated/Andre_liegestuetzen3_13_10_2020_Belly.csv:[30998,32823,33913,34413,37053,37688,38633,39263,40193,41068,41928,43148,43783,45403,47228,47813,49018,50198,51243,52658,53213,55563,56553,57858,59123,59888,61438,63228,65183,65448]
