resources/preprocessed/Interpolated/Lukas_liegestuetzen3_13_10_2020_RightArm.csv:[11331,13691,15811,17056,18306,19601,21071,23171,24906,26651,28321]
resources/preprocessed/Interpolated/Lukas_liegestuetzen3_13_10_2020_Chest.csv:[11246,12636,14211,17661,20426,21806,23086,24556,25851,28326]
resources/preprocessed/Interpolated/Lukas_liegestuetzen3_13_10_2020_Belly.csv:[10996,13021,14996,16811,18696,20441,21621,22711,23926,25261,27351,28531]
resources/preprocessed/Interpolated/Lukas_liegestuetzen2_13_10_2020_RightArm.csv:[36060,38305,39885,41425,42935,44705,46405,48175,49840,51500,53170,54770,56315,57950,59675,60920,63405,65960,67195,69430,70785,72050,73545]
resources/preprocessed/Interpolated/Lukas_liegestuetzen2_13_10_2020_LeftArm.csv:[36080,38700,39725,41300,42780,44690,46265,48175,49835,51260,53175,54660,56115,57970,59590,61515,63425,66055,67165,69430,70750,72970]
resources/preprocessed/Interpolated/Lukas_liegestuetzen2_13_10_2020_Chest.csv:[36105,37300,38585,39675,41290,42385,43920,45820,47775,50095,51635,53030,54595,56060,57345,58880,60510,64310,65585,66965,68845,70795,73995]
resources/preprocessed/Interpolated/Lukas_liegestuetzen2_13_10_2020_Belly.csv:[36385,38145,39680,41340,42950,44340,47870,48970,51830,54685,56025,57805,59375,60580,62855,63900,65050,66420,67910,69410,71555,73090]
resources/preprocessed/Interpolated/Lukas_liegestuetzen1_13_10_2020_Belly.csv:[38165,40770,42560,43615,45245,46500,47895,49730,51655,53340,55315,56340,58150,59785,62475,63830,65775,67665,69130,70665,72530,74745,76340,78300,79680,81635,82825,83995]
resources/preprocessed/Interpolated/Jan_liegestuetzen3_13_10_2020_RightArm.csv:[34000,35915,37105,38650,40030,41470,42960,44315,45665,47140,48750,50540,52295,54230,55640,56995]
resources/preprocessed/Interpolated/Jan_liegestuetzen3_13_10_2020_LeftArm.csv:[34345,35905,37200,38610,40080,41445,42925,44330,45670,47085,48720,50545,52305,53455,55735,56955]
resources/preprocessed/Interpolated/Jan_liegestuetzen3_13_10_2020_Belly.csv:[34270,35470,36610,37990,40805,42640,43915,45155,46655,48295,50085,51795,53745,56090]
resources/preprocessed/Interpolated/Jan_liegestuetzen2_13_10_2020_RightArm.csv:[16996,20261,21581,22881,24241,25626,26946,28391,29766,31171,32621,34041,35421,37081,38796,40411,42251,44121,45341,46386,48556,50281]
resources/preprocessed/Interpolated/Jan_liegestuetzen2_13_10_2020_Chest.csv:[17596,18756,20026,21561,22931,24266,25481,27031,29051,30386,31846,33221,34596,36241,37691,38836,40391,42266,44121,45336,46456,47816,48971,50066]
resources/preprocessed/Interpolated/Jan_liegestuetzen2_13_10_2020_Belly.csv:[16996,18036,19691,21061,22306,23746,25066,26366,27781,29121,30511,32066,33291,35176,36326,38236,39846,41646,43481,45541,48256,49691,50961]
resources/preprocessed/Interpolated/2020-07-02_14.59.59_LeftArm.csv:[74111,75295,76451,77619,78795,79923,81123,82183,83591,84599,85935,86995,88355,89435,90863,92023,92859,94103,95583,96959,99995]
resources/preprocessed/Interpolated/Andre_liegestuetzen2_13_10_2020_Belly.csv:[39996,41766,42861,44361,46071,47806,49421,51156,52806,54596,56366,58141,59891,61091,62371,63771,65651,68571,70731,72706,75471,76971,78741,79996]
resources/preprocessed/Interpolated/Jan_liegestuetzen1_13_10_2020_RightArm.csv:[85000,87230,88535,90880,92120,94800,96175,98685,100200,101590,103880,106515,107880,109270,111675,114155,115700,118150,119605,121890,123440,126310,129830,131325,132830,133870,135130,137620,138905,141245,142460,144420,146470,148820,150160,153020,154350,156935,158355,161270,162610,165570,166605,168580,169965,172170,173625,176425,177460,178525,180650,182850,183995]
resources/preprocessed/Interpolated/2020-07-02_14.59.59_Chest.csv:[74079,75703,76671,77679,78855,79819,81219,83611,84639,85979,87491,88487,89543,90891,93623,94883,96547,97555,98367,99995]
resources/preprocessed/Interpolated/2020-07-02_15.13.22_Belly.csv:[23003,23971,25815,27687,28687,30171,31175,32311,34071,35355,36627,37715,38843,40435,42607,43683,44623,46355,47819,49123,50271,51883,53135,54927,56735,58399,60295,61967,62851,64235,65523]
resources/preprocessed/Interpolated/2020-07-02_15.13.22_RightArm.csv:[23003,25099,26879,28591,30135,31131,32239,33311,34327,35427,36551,37711,38831,39907,41111,42299,43611,44799,46263,47407,48387,49595,51063,52403,53547,54935,56259,57439,58387,59763,62183,63631,65927]
resources/preprocessed/Interpolated/Lukas_liegestuetzen1_13_10_2020_Chest.csv:[38300,40550,42450,44135,45705,47645,49455,51935,53080,54915,57110,58850,60700,62205,64430,65495,67125,68350,70085,71770,73070,74710,76080,77165,78180,80685,82735]
resources/preprocessed/Interpolated/Jan_liegestuetzen1_13_10_2020_Chest.csv:[84900,86875,88180,90150,91545,94280,96925,98515,99930,102430,104115,106405,107895,109855,111645,113785,115565,117810,119310,121140,123260,125790,128235,129425,131490,133310,135040,136980,138925,140655,143395,144545,146385,148245,150010,151560,154220,156390,158245,160850,162460,164020,165255,166500,167540,169920,172225,173875,176045,177375,178755,180530,182750,183990]
resources/preprocessed/Interpolated/2020-07-02_14.20.28_RightArm.csv:[61995,62955,64511,65575,66735,67883,68975,70103,71247,72443,73627,74807,76111,77535,79091,80583,82363,83443]
resources/preprocessed/Interpolated/2020-07-02_14.20.28_Belly.csv:[61995,63747,64779,66183,68475,69591,70711,72247,73619,74835,76151,77475,78575,79991,81695,83087]
resources/preprocessed/Interpolated/2020-07-02_14.14.32_RightArm.csv:[32019,33167,34735,36079,37347,38459,39747,41279,42595,43999,45415,46599,48127,49499,50923,52335,53747,55199,56803,58443,60259,62295,64667]
resources/preprocessed/Interpolated/2020-07-02_15.13.22_LeftArm.csv:[23003,24303,25167,26315,28171,29219,30199,32227,33179,34323,35387,36623,37707,38843,39875,41131,42167,43619,44807,45739,46791,48359,49635,51811,52891,54823,56267,58259,59731,62147,63667,66067]
resources/preprocessed/Interpolated/2020-07-02_14.14.32_Belly.csv:[32055,32911,33915,35191,36255,37091,38331,39923,40979,42287,43683,44963,46671,48151,49115,50187,51887,53331,54187,55195,56359,57699,58671,59599,61015,62007,63435,64751]
resources/preprocessed/Interpolated/2020-07-02_14.59.59_RightArm.csv:[74031,75339,76507,77659,78839,79827,81163,82303,83579,84715,85967,87015,88371,89507,90363,91459,92919,94147,95663,96935,98403]
resources/preprocessed/Interpolated/Jan_liegestuetzen3_13_10_2020_Chest.csv:[34785,36310,37765,39335,40700,42195,43590,44965,46420,47975,49780,51235,52360,54300,55725,56810]
resources/preprocessed/Interpolated/2020-07-02_14.20.28_LeftArm.csv:[61995,62887,64523,65559,66727,67859,68939,70099,71251,72427,73607,74787,76047,77439,78951,80427,82359,83959]
resources/preprocessed/Interpolated/2020-07-02_13.00.09_Belly.csv:[26999,28147,29231,31255,33263,34671,36099,37719,40415,42211,44295,45287,46591,48667,51159,52383,53279,54495,55531,56667,57687,58923,59995,61103,61939]
resources/preprocessed/Interpolated/2020-07-02_14.14.32_LeftArm.csv:[32003,33179,34739,36063,37343,38455,39723,41111,42575,43975,45379,46507,48083,49455,50755,52295,53695,55035,56707,58367,60251,62263,64091]
resources/preprocessed/Interpolated/2020-07-02_11.17.39_Belly.csv:[58559,59379,60603,61587,64043,66147,68243,69535,70651,71867,73095,74891,76127,77251,78495,79551,80995,82743,83747,84731,86699,87743,88783,90107,91411,92735,93839,95011,96203,97611,98791,100815,102199,103551,105891,106827,108139]
resources/preprocessed/Interpolated/Andre_liegestuetzen3_13_10_2020_Chest.csv:[31003,32753,34363,36073,38298,39353,40583,42063,43203,44843,46138,47483,49613,50623,52338,53943,56228,57338,58918,60713,62268,63273,65138]
resources/preprocessed/Interpolated/2020-07-02_11.17.39_Chest.csv:[58271,59259,60643,61647,63579,64923,67031,68763,70355,71787,73471,74391,75671,78047,79043,79931,80783,81819,83119,84671,86323,87603,89307,91499,92659,93655,94851,96003,97515,98687,100559,101823,103167,104695,106235,107599]
resources/preprocessed/Interpolated/Jan_liegestuetzen1_13_10_2020_Belly.csv:[85055,86690,88295,90570,91815,93420,95810,97395,99040,101595,103275,104640,105870,107240,110670,112140,114465,116075,118330,119345,120810,122660,124210,125500,127365,128700,130240,133885,134895,136150,137650,138660,141300,143015,145265,146950,148975,150000,151305,153095,154670,157040,158630,161415,162455,164630,166180,167820,168935,171440,172485,174850,176485,178295,179575,180965,183840]
resources/preprocessed/Interpolated/2020-07-02_11.17.39_LeftArm.csv:[58291,59427,60671,62275,64031,65747,67467,69087,70883,72639,74459,76323,78083,79923,81755,83655,84991,86871,88303,89455,91395,93579,95123,96003,98487,99315,101047,101943,103691,104571,106127,107303,108139]
resources/preprocessed/Interpolated/2020-07-02_14.59.59_Belly.csv:[74371,75339,76431,77919,78903,79887,81031,82091,83703,85979,87339,89859,90779,92431,93603,94867,96495,97659,99995]
resources/preprocessed/Interpolated/Andre_Squats_13_10_2020_LeftArm.csv:[60996,62326,63711,64866,67811,71161,72681,73786,74821,76651,77891,79126,80211,81901,84186,86076,87761,88926,91926,93611,95371,98701,102061,104356,106761,108161,110451,111621,112811,114086,115191,116621,117781,118906,119961,121256,123446,124651,125836,128206,130676,132266,133721,135381,136946,138516,140241,142031,143426,145126,147526,149881,152366,154776,156511,157831]
resources/preprocessed/Interpolated/2020-07-02_14.07.33_Chest.csv:[7065,8765,10053,11401,12605,13861,14797,16093,17077,17945,19929,21249,22777,24573,25873,27333,28241,29781,31169,32805,33757,35705,37393,38625,40753,41577,43421]
resources/preprocessed/Interpolated/2020-07-02_11.17.39_RightArm.csv:[58351,60011,61803,62871,64023,65719,67423,68275,69619,70859,72671,74423,76279,78063,79903,81783,83631,85019,86867,88315,89427,91347,93603,95523,96767,98499,99331,101075,101967,103699,104563,105867,107335,108139]
resources/preprocessed/Interpolated/Andre_liegestuetzen3_13_10_2020_RightArm.csv:[31003,33538,35653,36823,38453,40018,42063,43323,45023,46768,48498,50628,52778,54983,57453,59458,60743,62233,63588,65498]
resources/preprocessed/Interpolated/2020-07-02_12.50.00_LeftArm.csv:[16003,16931,18395,20327,22255,23295,24403,25439,26467,27439,28519,29519,30479,31923,33051,33999,35083,36143,37351,38891,40035,41263,42295,43343,44447,45563,46675,47959,49207,50471,51739,53151,54103,55087,57431,58335,59323,61023,62191]
resources/preprocessed/Interpolated/2020-07-02_14.20.28_Chest.csv:[61995,64467,65487,66463,68235,69371,70475,71667,72783,73995,75859,76683,78327,79551,81695,82679,83611]
resources/preprocessed/Interpolated/2020-07-02_14.07.33_RightArm.csv:[7005,8693,9913,11177,12289,13817,15101,16421,17525,18765,20277,21657,23113,24253,25605,27001,28477,30037,31309,32761,34153,35665,37177,38801,40377,42217,43329]
resources/preprocessed/Interpolated/Lukas_liegestuetzen1_13_10_2020_RightArm.csv:[38230,40285,42535,44350,46090,47850,49580,51405,53285,55225,57075,58855,60800,62640,64440,65790,67610,70125,71985,73750,75490,77175,78955,80230,83995]
resources/preprocessed/Interpolated/2020-07-02_14.07.33_Belly.csv:[7025,7905,9557,10993,12481,13861,14765,16501,17653,19977,21313,22721,24569,25441,26769,28153,29649,31509,32857,34309,35165,36157,37161,38005,39729,40897,41977,43309,44117]
resources/preprocessed/Interpolated/Andre_liegestuetzen1_13_10_2020_RightArm.csv:[16996,19611,21386,23131,24781,26456,28221,29811,31386,32981,34586,36241,37881,39466,41076,42726,44161,46061,47561,48701,50001,51086,53206,55211,57356,59516,61236,62466,64606,65901,66986]
resources/preprocessed/Interpolated/2020-07-02_12.50.00_RightArm.csv:[16111,17691,19051,20339,22235,23303,24435,25463,26479,28467,29559,30551,32447,33523,34591,35623,36723,37863,38939,40071,41255,43371,44519,45547,46711,47919,48727,49783,51271,52235,53151,54147,55119,57455,58319,60107,61019,62683]
resources/preprocessed/Interpolated/Andre_Squats2_13_10_2020_Belly.csv:[47560,49805,52130,53330,55650,56690,59055,61345,63075,64380,66895,68775,70345,72345,75070,76295,77590,79875,80940,83035,84690,85785,87145,90130,92940,94405,95610,96980,100230,101570,102585,103820,104850,106190,108340,111280,113410,115420,118250,120500,123115,124685,125765,127970,129640,130925,132555,133715,134760,136790,139295,141515,142685,143765,144810,146440,147975,150350,153605,155795,156935,158375,160705,163075,164100,165370,166895,168005,170135,171180,173010,175535,178460,180390,181710,183065,185425,188025,189205,190395,192780,193940,195230,197250,198500,199885,201890,203625,205950,207180,208380,209420,210425,211685,212870,213995]
resources/preprocessed/Interpolated/2020-07-02_12.50.00_Chest.csv:[16663,17759,19735,20567,22043,23439,24607,26219,28103,30059,31347,32151,33643,35687,37323,38331,39591,40899,41823,42931,44611,45503,46779,47935,49467,51323,52439,54807,55747,57587,60363,61539,62383]
resources/preprocessed/Interpolated/2020-07-02_13.00.09_Chest.csv:[26999,28815,30191,31387,32763,33871,35115,37095,38567,39683,41139,42475,43867,45407,47223,48755,50003,51343,52379,53259,54091,55191,56711,58043,60083,61595,62411]
resources/preprocessed/Interpolated/2020-07-02_13.00.09_RightArm.csv:[26999,28127,29487,31311,33239,34531,35707,37055,38979,41099,43079,44499,46923,49167,51647,53835,55147,56663,58139,60107,62331]
resources/preprocessed/Interpolated/2020-07-02_15.13.22_Chest.csv:[23003,25231,26367,28051,30039,31523,32787,34067,35283,36615,37975,40235,41087,42667,43583,44727,46291,47323,49071,50543,51807,53315,55095,56295,58367,59747,61467,62899,64167,65755]
resources/preprocessed/Interpolated/Andre_liegestuetzen1_13_10_2020_Belly.csv:[16996,18831,20201,21436,22621,24026,25336,26546,29536,31576,33446,35031,36781,38236,39816,41031,42666,44851,45971,47396,48926,50091,51841,53646,55076,56371,58076,59991,61321,62921,65231,66641]
resources/preprocessed/Interpolated/2020-07-02_15.31.36_Belly.csv:[72499,74811,77551,78675,79479,80743,81839,83503,85079,86383,87675,88671,90931,92087,93599,95083,96031,97367,98263,99791,101319,102759,103855,105123,106399,107719,109223,110395,111991,113263]
resources/preprocessed/Interpolated/Jan_liegestuetzen2_13_10_2020_LeftArm.csv:[17271,20301,21596,22856,24191,25536,26916,28376,29641,31021,32496,33951,35456,37016,38726,40376,42196,44126,45326,47236,48426,50996]
resources/preprocessed/Interpolated/2020-07-02_15.31.36_Chest.csv:[72595,74791,76023,77295,80055,81283,82559,83379,84263,85791,86931,89163,91395,93607,94423,95899,97399,98927,100363,101287,102787,103907,104831,106419,107919,109111,110359,113279]
resources/preprocessed/Interpolated/Andre_Squats_13_10_2020_RightArm.csv:[60996,62261,63726,64871,66141,67391,68486,69831,71291,72681,73816,74851,76941,79136,80231,81871,82931,84136,85271,86846,87851,88946,91796,93351,94466,97096,98251,99321,102111,104301,105336,106806,108171,109386,110591,112761,114076,115451,116656,118221,120061,121186,122211,123436,124681,125746,127556,128851,129976,132321,134716,137006,139511,142051,144461,146936,148196,149881,152326,154096,155411,156536,158931]
resources/preprocessed/Interpolated/2020-07-02_14.14.32_Chest.csv:[32011,32979,34615,35779,37071,38383,39635,40963,42283,43719,45139,47043,48351,49639,50627,51967,52831,54075,55743,56639,57831,58931,60527,61419,62391,63435,64775]
resources/preprocessed/Interpolated/2020-07-02_15.31.36_LeftArm.csv:[72699,74811,75823,77267,78827,80235,81751,82595,83547,84967,85843,87159,88383,89951,90951,92163,93111,94391,95619,96703,97619,98471,99527,101303,102379,103895,104871,106423,108475,109731,111099,112443]
resources/preprocessed/Interpolated/2020-07-02_15.31.36_RightArm.csv:[72435,73291,75859,77299,78675,80147,81803,83491,85043,86391,87207,88355,89963,91027,92175,93223,94411,95439,96623,97667,98987,99939,100759,101851,103291,104395,105807,107011,108447,109671,111083,112427,113975]
resources/preprocessed/Interpolated/Andre_Squats2_13_10_2020_Chest.csv:[47500,49865,51430,53665,55995,58410,60765,61945,63120,65495,66715,68785,70855,72315,74845,76440,78415,79715,81640,82965,84805,86900,87940,89885,92140,94130,95635,96945,100060,101165,102865,103905,106795,108090,109755,111660,112685,114750,116735,118225,119615,121340,122470,124985,126340,127860,129780,131245,132310,134640,135855,138000,139360,140755,142600,144045,145435,147585,148810,150345,152295,153670,155160,156860,159765,161695,163370,164410,167000,168805,170230,173405,174690,176975,178395,179565,181685,184510,186930,189485,191165,193135,194340,196120,197905,199500,202750,203835,206135,207425,208685,211065,212120,213630]
resources/preprocessed/Interpolated/2020-07-02_14.07.33_LeftArm.csv:[7005,8681,9929,11177,12297,13813,15097,16453,17593,18837,20285,21657,23069,24277,25609,27129,28377,29897,31313,32697,34153,35629,37117,38765,40345,42021,43141,44069]
resources/preprocessed/Interpolated/Andre_Squats2_13_10_2020_RightArm.csv:[47500,49120,50325,51450,53115,55365,56560,58305,60120,61340,62480,63730,64850,66565,68610,69880,72450,73990,75995,77620,79625,81265,82945,84625,86585,88390,89975,91910,93960,96040,98965,100550,103255,104625,107600,108835,110170,111635,113650,115360,117165,118815,120435,121605,123390,124945,126360,128380,129760,130995,132070,133375,134555,136845,138025,139065,140080,141470,142850,143950,144975,146330,147520,148935,151005,153510,154530,155905,157035,158145,159960,161750,163095,165490,166885,168865,170300,173290,175500,176880,178165,180320,181775,182795,183845,185380,186870,188860,190305,191675,192745,193905,195125,196390,197500,198565,201330,203010,204550,206075,208575,210830,211855,213995]
resources/preprocessed/Interpolated/Andre_liegestuetzen1_13_10_2020_LeftArm.csv:[16996,18351,19586,21081,22796,24776,26461,28636,30226,31361,32711,34261,35876,37591,39141,40786,42701,44376,46051,47571,49511,51001,52971,55201,57316,59496,61226,62441,65221,66996]
resources/preprocessed/Interpolated/2020-07-02_13.00.09_LeftArm.csv:[26999,28143,29027,29979,31335,33183,35103,37083,38979,41083,43099,44527,46207,47675,49123,51187,52499,53327,54391,56683,58203,59419,60771,62391]
resources/preprocessed/Interpolated/Andre_liegestuetzen3_13_10_2020_LeftArm.csv:[31098,33188,34443,35628,37278,38908,40468,42098,43858,45013,46763,48238,50638,52493,55008,57453,58763,60158,61353,62823,64403]
resources/preprocessed/Interpolated/Lukas_liegestuetzen1_13_10_2020_LeftArm.csv:[38255,40395,42525,44175,46090,47790,49435,51380,53260,55190,57080,58835,60785,62600,64400,65780,66900,68205,70125,71980,73720,75505,77165,78960,80825,82335,83995]
resources/preprocessed/Interpolated/Andre_Squats2_13_10_2020_LeftArm.csv:[47500,49125,51430,53710,55940,58350,60140,61345,63125,65405,66750,68640,70145,72300,73910,75920,77455,79635,80980,82930,84685,86630,88380,90005,92080,93885,95260,97115,99025,100610,103045,104060,105145,106345,107615,109455,113175,114870,116260,117335,119340,121000,122975,124845,126765,128240,129620,131065,132260,134495,135620,136900,139235,141460,142900,145395,147535,148870,149905,150990,153565,154660,155965,157050,159270,160605,162540,164155,165260,168065,170200,171415,172840,174345,175415,176955,178195,180345,181370,182935,185315,186800,188105,190110,192875,193915,195100,196200,197570,198650,200170,202090,204380,205435,206860,208685,211105,212830]
resources/preprocessed/Interpolated/Andre_Squats_13_10_2020_Belly.csv:[60996,62021,63041,66311,67556,69341,71706,72751,74141,77176,79116,82196,84206,87146,89146,90161,92066,94276,96956,98301,100181,102206,104416,107196,109296,111746,113001,114136,116596,117861,119076,120791,122421,123546,125146,126596,128921,131396,132546,133806,136126,137246,138541,139751,141036,142111,143491,145891,148146,150086,151156,152426,153646,155406,157326,158486]
resources/preprocessed/Interpolated/Andre_liegestuetzen2_13_10_2020_Chest.csv:[40071,41081,42361,43676,45476,47291,48926,50581,52381,54116,56326,57691,59436,61366,64361,67131,68296,69556,71131,73046,75271,77661,79076]
resources/preprocessed/Interpolated/Andre_liegestuetzen2_13_10_2020_LeftArm.csv:[39996,41176,42876,44461,46041,47776,49561,51091,52176,53851,55636,57736,59286,61156,63351,64971,67321,69636,72051,74106,75406,76666,77756,79621]
resources/preprocessed/Interpolated/Lukas_liegestuetzen3_13_10_2020_LeftArm.csv:[11331,13691,15851,17006,18261,19606,21036,22471,23896,24911,26656,28796]
resources/preprocessed/Interpolated/Andre_liegestuetzen1_13_10_2020_Chest.csv:[16996,19236,20251,21816,23571,25296,26926,27951,29861,31381,32811,34406,35971,37606,39421,41041,42731,44256,45871,47486,49286,51281,53121,55096,57316,59171,60746,62241,63676,65216,66996]
resources/preprocessed/Interpolated/Andre_liegestuetzen2_13_10_2020_RightArm.csv:[39996,42451,44016,45686,47341,49076,50701,52436,54111,55926,57791,59531,61381,63366,65241,67461,69671,71471,72636,74141,75366,76471,77771,79456]
resources/preprocessed/Interpolated/2020-07-02_12.50.00_Belly.csv:[16067,17559,18791,20115,21339,22667,24739,25559,26471,27415,28987,29991,31595,32615,33579,34679,35655,36831,37975,39459,41099,42283,43931,45043,46083,47855,49351,51163,52355,54059,55147,56719,58283,59863,61623,62547]
resources/preprocessed/Interpolated/Andre_liegestuetzen3_13_10_2020_Belly.csv:[30998,32823,33913,35748,37053,38633,40193,41928,43148,45403,47228,49018,50198,51243,52658,53773,55563,57858,59123,61438,63228,65183]
resources/preprocessed/Interpolated/Andre_Squats_13_10_2020_Chest.csv:[60996,62141,64756,66241,67571,69171,71196,73271,75166,77011,78516,80236,81971,83616,84916,85921,86981,88556,90176,92001,93636,94976,97191,98786,100276,102231,103646,105346,107011,108676,110406,111531,113496,115116,116891,118126,119986,121471,122846,124256,125701,128251,130696,132036,133751,135426,137846,139161,140411,142841,145166,147576,149916,152326,154751,157211,158551]
resources/preprocessed/Interpolated/Jan_liegestuetzen1_13_10_2020_LeftArm.csv:[84915,86710,88485,89500,90890,92115,94640,96125,98235,100080,101605,103935,106555,107690,110275,111590,114145,115670,118080,119505,122340,125595,127210,129000,131050,133310,134860,137390,138670,141100,142480,144990,146380,148730,150850,152775,154285,156870,158065,161145,162585,165225,166450,168565,169680,172235,174190,176020,177345,178785,180785,182710,183745]
