resources/preprocessed/Interpolated/Lukas_liegestuetzen3_13_10_2020_RightArm.csv:[11011,11596,12381,13451,14126,15076,15726,16141,16911,17546,18166,18791,19436,20276,20911,21631,22356,23121,23761,24621,25236,26366,26991,27971,28421]
resources/preprocessed/Interpolated/Lukas_liegestuetzen3_13_10_2020_Chest.csv:[11151,11596,12301,13481,14116,15016,15701,16196,16821,17451,18156,18801,19431,20196,20851,21576,22256,23126,23731,24621,25261,26341,26986,27916,28676]
resources/preprocessed/Interpolated/Lukas_liegestuetzen3_13_10_2020_Belly.csv:[11176,11606,12416,13476,14146,14981,15746,16196,16821,17441,18056,18821,19481,20191,20811,21566,22261,22986,23641,24646,25211,26251,26911,27856,28586]
resources/preprocessed/Interpolated/Lukas_liegestuetzen2_13_10_2020_RightArm.csv:[36430,37055,37825,38790,39500,40225,41015,41760,42570,43275,44340,45035,45970,46805,47760,48520,49360,50210,51145,51895,52805,53435,54425,55065,55985,56615,57540,58345,59375,60000,61200,61830,63810,64435,66900,67530,69940,70565,71220,71845,73920]
resources/preprocessed/Interpolated/Lukas_liegestuetzen2_13_10_2020_LeftArm.csv:[36450,37155,37880,38600,39460,40260,41030,41835,42630,43320,44435,45060,46075,46745,47725,48420,49405,50110,51130,51755,52840,53605,54440,55050,55975,56585,57565,58295,59390,60065,61150,61855,62560,63715,64495,65445,66255,66885,67535,68380,69920,71175,71800,72585,73210,73985]
resources/preprocessed/Interpolated/Lukas_liegestuetzen2_13_10_2020_Chest.csv:[36450,37075,37875,38755,39465,40285,41045,41805,42580,43270,44340,45080,46100,46760,47755,48420,49380,50210,51135,51770,52820,53455,54435,55060,55970,56585,57560,58220,59215,60000,61180,61830,63680,64280,65515,66910,67540,68390,69910,70490,71245,71875,72535,73165,73970]
resources/preprocessed/Interpolated/Lukas_liegestuetzen2_13_10_2020_Belly.csv:[36525,37145,37885,38745,39520,40245,41060,41840,42600,43310,44345,45175,46115,46700,47785,48485,49465,50200,51165,51785,52840,53460,54450,55080,55975,56590,57615,58215,59370,59875,61150,61785,63695,64330,66360,66910,67530,69955,70495,71190,71785,72445,73170,73955]
resources/preprocessed/Interpolated/Lukas_liegestuetzen1_13_10_2020_Belly.csv:[38000,38855,39590,40345,41185,42115,43040,43960,44795,45705,46465,47455,48260,49190,49995,50940,51865,52815,53665,54720,55585,56625,57365,58400,59230,60385,61215,62290,63020,63965,64675,65985,66675,67750,68575,69685,70550,71610,72240,73355,73980,75065,75715,76825,77500,78565,79200,80460,81095,82625,83300]
resources/preprocessed/Interpolated/Jan_liegestuetzen3_13_10_2020_RightArm.csv:[34015,35725,36260,36925,37685,38500,39215,39935,40590,41345,42005,42775,43465,44135,44880,45550,46175,46980,47610,48600,49240,50215,50840,52020,52655,54060,54750,56290,56910]
resources/preprocessed/Interpolated/Jan_liegestuetzen3_13_10_2020_LeftArm.csv:[34250,36185,37010,37635,38440,39240,39960,40585,41360,42030,42775,43440,44145,44885,45645,46275,47065,47685,48650,49270,50330,51030,52030,52790,54160,54810,56405,56955]
resources/preprocessed/Interpolated/Jan_liegestuetzen3_13_10_2020_Belly.csv:[34045,35445,36240,37085,37710,38630,39115,39865,40545,41340,41910,42795,43375,44175,44835,45505,46130,47090,47610,48515,49160,50335,50960,52045,52670,54200,54700,56275,56995]
resources/preprocessed/Interpolated/Jan_liegestuetzen2_13_10_2020_RightArm.csv:[17641,18606,19381,20031,20736,21476,22101,22641,23321,24151,24841,25496,26126,26756,27521,28156,28866,29526,30201,30996,31621,32376,32996,33736,34366,35336,35961,36811,37436,38591,39216,40121,40851,41951,42581,43881,44506,46266,46901,47541,48876,49501,50406]
resources/preprocessed/Interpolated/Jan_liegestuetzen2_13_10_2020_Chest.csv:[17541,18676,19326,20076,20781,21491,22116,22801,23476,24126,24826,25456,26081,26766,27391,28151,28891,29546,30176,30986,31601,32376,33006,33756,34421,35256,35981,36826,37451,38596,39216,40141,40771,41956,42591,43886,44516,46216,46901,48836,50006]
resources/preprocessed/Interpolated/Jan_liegestuetzen2_13_10_2020_Belly.csv:[17266,17921,18656,19286,20051,20756,21436,22141,22796,23421,24141,24761,25436,26091,26731,27396,28186,28821,29561,30181,30946,31581,32391,32996,33796,34421,35321,35946,36826,37471,38546,39081,40151,40766,42001,42581,43831,44521,46106,46826,47571,48606,49356,49986,50941]
resources/preprocessed/Interpolated/2020-07-02_14.59.59_LeftArm.csv:[73999,74499,74999,76279,77771,79027,79835,81419,81915,83823,84515,86307,86703,88655,89503,91079,91991,93887,94571,95699,96743,97543,98611,99787]
resources/preprocessed/Interpolated/Andre_liegestuetzen2_13_10_2020_Belly.csv:[40191,41136,42081,42801,43611,44376,45201,46001,46911,47741,48616,49416,50286,51061,52136,52776,53756,54496,55606,56281,57391,58101,59241,59891,61086,61731,63051,63726,64876,65726,67056,67861,69281,70096,71671,72591,74321,75391,77356,78696,79336]
resources/preprocessed/Interpolated/Jan_liegestuetzen1_13_10_2020_RightArm.csv:[85150,85545,87075,88260,90835,91945,94120,95875,98200,99910,102240,103695,105865,107665,109820,111395,113710,115435,117655,119375,121945,123420,125820,127290,129525,131080,133360,134785,137050,138595,140845,142270,143995,144640,146160,148505,149940,151020,152665,154010,155090,155810,156555,158075,160290,161060,162330,163290,165180,166210,167085,167970,168595,169690,171805,172425,173270,174320,175495,176140,176815,178010,178610,180655,181280,182315,182935,183825]
resources/preprocessed/Interpolated/2020-07-02_14.59.59_Chest.csv:[74395,75651,76279,77199,79027,79527,81399,81903,83851,84435,86135,86727,88655,89171,91079,92071,93819,94751,96747,97307,98791,99291]
resources/preprocessed/Interpolated/2020-07-02_15.13.22_Belly.csv:[23751,24707,25767,26435,27195,28287,29111,30263,31123,32375,33167,34511,35295,36775,37455,38971,39567,41019,42239,43847,44355,45555,46503,46991,47983,49283,49807,52143,52663,55159,56359,57791,58639,59171,60171,61483,61991,62539,63039,65571,66063]
resources/preprocessed/Interpolated/2020-07-02_15.13.22_RightArm.csv:[24067,24643,25615,26403,27199,27899,29055,30339,31127,32431,33151,34599,35267,36827,37651,39051,39867,41331,42267,43795,44403,46571,47067,49391,49895,52055,53219,54411,54751,55275,56355,57707,58207,58831,59919,61195,62219,62503,63855,64339,65295]
resources/preprocessed/Interpolated/Lukas_liegestuetzen1_13_10_2020_Chest.csv:[38135,38815,39650,40340,41355,42030,43100,43950,44750,45665,46545,47425,48175,49175,50020,50930,51775,52805,53660,54735,55635,56710,57445,58405,59215,60305,61205,62270,62990,63960,64670,65950,66610,67745,68550,69670,70620,71550,72380,73320,73960,75085,75715,76770,77420,78555,79195,80415,81080,82650,83275]
resources/preprocessed/Interpolated/Jan_liegestuetzen1_13_10_2020_Chest.csv:[85650,86305,88225,90365,91940,94175,95795,98120,99770,101980,103745,105875,107515,109780,111415,113740,115365,117690,119350,121795,123345,125670,127280,129430,130920,133155,134645,137090,138480,140760,142215,143855,144510,146015,148400,149885,150815,151420,152540,153900,155690,156460,157815,159215,159870,160800,162220,163325,165125,166165,167020,167925,168420,169615,171525,172170,173065,174535,175445,176075,176900,178810,179970,180610,181410,182230]
resources/preprocessed/Interpolated/2020-07-02_14.20.28_RightArm.csv:[62455,63243,63795,64471,64951,65511,65995,66451,66951,67835,68335,68723,69223,69731,70343,70883,71667,72343,72847,73251,74019,74459,75043,75979,76479,77359,77911,78807,79395,80371,80923,82111,82679,84007]
resources/preprocessed/Interpolated/2020-07-02_14.20.28_Belly.csv:[62343,63275,63755,64427,64927,65483,65959,66607,67119,67767,68275,68891,69391,69987,70487,71131,71631,72331,72883,73503,74003,74683,75207,75963,76451,77331,77939,78839,79331,80279,80895,82067,82631,83999]
resources/preprocessed/Interpolated/2020-07-02_14.14.32_RightArm.csv:[32163,32435,33451,33991,34563,35175,35811,36403,37143,37651,38415,38923,39667,40171,40991,41535,42383,42955,43735,44243,45115,45751,46443,47015,47871,48443,49207,49795,50643,51215,52083,52623,53507,54015,54999,55499,56455,57051,57855,58731,59967,60543,62027,62619,63183,63691,64547,64955]
resources/preprocessed/Interpolated/2020-07-02_15.13.22_LeftArm.csv:[23559,24063,24699,25511,26335,27235,28363,29191,30223,31223,32443,33227,34835,35471,36339,37567,39115,39615,41383,42179,43815,44971,46571,47495,49363,49871,51231,52027,53111,54299,54735,55319,55819,57723,58779,60083,61251,62707,63203,63595,64107,65183,65683]
resources/preprocessed/Interpolated/2020-07-02_14.14.32_Belly.csv:[32563,33499,33987,34627,35127,35831,36399,37115,37663,38379,38947,39655,40227,41007,41519,42315,42835,43743,44307,45103,45671,46459,47047,47823,48431,49227,49751,50651,51187,52039,52623,53475,54027,54919,55447,56447,57015,58155,58675,59971,60567,61951,62567,64411,64975]
resources/preprocessed/Interpolated/2020-07-02_14.59.59_RightArm.csv:[74135,74619,75527,76755,77799,78943,79951,81411,82303,83879,84387,86155,86763,88683,89535,91279,92011,93139,94767,96311,96763,97459,98747,99835]
resources/preprocessed/Interpolated/Jan_liegestuetzen3_13_10_2020_Chest.csv:[34010,35550,36230,37065,37690,38470,39170,39965,40595,41255,42020,42840,43515,44145,44770,45580,46205,47060,47685,48635,49260,50350,51045,52055,52685,54135,54800,55415,56140,56760]
resources/preprocessed/Interpolated/2020-07-02_14.20.28_LeftArm.csv:[62751,63227,63731,64403,64903,65463,65967,66351,67491,68079,68599,69387,69723,70319,70867,71459,72047,72883,73231,74007,74419,74923,75939,76443,77047,77883,78679,79383,80287,80875,81655,82711,83523]
resources/preprocessed/Interpolated/2020-07-02_13.00.09_Belly.csv:[27799,28443,29415,30375,31439,32259,32903,34123,35267,36015,37179,38075,39075,40011,41023,42079,43015,44075,44907,46487,47447,48735,49471,51159,52663,53743,55019,56791,57487,57983,59903,60563,61067,61523,61963]
resources/preprocessed/Interpolated/2020-07-02_14.14.32_LeftArm.csv:[32003,32511,33455,33959,34571,35071,35835,36367,37095,37603,38399,38947,39707,40231,41055,41559,42295,42927,43699,44295,45123,45631,46443,46991,47879,48383,49195,49731,50583,51235,52071,52567,53415,53931,54927,55415,56371,57087,58163,58735,59583,60507,62127,62535,64503,64907]
resources/preprocessed/Interpolated/2020-07-02_11.17.39_Belly.csv:[58227,58795,59559,60731,61435,62327,63131,64171,64899,65759,66543,67435,68227,69115,69915,70879,71687,72855,73415,74587,75295,76219,77107,78059,78911,79807,80819,81871,82723,83715,84667,85631,86479,87755,89151,90039,91043,91703,93211,94283,95623,96751,98119,98851,100719,101903,103415,103915,104879,105371,106371,107139,107703,108139]
resources/preprocessed/Interpolated/Andre_liegestuetzen3_13_10_2020_Chest.csv:[31443,32333,33208,33898,34818,35568,36468,37213,38068,38728,39718,40373,41293,42013,43053,43683,44643,45373,46393,47203,48113,48968,50328,51198,52263,53263,54608,55598,57033,57923,59803,60708,62328,63368,64428,64983,65478]
resources/preprocessed/Interpolated/2020-07-02_11.17.39_Chest.csv:[58227,58963,59827,60763,61439,62351,63123,64135,64903,65711,66551,67467,68215,69131,69891,70867,71743,72871,73491,74499,75311,76279,77095,78095,78931,80043,80799,81859,82687,83903,84643,85707,86471,87763,89175,89903,91019,92139,93219,94307,95603,96811,98095,99479,100699,102275,103411,104035,105499,106419,106915,107767]
resources/preprocessed/Interpolated/Jan_liegestuetzen1_13_10_2020_Belly.csv:[84905,85650,86220,88330,90365,91985,94025,95810,97985,99860,102055,103855,105935,107590,109825,111425,113670,115425,117725,119505,120170,121830,123375,124135,125725,127310,129425,131045,133235,134890,137065,138580,140780,142330,143010,144490,146020,148405,149825,150705,151645,152515,153980,154885,156420,157910,158625,160750,162320,163195,163820,165165,166215,166900,167855,168480,169635,170370,172095,173165,174035,175415,176010,176780,177710,178345,178995,179945,180580,181465,182190,183640]
resources/preprocessed/Interpolated/2020-07-02_11.17.39_LeftArm.csv:[58303,59419,59951,61427,62343,63171,64099,64871,65763,66483,67491,68211,69291,69871,71015,71715,72839,73347,74331,75283,76243,76811,78059,78755,80203,80779,81907,82679,83811,84663,85583,86227,87259,88303,89187,90131,91003,92075,93203,94295,95271,96787,98035,99367,100375,101647,103423,103923,104923,105547,106047,107235,107747]
resources/preprocessed/Interpolated/2020-07-02_14.59.59_Belly.csv:[74427,75695,76215,77239,79023,79547,81347,81867,83811,84443,86159,86683,87995,89127,91115,92075,93779,94339,96315,96731,97415,98767,99815]
resources/preprocessed/Interpolated/Andre_Squats_13_10_2020_LeftArm.csv:[61151,61851,63051,63741,66446,68226,71651,72896,74066,75186,76941,78331,79251,79991,82101,83301,84311,84946,86991,88296,89416,90111,92141,93221,94016,94891,97401,98531,99146,100066,102231,103421,104366,105046,107151,108331,109021,110191,112211,113201,114456,114911,116861,118001,119196,119791,121481,122761,123806,124306,126161,126876,128541,129271,130831,131571,132496,133286,133981,135581,136376,137931,138676,140441,141151,142116,142986,143606,145386,146141,147756,148446,149996,150856,152391,153211,154171,154921,155636,157356,158991]
resources/preprocessed/Interpolated/2020-07-02_14.07.33_Chest.csv:[7709,8409,8961,9633,10209,10849,11501,12217,12749,13569,14169,14861,15413,16169,16669,17429,18029,18729,19253,20009,20593,21429,22009,22841,23445,24193,24733,25541,26045,26885,27481,28313,28893,29805,30369,31197,31741,32677,33181,34085,34653,35561,36069,37085,37609,38553,39121,40265,40757,41949,42457,44065]
resources/preprocessed/Interpolated/2020-07-02_11.17.39_RightArm.csv:[58235,58819,59495,60815,61415,62363,63203,64287,64843,65667,66447,67359,68151,69143,69919,71011,71679,72883,73399,74479,75351,76203,77159,78091,79187,79987,80831,81759,82751,83643,84647,85707,86443,87859,88311,89971,91003,91871,93367,94131,95575,96799,98287,99163,100403,101627,103403,104159,107271,107739]
resources/preprocessed/Interpolated/Andre_liegestuetzen3_13_10_2020_RightArm.csv:[31348,32343,33218,33863,34788,35593,36378,37203,38013,38743,39553,40358,41268,41993,42928,43698,44648,45393,46443,47068,48113,48998,50318,51183,52273,53268,54678,55643,57098,57953,59808,60713,62588,63468,64328,64973]
resources/preprocessed/Interpolated/2020-07-02_12.50.00_LeftArm.csv:[16911,17347,18715,19343,20391,21159,22283,22799,24491,25139,26555,27007,28523,29063,30479,31431,32367,33043,33759,34459,35111,36871,37375,38839,39667,40031,41147,41879,43271,43987,45591,46179,47815,48727,50483,51259,53563,54959,55591,57031,58471,59899,60631,61347,62927]
resources/preprocessed/Interpolated/2020-07-02_14.20.28_Chest.csv:[62347,63259,63763,64411,64931,65495,66051,66651,67183,67811,68279,68895,69399,70035,70531,71163,71667,72375,72891,73543,74043,74723,75259,75959,76507,77367,77939,78811,79391,80343,80931,82131,82699,83995]
resources/preprocessed/Interpolated/2020-07-02_14.07.33_RightArm.csv:[7165,7465,8397,9001,9561,10225,10849,11509,12253,12761,13513,14137,14841,15425,16141,16757,17453,17961,18685,19185,19973,20605,21405,21969,22829,23401,24213,24717,25565,26077,26865,27373,28333,28837,29845,30353,31249,31769,32673,33161,34161,34681,35605,36101,37061,37609,38597,39113,40205,40733,41925,42425,42925,43745,44093]
resources/preprocessed/Interpolated/Lukas_liegestuetzen1_13_10_2020_RightArm.csv:[38140,38820,39635,40340,41250,42020,43200,43920,44760,45680,46610,47390,48160,49025,50020,50950,51770,52705,53770,54690,55640,56720,57455,58400,59385,60355,61245,62280,62910,64030,64860,65975,66820,67730,68535,69610,70620,71545,72370,73325,74010,75085,75715,76735,77580,78540,79455,80435,81100,82620,83245,83655]
resources/preprocessed/Interpolated/2020-07-02_14.07.33_Belly.csv:[7693,8369,8977,9649,10229,10897,11529,12225,12733,13533,14109,14841,15385,16165,16689,17433,17965,18737,19273,20021,20589,21413,21925,22841,23381,24177,24693,25533,26041,26853,27417,28305,28869,29789,30329,31181,31701,32633,33133,33985,34577,35541,36089,37069,37569,38509,39105,40189,40725,41909,42417,43957]
resources/preprocessed/Interpolated/Andre_liegestuetzen1_13_10_2020_RightArm.csv:[17451,18316,19186,20121,20971,22021,22656,23556,24376,25291,26056,26781,27631,28566,29411,30251,30961,31766,32641,33276,34246,34876,35726,36536,37446,38221,39086,39921,40626,41401,42406,43031,44051,44676,45761,46381,47416,48286,49296,49901,51021,51651,52936,53586,54881,55591,56871,57811,59096,60061,62261,63086,64736,65721,66631]
resources/preprocessed/Interpolated/2020-07-02_12.50.00_RightArm.csv:[16419,17315,18695,19359,20559,21211,22359,23015,24599,25147,26399,27415,28655,29455,30523,31419,32383,33079,34559,35143,36699,37743,38899,39547,40415,41283,42295,43343,44019,45519,47031,48115,49459,50579,51959,53111,53635,54147,55579,57051,58731,59807,60639,62947]
resources/preprocessed/Interpolated/Andre_Squats2_13_10_2020_Belly.csv:[47555,48260,49320,50060,51575,52335,53790,54555,56185,56820,58460,59205,60885,61590,63260,63965,65555,67615,69060,70290,72945,74965,76375,78355,79900,81815,83315,84120,84735,85680,86850,88500,91770,93025,94025,95625,96515,98780,100120,101095,102765,104120,104695,105750,109595,110965,111570,112890,114850,115670,116685,118215,118780,119840,122450,125510,127015,130115,131550,134950,135985,136790,137570,139435,140620,141345,142320,144370,145520,146450,147075,149285,151040,153680,154960,155545,156525,158440,159580,160780,161130,163250,164465,165605,166260,168190,169320,170365,171540,173350,174665,175330,176375,178250,179545,180335,181285,183030,184470,185430,186310,188365,189415,190510,191275,193070,194325,195330,196050,198010,199405,200100,200875,202690,203885,204505,205400,207400,208955,209785,210205,210805,212300,213495]
resources/preprocessed/Interpolated/2020-07-02_12.50.00_Chest.csv:[16335,17379,18695,19327,20527,21179,22299,23023,24547,25347,26479,27367,28587,29403,30455,31431,32423,33499,34495,35315,36691,37759,38887,39595,41215,42311,43275,44403,45519,46415,47879,48851,50543,51659,52699,53099,53587,54531,55515,57091,57835,58575,59667,60631,62683]
resources/preprocessed/Interpolated/2020-07-02_13.00.09_Chest.csv:[27779,28435,29431,30367,31379,32271,32987,34131,35103,36003,37147,38051,39115,39991,41319,42047,42995,44123,44891,46527,47791,48751,49459,51147,52595,53927,54951,56775,57527,59663,60479,62067,62395]
resources/preprocessed/Interpolated/2020-07-02_13.00.09_RightArm.csv:[27851,28347,29599,30343,31587,32191,32683,33315,34119,35379,36079,37003,37939,38803,39959,41251,42035,43031,44235,44731,46615,47471,48475,50051,50815,51963,52335,52911,53519,54891,56987,57659,58023,59403,59779,60431,61015,61911,62407]
resources/preprocessed/Interpolated/2020-07-02_15.13.22_Chest.csv:[23203,24047,24687,25631,26463,27223,28355,29039,30235,31235,32435,33259,34587,35315,36759,37427,39007,39591,41051,42347,43831,44335,46459,46959,49383,49895,52087,52591,54767,55299,55903,57735,58271,58623,59303,60131,61459,62119,62507,63879,65283,65995]
resources/preprocessed/Interpolated/Andre_liegestuetzen1_13_10_2020_Belly.csv:[17351,18331,19211,20061,21101,21831,22706,23466,24461,25211,26076,26806,27761,28576,29436,30146,31021,31676,32626,33291,34141,34951,35906,36566,37486,38231,39096,39731,40636,41451,42346,43021,44061,44736,45736,46441,47406,48141,49261,49901,50981,51656,52911,53571,54841,55581,56986,57726,59141,60036,62021,63076,64836,65766,66491]
resources/preprocessed/Interpolated/2020-07-02_15.31.36_Belly.csv:[72387,73355,74163,75295,76143,76595,77035,77963,78979,79975,81299,81859,82347,83211,85435,86911,87915,88731,90111,90987,92287,93171,94599,95331,96899,97399,99191,100115,101575,102387,104051,104787,106735,107399,109343,109839,112079,112791,113975]
resources/preprocessed/Interpolated/Jan_liegestuetzen2_13_10_2020_LeftArm.csv:[18851,19381,19966,20776,21491,22116,22776,23481,24106,24826,25421,26136,26721,27491,28116,28826,29531,30156,31016,31571,32461,33061,33796,34416,35321,35981,36796,37531,38621,39246,40166,40791,42061,42686,43951,44576,46241,46866,48736,49496,50346,50961]
resources/preprocessed/Interpolated/2020-07-02_15.31.36_Chest.csv:[72271,72747,74327,75375,75971,76835,78655,79047,79851,81311,81947,82735,83235,85379,86815,87939,88811,90239,91067,92279,93159,94583,95439,96859,97663,99231,100107,101539,102503,104047,104963,106015,107451,109367,109859,112119,112947,113975]
resources/preprocessed/Interpolated/Andre_Squats_13_10_2020_RightArm.csv:[61386,61841,63081,63701,66346,68031,71631,73001,73796,75296,76931,78281,78986,79976,82151,83321,84266,84881,87061,88371,89381,90006,92051,93251,93996,94611,97321,98506,102216,103536,104421,105196,107181,108371,109041,110231,112111,113181,114446,114986,116831,117951,119256,119891,121521,122651,123851,124271,126131,126846,128491,129276,130786,131651,132561,133331,133961,135581,136391,137971,138751,140426,141166,142941,143646,145306,145996,147741,148461,149966,150851,152476,153191,154931,155641,157256,158081]
resources/preprocessed/Interpolated/2020-07-02_14.14.32_Chest.csv:[32567,33499,34019,34615,35143,35839,36391,37123,37687,38427,38963,39699,40251,41019,41599,42339,42967,43755,44347,45115,45683,46463,47071,47887,48475,49247,49819,50683,51219,52123,52631,53483,54067,54991,55507,56479,57159,58179,58759,60003,60559,61983,62631,64499,64995]
resources/preprocessed/Interpolated/2020-07-02_15.31.36_LeftArm.csv:[72587,73107,74227,75511,76127,76627,77543,78959,80079,80575,81439,81939,82679,83179,85103,85375,86839,87919,88783,90295,91087,92283,93183,94655,95267,96347,96683,97559,99227,99875,101599,102495,104119,105111,105983,107447,109347,110003,112099,112899,113875]
resources/preprocessed/Interpolated/2020-07-02_15.31.36_RightArm.csv:[72899,73407,74443,76627,77491,77963,79183,80063,80515,81331,82131,83231,85391,86839,88095,88787,90319,90975,91879,92863,94595,95399,96851,97627,98807,100235,101543,102543,103855,104035,105131,105887,107483,108783,110979,112127,112895,113395,113779]
resources/preprocessed/Interpolated/Andre_Squats2_13_10_2020_Chest.csv:[47550,48375,49325,50065,51660,52285,53840,54535,56115,56815,58510,59185,60895,61585,63285,63915,65555,67600,69015,70350,72960,75025,76480,78320,79895,81825,83350,84100,84715,85615,86905,88535,91570,93005,93975,95635,96515,98760,100345,101060,102760,104050,104690,105780,109595,110935,111780,112785,114940,115610,116675,118160,118890,119890,122460,123940,125515,127035,130190,131565,132210,134905,136080,136795,137575,139480,140625,141370,142335,144265,145485,146445,147090,149350,151035,153645,154965,155780,156505,158445,159585,160785,161135,163220,164475,165600,166270,168185,169395,170380,171530,173335,174660,175590,176370,178395,179540,180330,181260,183035,184485,185435,186315,188350,189445,190525,191265,193135,194505,195355,196055,198025,199400,200110,200870,202695,203885,204510,205425,207395,208940,209560,210185,212075,213570]
resources/preprocessed/Interpolated/2020-07-02_14.07.33_LeftArm.csv:[7173,7465,8429,8929,9613,10329,10957,11469,12157,12657,13561,14161,14809,15441,16165,16665,17409,17913,18753,19317,20001,20505,21397,21909,22829,23441,24157,24661,25509,26017,26861,27365,28289,28921,29761,30337,31165,31661,32609,33097,34029,34529,35493,36005,37057,37553,38485,39085,40065,40797,41869,42485,43617,44117]
resources/preprocessed/Interpolated/Andre_Squats2_13_10_2020_RightArm.csv:[47500,48380,49255,50100,51655,52360,53785,54545,56125,56820,58510,59155,60890,61700,63170,63950,65525,67445,69145,70290,72945,74875,76525,78240,79820,81790,83430,85225,86935,88380,90725,92755,94005,95650,97540,98535,100420,101075,102815,104765,105425,106575,107180,109165,110115,112675,113775,114675,117025,118180,118835,119835,122060,125615,126970,130290,131495,133445,134855,135990,136665,137605,139335,140585,141530,142375,144200,145510,146425,147205,149025,150985,151600,153710,155025,155855,156580,158470,159570,162040,163205,164460,165625,166315,168210,169400,169965,170995,171580,173315,174610,176160,177240,177885,179500,181320,183010,184430,185780,186365,188085,189650,190665,191320,193180,194280,196130,198005,199490,201020,202480,203940,204510,205455,207380,209000,209840,210210,210835,212055,213995]
resources/preprocessed/Interpolated/Andre_liegestuetzen1_13_10_2020_LeftArm.csv:[17416,18281,19151,19996,21091,21991,22746,23526,24496,25126,26166,26791,27756,28576,29296,30136,31001,31681,32601,33321,34181,34961,35781,36591,37561,38201,39096,39866,40771,41426,42326,43106,44066,44711,45851,46471,47546,48176,49256,49866,50976,51611,52956,53676,54931,55626,56906,57746,59211,60091,62086,63101,64826,65686,66571]
resources/preprocessed/Interpolated/2020-07-02_13.00.09_LeftArm.csv:[27763,28183,29639,30291,31503,32555,33123,33743,35055,35987,37215,38339,38923,40371,41031,42039,43031,44071,44875,46491,47523,48471,50123,51439,52515,53499,54971,57043,57719,59279,59691,60431,61031,61867,62367]
resources/preprocessed/Interpolated/Andre_liegestuetzen3_13_10_2020_LeftArm.csv:[31383,32313,33248,33888,34853,35658,36518,37153,38098,38763,39643,40363,41233,42018,43048,43673,44558,45353,46433,47158,48198,48928,50398,51273,52328,53363,54768,55598,57078,57913,59978,60753,62578,63548,64283,65198]
resources/preprocessed/Interpolated/Lukas_liegestuetzen1_13_10_2020_LeftArm.csv:[38015,38660,39680,40200,41170,42070,43010,43950,44645,45690,46480,47415,48190,49095,49990,50925,51725,52795,53645,54705,55590,56560,57380,58355,59180,60335,61195,62170,62995,63875,64685,65920,66780,67770,68830,69665,70645,71565,72400,73325,73960,75085,75710,76775,77400,78555,79185,80365,81085,82360,82795,83420]
resources/preprocessed/Interpolated/Andre_Squats2_13_10_2020_LeftArm.csv:[47730,48460,49340,50045,51630,52310,53895,54520,56030,56840,58545,59170,60940,61580,63300,63925,65600,67570,69190,70660,72910,74875,76495,78250,79820,81730,83385,84130,85795,86890,88390,90725,93020,93915,95560,98220,100405,101105,102715,104135,104705,105740,106365,107030,109575,110165,111825,112750,116950,118170,118985,119670,120620,121970,125585,126930,128105,128725,130310,131470,132200,133425,134855,136040,136615,137640,139425,140570,141300,142355,144155,145475,146430,147190,149310,150940,151635,153655,154885,155435,156585,158370,159545,159835,160765,162040,163180,164435,165725,166420,168215,169345,170365,171635,173275,174715,177315,177970,179470,180775,181325,183135,184455,185800,186300,187985,189355,190580,191265,193085,194615,195615,196295,197955,199335,200135,200890,202780,203895,204535,207420,208960,209840,210495,212105,213560]
resources/preprocessed/Interpolated/Andre_Squats_13_10_2020_Belly.csv:[61151,61956,63061,63806,66436,67926,71581,72856,74036,75016,76971,78301,78966,79921,82051,83281,84156,84861,87011,88351,89216,89891,92141,93411,94086,94961,97301,98521,99286,99971,102271,103441,104306,105001,107101,108341,109276,110071,112041,113361,114116,114831,116841,118041,118766,119721,121631,122661,123786,124431,126111,126766,128481,129166,130876,131561,133266,133881,135616,136316,138066,138696,140496,141171,143016,143651,145391,146071,147781,148451,150141,150796,152581,153231,155001,155656,157401,158076]
resources/preprocessed/Interpolated/Andre_liegestuetzen2_13_10_2020_Chest.csv:[40301,41111,42046,42866,43586,44486,45286,46001,46876,47791,48586,49401,50381,51136,52101,52756,53666,54556,55596,56281,57351,58076,59206,59951,61016,61731,62991,63726,65021,65651,67096,67791,69266,70066,71651,72591,74251,75396,77251,78841,79476]
resources/preprocessed/Interpolated/Andre_liegestuetzen2_13_10_2020_LeftArm.csv:[40121,41291,42006,42791,43536,44486,45296,46001,46926,47841,48591,49391,50381,51116,52071,52746,53671,54536,55561,56191,57486,58211,59216,59951,60996,61791,63021,63886,64996,65626,67121,67996,69381,70206,71641,72761,74341,75486,76086,77671,78836,79446]
resources/preprocessed/Interpolated/Lukas_liegestuetzen3_13_10_2020_LeftArm.csv:[11126,11766,12491,13146,14086,15031,15746,16176,16806,17541,17971,18791,19421,20271,20966,21606,22291,23156,23776,24741,25371,26431,27051,27931,28691]
resources/preprocessed/Interpolated/Andre_liegestuetzen1_13_10_2020_Chest.csv:[17431,18291,19306,20156,21031,21866,22696,23521,24446,25271,26136,26866,27811,28571,29411,30226,31001,31761,32611,33371,34206,34971,35906,36621,37561,38196,39091,39866,40631,41446,42411,43076,44041,44736,45756,46536,47446,48161,49241,49891,51006,51636,52916,53611,54831,55576,56986,57661,59201,60036,61981,63091,64846,65716,66511]
resources/preprocessed/Interpolated/Andre_liegestuetzen2_13_10_2020_RightArm.csv:[40281,41301,41971,42901,43586,44376,45181,45971,46886,47801,48666,49461,50386,51176,52026,52811,53731,54451,55581,56346,57226,58231,59071,60006,61081,61711,63051,63856,64921,65731,67106,67846,69261,70266,71776,72616,74466,75341,76141,77556,78811,79496]
resources/preprocessed/Interpolated/2020-07-02_12.50.00_Belly.csv:[16051,16363,17295,18691,19351,20527,21175,22375,22951,24503,25339,26479,27363,28571,29451,30491,31495,32383,33491,34519,35335,36799,37751,38903,39747,41259,42307,43471,44415,45559,46471,47879,49151,50547,51671,53503,54547,55427,57099,57695,58667,59667,60559,62715]
resources/preprocessed/Interpolated/Andre_liegestuetzen3_13_10_2020_Belly.csv:[31333,32368,33143,33928,34738,35548,36503,37143,38088,38723,39753,40378,41303,41958,42978,43688,44668,45343,46463,47103,48138,48918,50348,51193,52283,53288,54618,55518,57043,57903,59428,60698,62358,63498,64183,64918,65498]
resources/preprocessed/Interpolated/Andre_Squats_13_10_2020_Chest.csv:[61131,61926,63116,63806,66641,67926,69031,71581,72876,74036,75001,76966,78286,79171,79776,82106,83306,84271,84876,86966,88366,89221,89966,92176,93396,94041,94926,97386,98526,99281,99986,100611,102356,103606,104361,105026,107236,108366,109291,110066,112126,113376,114221,114906,116836,118116,119061,119696,121556,122696,123641,124356,126146,126786,128476,129196,130856,131576,133291,133921,135601,136321,138056,138691,140446,141171,143006,143646,145326,146031,147756,148466,150126,150811,152511,153221,154961,155641,157371,158076]
resources/preprocessed/Interpolated/Jan_liegestuetzen1_13_10_2020_LeftArm.csv:[85640,86275,88160,89760,90710,92000,94160,95780,98060,99755,102175,103640,105830,107680,109750,111435,113710,115275,117705,119380,121780,123375,125830,127250,129705,130865,133095,134690,137030,138570,140730,142260,143870,144395,146055,148355,149855,150800,151360,152510,153960,156505,157785,159265,159765,160740,162260,165065,166165,167015,167685,168505,169625,170625,171535,172140,173005,174735,175180,176010,176940,178810,179440,180530,181605,182295,183405,183765]
