resources/preprocessed/Interpolated/Lukas_liegestuetzen3_13_10_2020_RightArm.csv:[11011,12381,14126,15726,16911,18166,19436,20911,22356,23761,25236,26991,28421]
resources/preprocessed/Interpolated/Lukas_liegestuetzen3_13_10_2020_Chest.csv:[11151,12301,14116,15701,16821,18156,19431,20851,22256,23731,25261,26986,28676]
resources/preprocessed/Interpolated/Lukas_liegestuetzen3_13_10_2020_Belly.csv:[11176,12416,14146,15746,16821,18056,19481,20811,22261,23641,25211,26911,28586]
resources/preprocessed/Interpolated/Lukas_liegestuetzen2_13_10_2020_RightArm.csv:[36040,37055,38790,40225,41760,43275,45035,46805,48520,50210,51895,53435,55065,56615,58345,60000,61830,63165,64435,65815,67530,68685,70565,71845,72875]
resources/preprocessed/Interpolated/Lukas_liegestuetzen2_13_10_2020_LeftArm.csv:[36050,37155,38600,40260,41835,43320,45060,46745,48420,50110,51755,53605,55050,56585,58295,60065,61855,64495,67535,68835,70545,71800,73210]
resources/preprocessed/Interpolated/Lukas_liegestuetzen2_13_10_2020_Chest.csv:[36005,37075,38755,40285,41805,43270,45080,46760,48420,50210,51770,53455,55060,56585,58220,60000,61830,63230,64280,65860,67540,68655,70490,71875,73165]
resources/preprocessed/Interpolated/Lukas_liegestuetzen2_13_10_2020_Belly.csv:[36035,37145,38745,40245,41840,43310,45175,46700,48485,50200,51785,53460,55080,56590,58215,59875,61785,62760,64330,65390,67530,68640,70495,71785,72610]
resources/preprocessed/Interpolated/Lukas_liegestuetzen1_13_10_2020_Belly.csv:[38000,39590,41185,43040,44795,46465,48260,49995,51865,53665,55585,57365,59230,61215,63020,64675,66675,68575,70550,72240,73980,75715,77500,79200,81095,82250,83300]
resources/preprocessed/Interpolated/Jan_liegestuetzen3_13_10_2020_RightArm.csv:[34485,36260,37685,39215,40590,42005,43465,44880,46175,47610,49240,50840,52655,53760,54750,55850]
resources/preprocessed/Interpolated/Jan_liegestuetzen3_13_10_2020_LeftArm.csv:[34035,36185,37635,39240,40585,42030,43440,44885,46275,47685,49270,51030,51735,52790,53670,54810]
resources/preprocessed/Interpolated/Jan_liegestuetzen3_13_10_2020_Belly.csv:[34045,36240,37710,39115,40545,41910,43375,44835,46130,47610,49160,50960,52670,53690,54700]
resources/preprocessed/Interpolated/Jan_liegestuetzen2_13_10_2020_RightArm.csv:[17096,19381,20736,22101,23321,24841,26126,27521,28866,30201,31621,32996,34366,35961,37436,39216,40851,42581,44506,45496]
resources/preprocessed/Interpolated/Jan_liegestuetzen2_13_10_2020_Chest.csv:[17046,19326,20781,22116,23476,24826,26081,27391,28891,30176,31601,33006,34421,35981,37451,39216,40771,41696,42591,43556,44516,45841,46901,48111]
resources/preprocessed/Interpolated/Jan_liegestuetzen2_13_10_2020_Belly.csv:[16996,19286,20756,22141,23421,24761,26091,27396,28821,30181,31581,32996,34421,35946,37471,39081,40766,41551,42581,44521,46826]
resources/preprocessed/Interpolated/2020-07-02_14.59.59_LeftArm.csv:[73999,74999,76163,77215,78779,79835,81091,81915,83455,84515,85963,86703,88359,89167,90835,91991,92675,94571,97543]
resources/preprocessed/Interpolated/Andre_liegestuetzen2_13_10_2020_Belly.csv:[39996,41136,42801,44376,46001,47741,49416,51061,52776,54496,56281,58101,59891,61731,63726,65726,67861,70096,71036,72591,73641,75391]
resources/preprocessed/Interpolated/Jan_liegestuetzen1_13_10_2020_RightArm.csv:[84900,91945,95875,99910,101600,103695,106040,107665,111395,115435,119375,123420,126440,131080,134785,137220,138595,142270,146160,149940,154010,157350,162330,166210,167425,169220]
resources/preprocessed/Interpolated/2020-07-02_14.59.59_Chest.csv:[74143,74947,76483,77199,78763,79527,81119,81903,83531,84435,85911,86727,88351,89171,90895,92071,93507,94391,96371,97307,99291]
resources/preprocessed/Interpolated/2020-07-02_15.13.22_Belly.csv:[23411,25403,27195,29111,31123,33167,35295,36515,37455,38775,39567,41851,43555,44355,46255,46991,48955,49807,51759,52663,54815,55967,59171,63039]
resources/preprocessed/Interpolated/2020-07-02_15.13.22_RightArm.csv:[23267,25395,27199,28231,29055,31127,32195,33151,34307,35267,36575,37651,38823,39571,41159,42267,43591,44403,46295,47067,48971,49895,51787,52643,54751,55939,59331,60731]
resources/preprocessed/Interpolated/Lukas_liegestuetzen1_13_10_2020_Chest.csv:[38135,39650,41355,43100,44750,46545,48175,50020,51775,53660,55635,57445,59215,61205,62990,64670,66610,68550,70620,72380,73960,75715,77420,79195,81080,83275]
resources/preprocessed/Interpolated/Jan_liegestuetzen1_13_10_2020_Chest.csv:[84915,88225,91940,95795,99770,103745,107515,111415,115365,119350,123345,127280,130920,134645,138480,142215,146015,149885,153900,157815,162220,166165,167925,169615,173065,175445,176900,178135,181410,182855]
resources/preprocessed/Interpolated/2020-07-02_14.20.28_RightArm.csv:[62007,63795,64951,65995,66951,68335,69223,70343,71031,71667,72847,73411,74019,74603,75043,76479,77911,79395,80923,81887,82679,83451]
resources/preprocessed/Interpolated/2020-07-02_14.20.28_Belly.csv:[62343,63003,63755,64927,65959,67119,68275,69391,70487,71631,72883,74003,75207,76451,77939,79331,80895,82631]
resources/preprocessed/Interpolated/2020-07-02_14.14.32_RightArm.csv:[32435,33991,35175,36403,37651,38923,40171,41535,42955,44243,45751,47015,48443,49795,51215,52623,54015,55499,57051,58731,59479,60543,61255,64955]
resources/preprocessed/Interpolated/2020-07-02_15.13.22_LeftArm.csv:[23279,25511,27235,28131,29191,30267,31223,32279,33227,34343,35471,36599,37567,38835,39615,41887,43591,44423,45587,47495,49871,51731,52715,53799,60083,61763,63203,65683]
resources/preprocessed/Interpolated/2020-07-02_14.14.32_Belly.csv:[32563,33227,33987,35127,36399,37663,38947,40227,41519,42835,44307,45671,47047,48431,49751,51187,52623,54027,55447,57015,58675,60567,62567,63403,64975]
resources/preprocessed/Interpolated/2020-07-02_14.59.59_RightArm.csv:[74135,75115,76507,77243,78827,79951,81127,82303,83507,84387,85915,86763,88411,89195,90895,92011,93519,94767,96311,97459,99119]
resources/preprocessed/Interpolated/Jan_liegestuetzen3_13_10_2020_Chest.csv:[34010,36230,37690,39170,40595,42020,43515,44770,46205,47685,49260,51045,51770,52685,53735,54800,56140]
resources/preprocessed/Interpolated/2020-07-02_14.20.28_LeftArm.csv:[61995,63731,64903,65967,66851,68079,68783,69387,70319,71459,72647,73403,74007,74923,76443,77883,79383,80079,80875,82711,83739]
resources/preprocessed/Interpolated/2020-07-02_13.00.09_Belly.csv:[27131,29415,31439,32903,35267,37179,39075,40631,43015,44907,47447,49471,51859,55019,57487]
resources/preprocessed/Interpolated/2020-07-02_14.14.32_LeftArm.csv:[32511,33959,35071,36367,37603,38947,40231,41559,42927,44295,45631,46991,48383,49731,51235,52567,53931,55415,56191,57087,58735,59315,60507,61667,62535,64907]
resources/preprocessed/Interpolated/2020-07-02_11.17.39_Belly.csv:[58795,60731,62327,64171,65759,67435,69115,70879,72855,74587,76219,78059,79807,81871,83715,85631,87135,88871,90039,91703,94283,96163,98851,101631,103915]
resources/preprocessed/Interpolated/Andre_liegestuetzen3_13_10_2020_Chest.csv:[30998,32333,33898,35568,37213,38728,40373,42013,43683,45373,47203,48968,51198,53263,55598,57923,59263,60708,62108,63368]
resources/preprocessed/Interpolated/2020-07-02_11.17.39_Chest.csv:[58963,60763,62351,64135,65711,67467,69131,70867,72871,74499,76279,78095,80043,81859,83603,85707,87191,88871,89903,92139,94307,95327,96811,99479,101619,104035,107767]
resources/preprocessed/Interpolated/Jan_liegestuetzen1_13_10_2020_Belly.csv:[85650,86780,91985,95810,99860,103855,104840,106290,107590,111425,115425,119505,123375,127310,131045,134890,138580,142330,146020,149825,153980,157910,161575,166215,167340,169635,173165,176780,181465,182805]
resources/preprocessed/Interpolated/2020-07-02_11.17.39_LeftArm.csv:[58303,59951,62343,64099,65059,65763,67491,69291,70119,71015,71911,72839,74331,76243,77303,80203,80999,81907,83543,84815,85583,87259,88799,90131,92075,94295,95443,100879,103923]
resources/preprocessed/Interpolated/2020-07-02_14.59.59_Belly.csv:[74159,74919,76447,77239,78803,79547,81119,81867,83539,84443,85903,86683,88291,89127,90835,91687,93531,94339,96315,97415,99143]
resources/preprocessed/Interpolated/Andre_Squats_13_10_2020_LeftArm.csv:[61151,63051,64241,66446,68866,71651,74066,76941,79251,82101,84311,86991,88916,92141,94016,96921,99146,102231,104366,107151,109021,112211,114456,116861,118681,121481,123306,126161,127126,128541,129496,130831,131916,133286,134281,135581,136676,137931,139076,140441,141601,142986,144051,145386,146401,147756,148891,149996,151156,152391,153621,154921,156016,157356,158481]
resources/preprocessed/Interpolated/2020-07-02_14.07.33_Chest.csv:[7005,8961,10209,11501,12749,14169,15413,16669,18029,19253,20593,22009,23445,24733,26045,27481,28893,30369,31741,33181,34653,36069,37609,39121,40757,42457,43385]
resources/preprocessed/Interpolated/2020-07-02_11.17.39_RightArm.csv:[58819,59995,62363,63719,65667,67359,69143,70111,71011,72675,74479,76203,78091,79127,79987,81759,83643,84823,85707,87859,88799,91871,93303,94131,96799,99163,101627,104159]
resources/preprocessed/Interpolated/Andre_liegestuetzen3_13_10_2020_RightArm.csv:[30998,32343,33863,35593,37203,38743,40358,41993,43698,45393,47068,48998,51183,53268,55643,57953,59133]
resources/preprocessed/Interpolated/2020-07-02_12.50.00_LeftArm.csv:[16291,22283,23299,25459,26555,27511,29571,31559,33535,34459,35607,36871,37879,40031,41399,42371,44483,45591,46655]
resources/preprocessed/Interpolated/2020-07-02_14.20.28_Chest.csv:[62015,63763,64931,66051,67183,68279,69399,70531,71667,72891,74043,75259,76507,77939,79391,80931,82699]
resources/preprocessed/Interpolated/2020-07-02_14.07.33_RightArm.csv:[7017,10225,11509,12761,14137,15425,16757,17961,19185,20605,21969,23401,24717,26077,27373,28837,30353,31769,33161,34681,36101,37609,39113,40017,40733,41521,42425,43745]
resources/preprocessed/Interpolated/Lukas_liegestuetzen1_13_10_2020_RightArm.csv:[38140,39635,41250,43200,44760,46610,48160,50020,51770,53770,55640,57455,59385,61245,62910,64860,66820,68535,69760,70620,72370,74010,75715,77580,79455,81100,83245]
resources/preprocessed/Interpolated/2020-07-02_14.07.33_Belly.csv:[7005,8977,10229,11529,12733,14109,15385,16689,17965,19273,20589,21925,23381,24693,26041,27417,28869,30329,31701,33133,34577,36089,37569,39105,40725,41373,42417,43357,44117]
resources/preprocessed/Interpolated/Andre_liegestuetzen1_13_10_2020_RightArm.csv:[17051,18316,20121,22021,23556,25291,26781,28566,30251,31766,33276,34876,36536,38221,39921,41401,43031,44676,46381,48286,49901,51651,53586,55591,57811,60061]
resources/preprocessed/Interpolated/2020-07-02_12.50.00_RightArm.csv:[16419,19859,22359,23307,24599,25455,26399,27507,28655,29575,30523,31587,32383,33327,34559,35623,36699,37951,40043,41283,43343,44515,45519,46707]
resources/preprocessed/Interpolated/Andre_Squats2_13_10_2020_Belly.csv:[47555,49320,50375,51575,52710,53790,54900,56185,57205,58460,59550,60885,61955,63260,64290,65555,69060,72055,74245,76375,77310,79900,83315,86850,89405,94025,96515,104120,105750,110965,112890,118215,119840,123305,124740,128190,130115,132215,134950,136790,139435,141345,143205,144370,146450,149285,150455,153680,155545,157300,158440,160245,163250,165120,166980,168190,169505,173350,175330,178250,180335,183030,185125,188365,190510,193070,195330,197055,200100,201735,202690,204505,206135,207400,209785,210805,212300,213815]
resources/preprocessed/Interpolated/2020-07-02_12.50.00_Chest.csv:[16335,17887,19915,22299,23307,24547,26479,28587,30455,32423,34495,35683,36691,37939,38887,40059,41215,43275,44551,45519,46731,47879,49283,50543,51803,52699,54695,55515,57835,60631,62995]
resources/preprocessed/Interpolated/2020-07-02_13.00.09_Chest.csv:[27123,29431,31379,32987,35103,37147,38887,41319,42995,44891,47423,49459,52111,54951,57527]
resources/preprocessed/Interpolated/2020-07-02_13.00.09_RightArm.csv:[27171,29599,30919,32683,33563,35379,37003,37803,38803,40603,43031,49599]
resources/preprocessed/Interpolated/2020-07-02_15.13.22_Chest.csv:[23127,25631,27223,29039,31235,33259,35315,36575,37427,38855,39591,41903,43599,44335,46271,46959,48959,49895,51807,52591,53859,55903,58271,59303,62119,63219]
resources/preprocessed/Interpolated/Andre_liegestuetzen1_13_10_2020_Belly.csv:[16996,18331,20061,21831,23466,25211,26806,28576,30146,31676,33291,34951,36566,38231,39731,41451,43021,44736,46441,48141,49901,51656,53571,55581,57726,60036,61086,63076,64026,65766]
resources/preprocessed/Interpolated/2020-07-02_15.31.36_Belly.csv:[72271,88731,89923,90987,93171,95331,97399,100115,101267,102083,103851,104787,106371,107399,108251,109839,111023,112791,113559]
resources/preprocessed/Interpolated/Jan_liegestuetzen2_13_10_2020_LeftArm.csv:[17346,19381,20776,22116,23481,24826,26136,27491,28826,30156,31571,33061,34416,35981,37531,39246,40791,41681,42686,43536,44576,45696,46866]
resources/preprocessed/Interpolated/2020-07-02_15.31.36_Chest.csv:[72271,88811,89999,91067,93159,94387,95439,96663,97663,98939,100107,101327,102115,103847,104963,106403,107451,109131,109859,111771,112947,113663]
resources/preprocessed/Interpolated/Andre_Squats_13_10_2020_RightArm.csv:[61386,63081,64231,66346,68631,71631,73796,76931,78986,82151,84266,87061,89381,92051,93996,97321,98786,102216,104421,107181,109041,112111,113686,116831,118526,121521,123336,126131,127176,128491,129516,130786,132036,133331,134306,135581,136721,137971,139096,140426,141576,142941,144046,145306,146421,147741,149081,149966,151146,152476,153641,154931,155991,157256,158476]
resources/preprocessed/Interpolated/2020-07-02_14.14.32_Chest.csv:[32567,34019,35143,36391,37687,38963,40251,41599,42967,44347,45683,47071,48475,49819,51219,52631,54067,55507,57159,58759,60559,62631,64995]
resources/preprocessed/Interpolated/2020-07-02_15.31.36_LeftArm.csv:[72271,91087,92007,92895,94487,95267,96683,99015,99875,101307,102087,103815,106367,107447,108219,110003,111691,112899]
resources/preprocessed/Interpolated/2020-07-02_15.31.36_RightArm.csv:[72271,90975,92063,92863,94407,95107,97627,98991,100235,102543,103535,105131,106387,107483,109167,110251,111763,112895,113779]
resources/preprocessed/Interpolated/Andre_Squats2_13_10_2020_Chest.csv:[47550,49325,50370,51660,52730,53840,54895,56115,57200,58510,59560,60895,61940,63285,64300,65555,69015,72960,76480,79895,83350,86905,90725,93975,96515,104050,105780,110935,112785,118160,119890,123325,124625,128175,129680,132210,134905,136795,139480,141370,144265,146445,149350,151410,153645,155780,157350,158445,160250,163220,165600,166965,168185,170380,173335,175590,178395,180330,183035,185435,188350,190525,193135,195355,198025,200110,201660,202695,204510,206160,207395,209560,210820,212075,213995]
resources/preprocessed/Interpolated/2020-07-02_14.07.33_LeftArm.csv:[7049,8929,10329,11469,12657,14161,15441,16665,17913,19317,20505,21909,23441,24661,26017,27365,28921,30337,31661,33097,34529,36005,37553,39085,40797,42485,43333]
resources/preprocessed/Interpolated/Andre_Squats2_13_10_2020_RightArm.csv:[47500,49255,50350,51655,52715,53785,54890,56125,57190,58510,59585,60890,61960,63170,64280,65525,67115,69145,70970,72100,74215,76525,79820,82450,84595,86935,89295,94005,96425,97540,103440,105425,110115,112675,116790,119835,122605,124695,127535,130290,132420,134855,136665,139335,141530,144200,146425,149025,151600,153710,155855,157430,158470,159805,163205,164660,168210,169965,173315,174805,177885,180040,183010,185195,188085,190665,193180,194390,198005,200525,202480,204510,206160,207380,208355,209840,210835,212055,213390]
resources/preprocessed/Interpolated/Andre_liegestuetzen1_13_10_2020_LeftArm.csv:[17001,18281,19996,21991,23526,25126,26791,28576,30136,31681,33321,34961,36591,38201,39866,41426,43106,44711,46471,48176,49866,51611,53676,55626,57746,60091]
resources/preprocessed/Interpolated/2020-07-02_13.00.09_LeftArm.csv:[27087,28631,30871,32387,33123,34255,36215,37215,38923,40151,42255,48983,50123,52515,54163]
resources/preprocessed/Interpolated/Andre_liegestuetzen3_13_10_2020_LeftArm.csv:[30998,32313,33888,35658,37153,38763,40363,42018,43673,45353,47158,48928,49833,51273,53363,55598,57913,59153]
resources/preprocessed/Interpolated/Lukas_liegestuetzen1_13_10_2020_LeftArm.csv:[38015,39680,41170,43010,44645,46480,48190,49990,51725,53645,55590,57380,59180,61195,62995,64685,66780,68570,70645,72400,73960,75710,77400,79185,81085]
resources/preprocessed/Interpolated/Andre_Squats2_13_10_2020_LeftArm.csv:[47730,49340,50390,51630,52730,53895,54875,56030,57205,58545,59570,60940,61955,63300,64290,65600,66900,69190,71950,74150,76495,79820,82555,84740,86890,89535,93915,96455,103400,106655,110165,112750,118170,119670,122595,124755,127305,129640,132200,134855,136615,139425,141300,144155,146430,148990,151635,153655,155435,157555,158370,159835,163180,164635,166985,168215,170365,173275,174825,177970,180095,183135,185185,187095,190165,191605,193085,195615,197955,200135,201800,202780,204535,207420,208325,209840,210830,212105,213995]
resources/preprocessed/Interpolated/Andre_Squats_13_10_2020_Belly.csv:[61151,63061,64236,66436,68536,71581,74036,76971,78966,82051,84156,87011,89216,92141,94086,97301,99286,102271,104306,106241,109276,111046,114116,116841,118766,121631,123786,125181,126111,127146,128481,129486,130876,131931,133266,134276,135616,136691,138066,139091,140496,141601,143016,144046,145391,146406,147781,148691,150141,151131,152581,153566,155001,155986,157401,158476]
resources/preprocessed/Interpolated/Andre_liegestuetzen2_13_10_2020_Chest.csv:[41111,42866,44486,46001,47791,49401,51136,52756,54556,56281,58076,59951,61731,63726,65651,67791,70066,72591,75396,76396]
resources/preprocessed/Interpolated/Andre_liegestuetzen2_13_10_2020_LeftArm.csv:[41291,42791,44486,46001,47841,49391,51116,52746,54536,56191,58211,59951,61791,63886,65626,67996,70206,72761]
resources/preprocessed/Interpolated/Lukas_liegestuetzen3_13_10_2020_LeftArm.csv:[11126,12491,14086,15746,16806,17971,19421,20966,22291,23776,25371,25936,27051]
resources/preprocessed/Interpolated/Andre_liegestuetzen1_13_10_2020_Chest.csv:[16996,18291,20156,21866,23521,25271,26866,28571,30226,31761,33371,34971,36621,38196,39866,41446,43076,44736,46536,48161,49891,51636,53611,55576,57661,60036,61546,63091,64121,65716]
resources/preprocessed/Interpolated/Andre_liegestuetzen2_13_10_2020_RightArm.csv:[40136,41301,42901,44376,45971,47801,49461,51176,52811,54451,56346,58231,60006,61711,63856,65731,67846,70266,72616,73921]
resources/preprocessed/Interpolated/2020-07-02_12.50.00_Belly.csv:[16363,18691,20527,22375,23363,24503,26479,28571,30491,32383,34519,35699,36799,38903,40047,41259,43471,45559,46739,47879,49307,50547,52727,54707,55427,57695,60559,62995]
resources/preprocessed/Interpolated/Andre_liegestuetzen3_13_10_2020_Belly.csv:[30998,32368,33928,35548,37143,38723,40378,41958,43688,45343,47103,48918,51193,53288,55518,57903,59273,60698,61763,63498]
resources/preprocessed/Interpolated/Andre_Squats_13_10_2020_Chest.csv:[61131,63116,64246,66641,68531,71581,74036,76966,79171,80606,82106,84271,86966,89221,90926,92176,94041,97386,99281,102356,104361,107236,109291,112126,114221,116836,119061,121556,123641,125141,126146,127151,128476,129551,130856,131986,133291,134296,135601,136706,138056,139106,140446,141596,143006,144031,145326,146406,147756,150126,151131,152511,153626,154961,155986,157371,158486]
resources/preprocessed/Interpolated/Jan_liegestuetzen1_13_10_2020_LeftArm.csv:[84925,95780,99755,101640,103640,106220,107680,111435,115275,119380,123375,127250,130865,134690,138570,142260,146055,148510,149855,153960,157785,162260,166165,167685,169625,173005,175180,176940,181605,182790]
