resources/preprocessed/Interpolated/Lukas_liegestuetzen3_13_10_2020_RightArm.csv:[11596,13451,15076,16141,17546,18791,20276,21631,23121,24621,26366,27971]
resources/preprocessed/Interpolated/Lukas_liegestuetzen3_13_10_2020_Chest.csv:[11596,13481,15016,16196,17451,18801,20196,21576,23126,24621,26341,27916]
resources/preprocessed/Interpolated/Lukas_liegestuetzen3_13_10_2020_Belly.csv:[11606,13476,14981,16196,17441,18821,20191,21566,22986,24646,26251,27856]
resources/preprocessed/Interpolated/Lukas_liegestuetzen2_13_10_2020_RightArm.csv:[36430,37825,39500,41015,42570,44340,45970,47760,49360,51145,52805,54425,55985,57540,59375,61200,63810,65190,66105,66900,68485,69940,71220,72460,73920]
resources/preprocessed/Interpolated/Lukas_liegestuetzen2_13_10_2020_LeftArm.csv:[36450,37880,39460,41030,42630,44435,46075,47725,49405,51130,52840,54440,55975,57565,59390,61150,62560,63715,65445,66885,68380,69920,71175,72585,73985]
resources/preprocessed/Interpolated/Lukas_liegestuetzen2_13_10_2020_Chest.csv:[36450,37875,39465,41045,42580,44340,46100,47755,49380,51135,52820,54435,55970,57560,59215,61180,63680,65515,66910,68390,69910,71245,72535,73970]
resources/preprocessed/Interpolated/Lukas_liegestuetzen2_13_10_2020_Belly.csv:[36525,37885,39520,41060,42600,44345,46115,47785,49465,51165,52840,54450,55975,57615,59370,61150,63695,66090,66910,69955,71190,72445,73955]
resources/preprocessed/Interpolated/Lukas_liegestuetzen1_13_10_2020_Belly.csv:[38855,40345,42115,43960,45705,47455,49190,50940,52815,54720,56625,58400,60385,62290,63965,65985,67750,69685,71610,73355,75065,76825,78565,80460,81865,82625,83455]
resources/preprocessed/Interpolated/Jan_liegestuetzen3_13_10_2020_RightArm.csv:[34015,34590,35725,36925,38500,39935,41345,42775,44135,45550,46980,48600,50215,52020,54060,55415,56290]
resources/preprocessed/Interpolated/Jan_liegestuetzen3_13_10_2020_LeftArm.csv:[34250,35435,37010,38440,39960,41360,42775,44145,45645,47065,48650,50330,52030,54160,55450,56405]
resources/preprocessed/Interpolated/Jan_liegestuetzen3_13_10_2020_Belly.csv:[34560,35445,37085,38630,39865,41340,42795,44175,45505,47090,48515,50335,52045,53260,54200,55315,56995]
resources/preprocessed/Interpolated/Jan_liegestuetzen2_13_10_2020_RightArm.csv:[17641,18606,20031,21476,22641,24151,25496,26756,28156,29526,30996,32376,33736,35336,36811,38591,40121,41951,43881,45191,46266,47541,48876,50406]
resources/preprocessed/Interpolated/Jan_liegestuetzen2_13_10_2020_Chest.csv:[17541,18676,20076,21491,22801,24126,25456,26766,28151,29546,30986,32376,33756,35256,36826,38596,40141,41956,43886,45146,46216,47571,48836,50116,50946]
resources/preprocessed/Interpolated/Jan_liegestuetzen2_13_10_2020_Belly.csv:[17266,18656,20051,21436,22796,24141,25436,26731,28186,29561,30946,32391,33796,35321,36826,38546,40151,42001,43831,45126,46106,47571,49356,50321]
resources/preprocessed/Interpolated/2020-07-02_14.59.59_LeftArm.csv:[74499,76279,78379,79027,80815,81419,83823,85671,86307,87859,88655,91079,93171,93887,95699,96743,98611,99995]
resources/preprocessed/Interpolated/Andre_liegestuetzen2_13_10_2020_Belly.csv:[40191,42081,43611,45201,46911,48616,50286,52136,53756,55606,57391,59241,61086,63051,64876,67056,69281,71671,74321,76146,77356,79336]
resources/preprocessed/Interpolated/Jan_liegestuetzen1_13_10_2020_RightArm.csv:[85150,86160,87075,89860,90835,94120,98200,101420,102240,105865,109820,113710,117655,121945,125820,129525,133360,137050,140845,144640,148505,151020,152665,155090,156555,161060,163290,165180,167085,168595,171450,172425,174320,176140,178010,179810,180655,182315,183825]
resources/preprocessed/Interpolated/2020-07-02_14.59.59_Chest.csv:[74395,76279,79027,80819,81399,83287,83851,86135,88655,91079,93207,93819,95903,96747,98791]
resources/preprocessed/Interpolated/2020-07-02_15.13.22_Belly.csv:[23003,23663,24707,26435,28287,30263,32375,34511,36775,38971,40079,41019,43847,45059,46503,47487,48631,49283,51331,52143,54395,55159,56175,56971,57791,58639,59923,60667,61483,62539,63631,65571]
resources/preprocessed/Interpolated/2020-07-02_15.13.22_RightArm.csv:[23795,24643,26403,27899,28359,30339,32431,34599,36279,36827,39051,41331,43271,43795,44703,46571,47335,48691,49391,50647,51431,52055,54411,55275,56251,56891,57707,58831,59671,60443,61195,62503,64339,65295]
resources/preprocessed/Interpolated/Lukas_liegestuetzen1_13_10_2020_Chest.csv:[38815,40340,42030,43950,45665,47425,49175,50930,52805,54735,56710,58405,60305,62270,63960,65950,67745,69670,71550,73320,75085,76770,78555,80415,82650,83405]
resources/preprocessed/Interpolated/Jan_liegestuetzen1_13_10_2020_Chest.csv:[85160,86305,87070,90365,94175,98120,101980,105875,109780,113740,117690,120445,121795,124375,125670,129430,133155,137090,140760,143515,144510,148400,150815,152540,155010,156460,159215,160800,163325,165125,167020,168420,170565,171135,172170,174535,176075,177960,178810,180610,182230,183320]
resources/preprocessed/Interpolated/2020-07-02_14.20.28_RightArm.csv:[62335,63243,64471,65511,66451,67835,68723,69731,70883,72343,73251,74459,75979,77359,78807,80371,82111,84007]
resources/preprocessed/Interpolated/2020-07-02_14.20.28_Belly.csv:[62659,63275,64427,65483,66607,67767,68891,69987,71131,72331,73503,74683,75963,77331,78839,80279,82067,83999]
resources/preprocessed/Interpolated/2020-07-02_14.14.32_RightArm.csv:[32163,33451,34563,35811,37143,38415,39667,40991,42383,43735,45115,46443,47871,49207,50643,52083,53507,54999,56455,57855,59967,62027,63183,64547]
resources/preprocessed/Interpolated/2020-07-02_15.13.22_LeftArm.csv:[23031,23559,24699,26335,28363,30223,32443,34835,36339,36855,39115,40095,41383,43815,46571,48591,49363,51231,52027,53623,54299,55319,56139,56899,57723,58779,59663,60579,61251,62707,63595,65183]
resources/preprocessed/Interpolated/2020-07-02_14.14.32_Belly.csv:[32279,33499,34627,35831,37115,38379,39655,41007,42315,43743,45103,46459,47823,49227,50651,52039,53475,54919,56447,58155,59971,61951,64411]
resources/preprocessed/Interpolated/2020-07-02_14.59.59_RightArm.csv:[74619,76219,76755,78943,80751,81411,83099,83879,85627,86155,88683,90547,91279,93139,93831,95899,96763,97971,98747,99983]
resources/preprocessed/Interpolated/Jan_liegestuetzen3_13_10_2020_Chest.csv:[34425,35550,37065,38470,39965,41255,42840,44145,45580,47060,48635,50350,52055,54135,55415,56760]
resources/preprocessed/Interpolated/2020-07-02_14.20.28_LeftArm.csv:[63227,64403,65463,66351,67491,68599,69723,70867,72047,73231,74419,75939,77047,78679,80287,81655,82211,83523]
resources/preprocessed/Interpolated/2020-07-02_13.00.09_Belly.csv:[27367,28443,30375,32259,34123,36015,38075,40011,42079,44075,45267,46487,48735,51159,52283,53743,56791,57983,59015,59903,61067,61963]
resources/preprocessed/Interpolated/2020-07-02_14.14.32_LeftArm.csv:[32003,33455,34571,35835,37095,38399,39707,41055,42295,43699,45123,46443,47879,49195,50583,52071,53415,54927,56371,58163,59583,61475,62127,63807,64503]
resources/preprocessed/Interpolated/2020-07-02_11.17.39_Belly.csv:[58227,59559,61435,63131,64899,66543,68227,69915,71687,73415,75295,77107,78911,80819,82723,84667,86479,88419,89151,91043,93211,95623,98119,100719,102531,103415,104379,105371,107139,108139]
resources/preprocessed/Interpolated/Andre_liegestuetzen3_13_10_2020_Chest.csv:[31443,33208,34818,36468,38068,39718,41293,43053,44643,46393,48113,50328,52263,54608,57033,59803,62328,64428,65478]
resources/preprocessed/Interpolated/2020-07-02_11.17.39_Chest.csv:[58227,59827,61439,63123,64903,66551,68215,69891,71743,73491,75311,77095,78931,80799,82687,84643,86471,88407,89175,91019,93219,95603,98095,100699,103411,104591,105499,106915,108139]
resources/preprocessed/Interpolated/Jan_liegestuetzen1_13_10_2020_Belly.csv:[84905,86220,90365,94025,97985,102055,105935,109825,112455,113670,116140,117725,120170,121830,124135,125725,128085,129425,131820,133235,135585,137065,139365,140780,143010,144490,147175,148405,150705,152515,154885,156420,158625,160750,163195,164010,165165,166900,168480,170370,172095,174035,174575,176010,177710,178995,180580,182190,183640]
resources/preprocessed/Interpolated/2020-07-02_11.17.39_LeftArm.csv:[58595,59419,60455,61427,63171,64871,66483,68211,69871,71715,73347,75283,76811,78755,80779,82679,84663,86227,88303,89187,91003,93203,95271,98035,100375,103423,104511,105547,107235,108139]
resources/preprocessed/Interpolated/2020-07-02_14.59.59_Belly.csv:[74427,76215,79023,80851,81347,83219,83811,86159,87995,88563,91115,93779,95895,96731,98767,99995]
resources/preprocessed/Interpolated/Andre_Squats_13_10_2020_LeftArm.csv:[61851,63741,64456,68226,72896,75186,78331,79991,83301,84946,88296,90111,93221,94891,98531,100066,103421,105046,108331,110191,113201,114911,118001,118886,119791,122761,124306,126876,127756,129271,130081,131571,132496,133981,134826,136376,137181,138676,139646,141151,142116,143606,144641,146141,146951,148446,149271,150856,151671,153211,154171,155636,156331,158141,158991]
resources/preprocessed/Interpolated/2020-07-02_14.07.33_Chest.csv:[7201,8409,9633,10849,12217,13569,14861,16169,17429,18729,20009,21429,22841,24193,25541,26885,28313,29805,31197,32677,34085,35561,37085,38553,40265,41949,43049,44065]
resources/preprocessed/Interpolated/2020-07-02_11.17.39_RightArm.csv:[58235,59495,61415,63203,64843,66447,68151,69919,71679,73399,75351,77159,78639,79187,80831,82751,84647,86443,88311,91003,93367,95575,98287,100403,102371,103403,104551,107271,108103]
resources/preprocessed/Interpolated/Andre_liegestuetzen3_13_10_2020_RightArm.csv:[31348,33218,34788,36378,38013,39553,41268,42928,44648,46443,48113,50318,52273,54678,57098,59808,62588,64328,65418]
resources/preprocessed/Interpolated/2020-07-02_12.50.00_LeftArm.csv:[16411,17347,19343,21159,22799,23599,25139,27007,29063,31431,33043,33759,35111,35935,37375,38079,39667,40459,41879,42559,43987,44679,46179,47047,48727,49555,51259,52063,53119,54131,54959,57031,58279,59899,61055,62927]
resources/preprocessed/Interpolated/2020-07-02_14.20.28_Chest.csv:[62663,63259,64411,65495,66651,67811,68895,70035,71163,72375,73543,74723,75959,77367,78811,80343,82131,83995]
resources/preprocessed/Interpolated/2020-07-02_14.07.33_RightArm.csv:[7165,8397,9561,10849,12253,13513,14841,16141,17453,18685,19973,21405,22829,24213,25565,26865,28333,29845,31249,32673,34161,35605,37061,38597,40205,41925,42925,44093]
resources/preprocessed/Interpolated/Lukas_liegestuetzen1_13_10_2020_RightArm.csv:[38820,40340,42020,43920,45680,47390,49025,50950,52705,54690,56720,58400,60355,62280,64030,65975,67730,69610,71545,73325,75085,76735,78540,80435,82620,83655]
resources/preprocessed/Interpolated/2020-07-02_14.07.33_Belly.csv:[7429,8369,9649,10897,12225,13533,14841,16165,17433,18737,20021,21413,22841,24177,25533,26853,28305,29789,31181,32633,33985,35541,37069,38509,40189,41909,42985,43957]
resources/preprocessed/Interpolated/Andre_liegestuetzen1_13_10_2020_RightArm.csv:[17451,19186,20971,22656,24376,26056,27631,29411,30961,32641,34246,35726,37446,39086,40626,42406,44051,45761,47416,49296,51021,52936,54881,56871,59096,62261,64736,66631]
resources/preprocessed/Interpolated/2020-07-02_12.50.00_RightArm.csv:[16151,17315,19359,21211,23015,25147,27415,29455,31419,33079,35143,35903,37743,39547,40415,42295,44019,46451,47031,48859,49459,51267,51959,53111,54147,54811,57051,58295,59807,61071,62947]
resources/preprocessed/Interpolated/Andre_Squats2_13_10_2020_Belly.csv:[48260,50060,52335,54555,56820,59205,61590,63965,67615,70290,72200,73705,74965,78355,81815,84120,85680,88500,91145,93025,95625,96830,97630,100120,102765,104695,106995,109595,111570,114850,116685,118780,122450,123925,125115,127015,131550,132660,133450,135985,137570,140620,142320,145520,147075,151040,154960,156525,157665,159580,160455,161130,164465,166260,167455,169320,171540,174665,176375,179545,181285,184470,186310,189415,191275,194325,196050,199405,200875,201900,203885,205400,206455,208955,210205,211415,213495]
resources/preprocessed/Interpolated/2020-07-02_12.50.00_Chest.csv:[16019,17379,18199,19327,21179,23023,25347,27367,29403,31431,33499,35315,37759,39595,40383,42311,44403,46415,47031,48851,51659,53099,54531,57091,58243,59667,61083,61735,62683]
resources/preprocessed/Interpolated/2020-07-02_13.00.09_Chest.csv:[27363,28435,30367,32271,34131,36003,38051,39991,42047,44123,45367,46527,48751,51147,52271,53927,56775,58955,59663,61247,62067]
resources/preprocessed/Interpolated/2020-07-02_13.00.09_RightArm.csv:[27487,28347,30343,32191,33315,34119,36079,37939,38979,39959,42035,44235,45295,46615,48475,49927,50815,52335,53519,54243,55231,56371,56987,58023,59043,59779,61015,61911]
resources/preprocessed/Interpolated/2020-07-02_15.13.22_Chest.csv:[23203,24687,26463,28355,30235,32435,34587,36759,39007,41051,43831,44783,46459,47343,48687,49383,51419,52087,54395,55299,56187,56943,57735,58623,59715,60571,61459,62507,63639,64391,65283]
resources/preprocessed/Interpolated/Andre_liegestuetzen1_13_10_2020_Belly.csv:[17351,19211,21101,22706,24461,26076,27761,29436,31021,32626,34141,35906,37486,39096,40636,42346,44061,45736,47406,49261,50981,52911,54841,56986,59141,60761,62021,63751,64836,66491]
resources/preprocessed/Interpolated/2020-07-02_15.31.36_Belly.csv:[72387,73571,74735,75295,76595,78979,80111,81299,82347,84431,85435,86391,87915,90111,92287,94599,96899,99191,101111,101575,102887,104051,105995,106735,107963,108763,109343,110711,111467,112079,113975]
resources/preprocessed/Interpolated/Jan_liegestuetzen2_13_10_2020_LeftArm.csv:[17796,18851,19966,21491,22776,24106,25421,26721,28116,29531,31016,32461,33796,35321,36796,38621,40166,42061,43951,45141,46241,47561,48736,50346]
resources/preprocessed/Interpolated/2020-07-02_15.31.36_Chest.csv:[72747,73523,75375,76835,78115,79047,80347,81311,82735,84279,85379,86367,87939,90239,92279,94583,96859,99231,101539,104047,106015,106707,108779,109367,111519,112119,113975]
resources/preprocessed/Interpolated/Andre_Squats_13_10_2020_RightArm.csv:[61841,63701,64576,68031,69081,70211,73001,75296,78281,79976,83321,84881,88371,90006,93251,94611,98506,99361,103536,105196,108371,110231,113181,114051,114986,117951,118881,119891,122651,124271,126846,127746,129276,130081,131651,132561,133961,136391,137216,138751,139656,141166,142081,143646,144576,145996,148461,150851,151591,153191,154206,155641,158081,158996]
resources/preprocessed/Interpolated/2020-07-02_14.14.32_Chest.csv:[32039,32791,33499,34615,35839,37123,38427,39699,41019,42339,43755,45115,46463,47887,49247,50683,52123,53483,54991,56479,58179,60003,61983,64499]
resources/preprocessed/Interpolated/2020-07-02_15.31.36_LeftArm.csv:[72407,73107,73683,74731,75511,76627,77283,77955,78959,80079,81439,82679,84639,85375,86371,87919,89707,90295,92283,94655,96347,97179,98787,99227,100963,101599,103623,104119,105983,106667,108039,108803,109347,111403,112099,113875]
resources/preprocessed/Interpolated/2020-07-02_15.31.36_RightArm.csv:[72383,73407,75443,76627,77963,78535,79183,80063,81331,82731,84591,85391,86243,88095,89675,90319,91879,92359,94079,94595,96851,98807,101079,101543,103355,104035,105887,106819,108783,109419,110615,111483,112127,113395,113975]
resources/preprocessed/Interpolated/Andre_Squats2_13_10_2020_Chest.csv:[48375,50065,52285,54535,56815,59185,59915,61585,62265,63915,67600,70350,73645,75025,78320,81825,84100,85615,88535,93005,95635,97080,97790,100345,102760,104690,107975,109595,111780,114940,116675,118890,122460,123940,125050,127035,131565,132655,133435,136080,137575,140625,142335,145485,147090,151035,154965,156505,157640,159585,161135,164475,166270,167490,169395,171530,174660,176370,179540,181260,184485,186315,189445,191265,194505,196055,199400,200870,201915,203885,205425,206435,208940,210185,211420,213570]
resources/preprocessed/Interpolated/2020-07-02_14.07.33_LeftArm.csv:[7173,8429,9613,10957,12157,13561,14809,16165,17409,18753,20001,21397,22829,24157,25509,26861,28289,29761,31165,32609,34029,35493,37057,38485,40065,41869,42885,43617]
resources/preprocessed/Interpolated/Andre_Squats2_13_10_2020_RightArm.csv:[48380,50100,52360,53125,54545,56820,57765,59155,60190,61700,62475,63950,67445,70290,73830,74875,78240,81790,84245,85225,88380,91065,92755,95650,96825,97925,99215,100420,102815,103805,104765,106575,108090,109165,110635,111835,113775,117025,118835,120395,122060,123015,123920,125010,126970,127845,128710,131495,133445,135990,137605,140585,142375,145510,147205,150985,152050,155025,156580,157605,159570,160445,161080,162040,164460,166315,169400,170740,171580,174610,176160,177240,179500,180500,181320,182225,184430,186365,189650,191320,194280,196130,199490,201020,201855,203940,205455,206495,209000,210210,211430,213995]
resources/preprocessed/Interpolated/Andre_liegestuetzen1_13_10_2020_LeftArm.csv:[17416,19151,21091,22746,24496,26166,27756,29296,31001,32601,34181,35781,37561,39096,40771,42326,44066,45851,47546,49256,50976,52956,54931,56906,59211,62086,64826,66571]
resources/preprocessed/Interpolated/2020-07-02_13.00.09_LeftArm.csv:[27403,28183,30291,32555,33743,34287,35987,38339,40371,42039,44071,45171,46491,48471,49239,50799,51439,53499,56371,57043,58935,59691,61031,62367]
resources/preprocessed/Interpolated/Andre_liegestuetzen3_13_10_2020_LeftArm.csv:[31383,33248,34853,36518,38098,39643,41233,43048,44558,46433,48198,50398,52328,54768,57078,59103,59978,62578,64283]
resources/preprocessed/Interpolated/Lukas_liegestuetzen1_13_10_2020_LeftArm.csv:[38660,40200,42070,43950,45690,47415,49095,50925,52795,54705,56560,58355,60335,62170,63875,65920,67770,69665,71565,73325,75085,76775,78555,80365,82360,83420]
resources/preprocessed/Interpolated/Andre_Squats2_13_10_2020_LeftArm.csv:[48460,50045,52310,52985,54520,56840,57725,59170,60155,61580,62300,63925,64830,66525,67570,70660,72245,73555,74875,78250,81730,82865,84130,85795,88390,89895,93020,95560,96775,98000,99585,100405,102715,103845,104705,106365,108015,109575,110760,111825,114110,116950,118985,120305,121970,123950,126930,127825,128725,131470,133425,136040,137640,140570,142355,145475,147190,150940,152045,154885,156585,159545,160430,162040,164435,166420,169345,170825,171635,174715,176380,177315,179470,180440,181325,184455,186300,189355,191265,194615,196295,199335,200890,201980,203895,205155,206490,208960,210495,211400,213560]
resources/preprocessed/Interpolated/Andre_Squats_13_10_2020_Belly.csv:[61956,63806,64586,67926,68736,72856,75016,78301,79921,83281,84861,88351,89891,93411,94961,96521,98521,99971,103441,105001,108341,110071,113361,114831,118041,119721,122661,124431,126766,129166,131561,132471,133881,136316,137101,138696,139436,141171,142091,143651,146071,146666,148451,150796,153231,153926,155656,156296,158076]
resources/preprocessed/Interpolated/Andre_liegestuetzen2_13_10_2020_Chest.csv:[40301,42046,43586,45286,46876,48586,50381,52101,53666,55596,57351,59206,61016,62991,65021,67096,69266,71651,74251,77251,79476]
resources/preprocessed/Interpolated/Andre_liegestuetzen2_13_10_2020_LeftArm.csv:[40121,42006,43536,45296,46926,48591,50381,52071,53671,55561,57486,59216,60996,63021,64996,67121,69381,71641,74341,76086,77671,79446]
resources/preprocessed/Interpolated/Lukas_liegestuetzen3_13_10_2020_LeftArm.csv:[11766,13146,15031,16176,17541,18791,20271,21606,23156,24741,26431,27931]
resources/preprocessed/Interpolated/Andre_liegestuetzen1_13_10_2020_Chest.csv:[17431,19306,21031,22696,24446,26136,27811,29411,31001,32611,34206,35906,37561,39091,40631,42411,44041,45756,47446,49241,51006,52916,54831,56986,59201,61981,64846,66511]
resources/preprocessed/Interpolated/Andre_liegestuetzen2_13_10_2020_RightArm.csv:[40281,41971,43586,45181,46886,48666,50386,52026,53731,55581,57226,59071,61081,63051,64921,67106,69261,70986,71776,74466,76141,77556,79496]
resources/preprocessed/Interpolated/2020-07-02_12.50.00_Belly.csv:[16051,17295,18223,19351,21175,22951,25339,27363,29451,31495,33491,35335,37751,39747,40363,42307,44415,46471,49151,51671,53103,54547,57099,58167,59667,62715]
resources/preprocessed/Interpolated/Andre_liegestuetzen3_13_10_2020_Belly.csv:[31333,33143,34738,36503,38088,39753,41303,42978,44668,46463,48138,50348,52283,54618,57043,59428,62358,64183,65498]
resources/preprocessed/Interpolated/Andre_Squats_13_10_2020_Chest.csv:[61926,63806,64586,67926,69031,72876,75001,78286,79776,83306,84876,88366,89966,93396,94926,98526,99986,101136,103606,105026,108366,110066,113376,114906,118116,119696,122696,124356,126786,127586,129196,131576,132501,133921,136321,137111,138691,141171,141911,143646,146031,148466,150811,153221,153946,155641,156316,158076]
resources/preprocessed/Interpolated/Jan_liegestuetzen1_13_10_2020_LeftArm.csv:[86275,86985,89760,90710,94160,98060,101380,102175,105830,109750,113710,117705,121780,125830,129705,133095,137030,140730,143500,144395,148355,150800,152510,155295,156505,159265,160740,163700,165065,167015,168505,170625,172140,174735,176010,178810,180530,182295,183405]
