resources/preprocessed/Interpolated/Lukas_liegestuetzen3_13_10_2020_RightArm.csv:[11596,13451,15076,16141,16866,17546,18791,20276,21631,22886,24621,25826,27616]
resources/preprocessed/Interpolated/Lukas_liegestuetzen3_13_10_2020_Chest.csv:[11041,13006,15016,16196,17451,18801,20196,21576,23126,24621,25781,26341,27916]
resources/preprocessed/Interpolated/Lukas_liegestuetzen3_13_10_2020_Belly.csv:[11016,13476,14981,16196,17441,18821,20191,21566,22986,24646,25826,26251,27711]
resources/preprocessed/Interpolated/Lukas_liegestuetzen2_13_10_2020_RightArm.csv:[36430,37825,39500,41015,42570,44340,45970,47760,49360,51145,52805,54425,55985,57540,59375,61200,62545,65190,68325,71220,72255]
resources/preprocessed/Interpolated/Lukas_liegestuetzen2_13_10_2020_LeftArm.csv:[36450,37880,39460,41030,42630,44435,46075,47355,48570,49405,50395,51130,51840,52840,54270,55975,56710,57565,59145,61150,62300,65285,68210,71175,72585]
resources/preprocessed/Interpolated/Lukas_liegestuetzen2_13_10_2020_Chest.csv:[36450,37875,39465,41045,42580,44340,46100,47755,49380,51135,52820,54435,55970,57560,59215,61180,62605,65250,68390,71245,72535]
resources/preprocessed/Interpolated/Lukas_liegestuetzen2_13_10_2020_Belly.csv:[36525,37885,39520,41060,42600,44345,46115,47785,49465,51165,52840,54450,55975,57615,59370,61150,62580,65135,68250,71190,72155]
resources/preprocessed/Interpolated/Lukas_liegestuetzen1_13_10_2020_Belly.csv:[38020,40345,42115,43960,45705,47455,49190,50940,52815,54720,56625,57515,58400,60385,62290,63965,65460,67750,68720,69685,71610,73355,75065,76825,78565,79900,80460,81865]
resources/preprocessed/Interpolated/Jan_liegestuetzen3_13_10_2020_RightArm.csv:[34015,36925,38360,39935,41345,42775,44135,45550,46980,48600,49785,51555,53440,55415]
resources/preprocessed/Interpolated/Jan_liegestuetzen3_13_10_2020_LeftArm.csv:[34000,37010,38440,39960,41360,42775,44145,45645,46905,48325,50330,51575,53415,55450]
resources/preprocessed/Interpolated/Jan_liegestuetzen3_13_10_2020_Belly.csv:[34560,35445,37085,38630,39865,41340,42795,44175,45505,46930,48115,48515,49315,50335,51585,52045,53260,54200,55315]
resources/preprocessed/Interpolated/Jan_liegestuetzen2_13_10_2020_RightArm.csv:[16996,20031,21476,22641,24151,25496,26756,28156,29316,30996,32376,33736,35336,36811,38591,39946,41461,43436,45191,47541]
resources/preprocessed/Interpolated/Jan_liegestuetzen2_13_10_2020_Chest.csv:[17251,20076,21491,22801,24126,25456,26766,28151,29546,30986,32376,33756,35256,36826,38596,39781,40141,41451,41956,43256,43886,45146,46216,47571]
resources/preprocessed/Interpolated/Jan_liegestuetzen2_13_10_2020_Belly.csv:[17266,20051,21436,22796,24141,25436,26731,28186,29561,30946,32391,33796,35321,36826,38546,39691,40151,41391,42001,43216,45126,47571]
resources/preprocessed/Interpolated/2020-07-02_14.59.59_LeftArm.csv:[74499,75123,75987,77327,78379,79643,80815,81983,83263,85671,86951,87647,89327,90695,92611,94475,95895,96743,98147]
resources/preprocessed/Interpolated/Andre_liegestuetzen2_13_10_2020_Belly.csv:[40191,42081,43611,45201,46911,48616,50286,52136,53756,55606,57391,59241,61086,63051,64876,67056,69281,70801,73401,76146]
resources/preprocessed/Interpolated/Jan_liegestuetzen1_13_10_2020_RightArm.csv:[85150,93790,98200,101420,104630,109820,113230,116445,121220,124445,128575,131700,135690,139345,143415,147460,150040,152665,153575,156555,157440,161790,167085,170495,176910]
resources/preprocessed/Interpolated/2020-07-02_14.59.59_Chest.csv:[74395,75179,76279,77367,78591,79731,80819,82059,83287,85699,86891,88115,89311,90671,91879,93207,94479,95903,96747,97387,98791,99415]
resources/preprocessed/Interpolated/2020-07-02_15.13.22_Belly.csv:[23003,25263,26435,28287,30263,32375,34511,35223,36371,38615,40079,41019,42023,43391,44935,46503,47367,48631,50019,51331,52143,52931,54395,56175,58639,59371]
resources/preprocessed/Interpolated/2020-07-02_15.13.22_RightArm.csv:[23071,25555,26179,27899,30339,32059,34111,35207,36279,37491,38679,39707,40987,41947,43271,44703,46051,47335,48691,50087,52055,52907,54411,56251,58831,59671,60443]
resources/preprocessed/Interpolated/Lukas_liegestuetzen1_13_10_2020_Chest.csv:[38060,40340,42030,43950,45665,47425,49175,50930,52805,54735,56710,58405,60305,62270,63960,65950,67745,68660,69670,71550,73320,74095,75085,75840,76770,78555,80415,81990]
resources/preprocessed/Interpolated/Jan_liegestuetzen1_13_10_2020_Chest.csv:[85160,90365,94175,94990,98120,101980,102930,105875,108720,109780,113740,116195,117690,120445,121795,124130,125670,126580,129430,132025,133155,137090,139540,140760,143515,144510,147360,148400,150815,152540,155010,156460,159215,160800,163325,165125,167020,168420,170565,172170,174285,176075,177960,180610,182230]
resources/preprocessed/Interpolated/2020-07-02_14.20.28_RightArm.csv:[62055,64367,65511,66451,67071,67591,68723,69731,70439,70883,72059,73251,74459,75103,75691,77079,78807,80055,81443,83275]
resources/preprocessed/Interpolated/2020-07-02_14.20.28_Belly.csv:[62063,62659,63275,64427,65483,66607,67767,68891,69987,71131,72331,73503,74683,75963,77331,78839,80279,82067,83999]
resources/preprocessed/Interpolated/2020-07-02_14.14.32_RightArm.csv:[32003,34563,35811,36803,38415,39667,40991,42043,43735,45115,46219,47551,48943,50371,51779,53179,54667,56171,57855,59235,61099,63183,64995]
resources/preprocessed/Interpolated/2020-07-02_15.13.22_LeftArm.csv:[23031,25567,26335,26923,27915,30223,32123,34191,35407,36339,37511,38727,39775,41983,43403,44579,45423,47235,49363,49999,51231,52775,53623,60579,63595,65835]
resources/preprocessed/Interpolated/2020-07-02_14.14.32_Belly.csv:[32003,33055,33499,34627,35831,37115,38379,39655,41007,42315,43743,45103,46459,47823,49227,50651,52039,53475,54919,56447,58155,59971,61135,61951,63263,64995]
resources/preprocessed/Interpolated/2020-07-02_14.59.59_RightArm.csv:[74051,76219,77291,78615,79715,80751,82095,83099,84587,85627,86843,88143,88683,89267,90547,93139,94491,95899,97387,98747]
resources/preprocessed/Interpolated/Jan_liegestuetzen3_13_10_2020_Chest.csv:[34050,37065,38470,39965,41255,42840,44145,45580,47060,48635,49815,50350,51570,52055,53470,54135,55415]
resources/preprocessed/Interpolated/2020-07-02_14.20.28_LeftArm.csv:[62307,64403,65463,66351,68183,68599,69283,69723,70403,70867,71579,72047,72763,73231,73903,74419,75119,75663,77047,78527,79999,81403,83523]
resources/preprocessed/Interpolated/2020-07-02_13.00.09_Belly.csv:[27011,28443,30375,32259,34123,34811,36015,36635,38075,38971,40011,40715,42079,44075,44835,48735,49927,51159,52283,53743,55267,56791,57983]
resources/preprocessed/Interpolated/2020-07-02_14.14.32_LeftArm.csv:[32003,34571,35835,37095,38087,39527,41055,42295,43699,44839,46179,47879,48903,50331,51743,53143,54631,56111,58163,59199,61475,63367]
resources/preprocessed/Interpolated/2020-07-02_11.17.39_Belly.csv:[58227,59559,61435,63131,64899,66543,68227,69915,71687,72363,73415,75295,77107,77739,78911,79899,80819,82723,83407,84667,86479,87323,88419,89791,91043,91787,93211,94039,95263,96411,98119,99095,100719,101775,104379,108139]
resources/preprocessed/Interpolated/Andre_liegestuetzen3_13_10_2020_Chest.csv:[31443,33208,34818,36468,38068,39718,41293,43053,44643,46393,48113,50328,52263,54608,56613,58983,61578,63513]
resources/preprocessed/Interpolated/2020-07-02_11.17.39_Chest.csv:[58227,58931,59511,61439,63123,64903,66551,68215,69159,69891,71015,71743,72763,73491,75311,77095,78931,80799,82687,83679,84643,86471,87375,88407,90047,91019,91727,93219,95179,96303,98095,98967,100699,101751,103411,104591,108139]
resources/preprocessed/Interpolated/Jan_liegestuetzen1_13_10_2020_Belly.csv:[84905,86220,90365,94025,96970,97985,98980,102055,104565,105935,108450,109825,112235,113670,116140,117725,118880,121565,124135,125725,128085,129425,131820,133235,135585,137065,139365,140780,143010,144490,145590,148405,150705,152515,154665,156420,157455,160750,161675,165165,166900,168480,169420,172095,172990,174035,176010,176905,180580,181370,182190]
resources/preprocessed/Interpolated/2020-07-02_11.17.39_LeftArm.csv:[58227,59419,59999,61191,62099,63171,64871,65831,66483,66763,67943,69135,69871,70911,71715,72727,73347,73815,75023,76811,79999,80779,81763,82679,83439,84663,85703,86227,87383,88499,89975,90759,92991,94347,95271,100375,102083,103423,104511]
resources/preprocessed/Interpolated/2020-07-02_14.59.59_Belly.csv:[74059,75095,76215,77415,78619,79747,80851,82079,83219,85695,86863,87995,89311,90651,91895,93143,94515,95895,96731,97479,98767]
resources/preprocessed/Interpolated/Andre_Squats_13_10_2020_LeftArm.csv:[61001,63741,66556,68226,72896,75186,78331,79991,83301,88296,93221,97026,98531,103421,108331,109151,113201,118001,122761,126876,127236,129271,131571,131996,133981,136376,138676,141151,143606,146141,146676,148446,150626,153211,155636,158141]
resources/preprocessed/Interpolated/2020-07-02_14.07.33_Chest.csv:[7201,8409,9633,10849,12217,13569,14861,16169,17429,18729,20009,21429,22841,24193,25541,26885,28313,29805,31197,32677,34085,35561,37085,38553,39673,40265,41317,41949,43049,44065]
resources/preprocessed/Interpolated/2020-07-02_11.17.39_RightArm.csv:[58235,59495,61415,63203,63895,64843,66227,67931,69611,70623,71679,72383,73187,73935,75031,76815,77759,78959,80495,81807,82751,83707,84323,86235,87799,88311,88863,91003,91939,92803,94347,95575,96467,98287,100403,100967,103403,104339]
resources/preprocessed/Interpolated/Andre_liegestuetzen3_13_10_2020_RightArm.csv:[31348,33218,34788,36378,37273,38013,38853,39553,41268,42928,44648,46443,48113,50318,51258,52273,53333,54678,56193,58778,61428]
resources/preprocessed/Interpolated/2020-07-02_12.50.00_LeftArm.csv:[16035,20903,22403,22799,24975,26519,27007,29063,31083,32547,33467,34575,35111,37375,39539,41879,43439,44243,46179]
resources/preprocessed/Interpolated/2020-07-02_14.20.28_Chest.csv:[62079,63259,64411,65495,66651,67811,68895,70035,71163,72375,73543,74723,75959,77367,78811,80343,82131,83403]
resources/preprocessed/Interpolated/2020-07-02_14.07.33_RightArm.csv:[7165,10849,12253,13513,14841,16141,17453,18685,19973,21405,22829,23897,25245,26597,28033,29493,30913,32337,33765,35265,36757,38233,39741,41305,42925]
resources/preprocessed/Interpolated/Lukas_liegestuetzen1_13_10_2020_RightArm.csv:[38030,40340,40925,42020,42785,43920,45680,46650,47390,49025,50950,52705,54690,56720,58400,59335,60355,62120,64030,64915,65975,66780,67730,68695,69610,71545,73325,74100,75085,75845,76735,78540,80435,82365]
resources/preprocessed/Interpolated/2020-07-02_14.07.33_Belly.csv:[7177,8369,9649,10897,12225,13533,14841,16165,17433,18737,20021,21413,22841,24177,25533,26853,28305,29789,31181,32633,33985,35541,37069,38509,39625,40189,41225,41909,42985,43957]
resources/preprocessed/Interpolated/Andre_liegestuetzen1_13_10_2020_RightArm.csv:[17451,18361,19186,20971,22656,24376,26056,27631,29411,30961,32641,34246,35726,37446,39086,40626,42406,44051,45761,47416,49296,50021,50806,52936,54716,56516,57731,59096,60866]
resources/preprocessed/Interpolated/2020-07-02_12.50.00_RightArm.csv:[16151,21211,22811,24507,25147,27027,29103,30443,31419,33079,34679,35371,37399,39043,39719,41895,43451,46451]
resources/preprocessed/Interpolated/Andre_Squats2_13_10_2020_Belly.csv:[48260,50060,52335,54555,56820,59205,61590,63965,66135,67615,70290,72200,74105,77150,81815,82840,88500,91145,93025,95625,96830,102765,103755,105575,109595,113560,116685,118780,120520,122450,123925,124875,126225,127015,128475,131550,135985,137570,140620,141550,142320,143395,144285,145520,149140,150200,154960,156525,157665,159580,160110,163035,164465,166260,167125,168485,169320,173550,174665,179545,184470,187385,189415,190270,194325,197175,199405,201900,203885,204675,205400,206455,208955,209705,210205,210995,212185,213200]
resources/preprocessed/Interpolated/2020-07-02_12.50.00_Chest.csv:[16019,18199,19327,19955,21179,23023,24191,25347,27367,28275,29123,30583,31147,33119,34635,35315,37419,38983,39595,42311,44067,46415,48019,48851,50443,51323,53099,54531,55791,57091,57787,59667,60771,62683]
resources/preprocessed/Interpolated/2020-07-02_13.00.09_Chest.csv:[26999,28435,30367,32271,34131,36003,38051,39023,39991,40715,42047,44123,44823,46527,47571,48751,49911,50871,52271,53927,56007,57923]
resources/preprocessed/Interpolated/2020-07-02_13.00.09_RightArm.csv:[27047,28347,30343,31071,32191,33315,35239,36079,36811,37939,38979,39959,42035,48475,49019]
resources/preprocessed/Interpolated/2020-07-02_15.13.22_Chest.csv:[23035,26463,28355,30235,32099,34587,35211,36359,38027,38663,40063,41051,42083,43351,44783,46063,47343,48687,49383,50123,51419,52087,52935,54395,56187,57735,59715,61459,63303]
resources/preprocessed/Interpolated/Andre_liegestuetzen1_13_10_2020_Belly.csv:[17351,19211,21101,22706,24461,26076,27761,29436,31021,32626,34141,35906,37486,39096,40636,42346,44061,45736,47406,49261,50981,52911,54841,56221,58391,60761,63751,66491]
resources/preprocessed/Interpolated/2020-07-02_15.31.36_Belly.csv:[72387,89763,91511,92971,94307,96899,97471,98827,100055,101111,102231,103675,105995,107307,108763,109975,110835,112743,113499]
resources/preprocessed/Interpolated/Jan_liegestuetzen2_13_10_2020_LeftArm.csv:[16996,19966,21491,22776,24106,24781,25421,26721,28116,29531,31016,32461,33796,35321,36796,38621,39766,41476,43241,45141,47561]
resources/preprocessed/Interpolated/2020-07-02_15.31.36_Chest.csv:[72455,89731,92279,94167,95207,96559,97555,98787,101071,102187,103619,104815,106015,107411,108779,109367,109975,111519,113451]
resources/preprocessed/Interpolated/Andre_Squats_13_10_2020_RightArm.csv:[60996,63701,66546,68031,73001,74041,75296,78281,83321,88371,93251,98506,103536,108221,109391,113181,117951,122651,126846,129276,131651,133961,136391,138751,141166,143646,145996,146671,148461,150851,153191,155641,158081]
resources/preprocessed/Interpolated/2020-07-02_14.14.32_Chest.csv:[32039,33499,34615,35839,37123,38427,39699,41019,42339,43755,45115,46463,47887,49247,50683,52123,53483,54991,56479,58179,60003,61983,63391,64499]
resources/preprocessed/Interpolated/2020-07-02_15.31.36_LeftArm.csv:[72407,89707,91019,91835,93103,94171,95651,97179,98787,100963,102135,103623,105983,107195,108039,110771,112975,113875]
resources/preprocessed/Interpolated/2020-07-02_15.31.36_RightArm.csv:[72383,91195,91879,94079,95179,96851,98271,98807,100535,102207,103355,105887,106819,107999,108783,110615,111483,113395,113975]
resources/preprocessed/Interpolated/Andre_Squats2_13_10_2020_Chest.csv:[48375,50065,52285,54535,56815,59185,61585,63915,66090,67600,70350,72230,73855,77575,81180,82770,85615,88535,89995,95635,96735,102760,103925,106580,109595,111780,114055,116675,118890,122460,123940,125050,127035,128450,129805,131565,136080,137575,138675,140625,141515,142335,145485,147090,150550,152795,154965,156505,157640,159585,160440,164475,166270,167090,169395,174660,179540,180490,182315,184485,189445,191265,192030,194505,196860,199400,201915,203885,204660,205425,206435,208940,209680,210185,210975,213570]
resources/preprocessed/Interpolated/2020-07-02_14.07.33_LeftArm.csv:[7005,9613,10245,10957,12157,13277,14809,16165,17145,18129,18753,20001,21397,22513,24157,25237,26577,28009,29469,30905,32321,33745,35229,36713,38185,39701,40737,41577,42885]
resources/preprocessed/Interpolated/Andre_Squats2_13_10_2020_RightArm.csv:[47660,50100,52360,54545,56820,59155,61515,63950,65940,70290,72290,73585,77525,80010,81115,82805,84245,88380,91065,93005,94610,95650,96825,97925,102815,103805,105810,109165,113775,116500,118835,120235,122060,124810,126595,129725,131495,135990,136825,138370,140585,141450,145510,150170,152050,155025,155665,157260,159570,160080,163065,164005,169400,174210,178045,179500,184430,189650,194280,198840,199490,201020,203015,203940,205090,206495,208140,209000,209690,210210,211080,213265]
resources/preprocessed/Interpolated/Andre_liegestuetzen1_13_10_2020_LeftArm.csv:[17416,18331,19151,21091,22746,24496,26166,27756,29296,30836,32601,34181,35781,37561,39096,40771,42326,44066,45671,47376,49256,50976,52956,54931,56906,58476,60946]
resources/preprocessed/Interpolated/2020-07-02_13.00.09_LeftArm.csv:[27031,28183,30039,31891,33743,35987,37615,38339,39143,40023,41211,42379,48471,49239,50035,53499]
resources/preprocessed/Interpolated/Andre_liegestuetzen3_13_10_2020_LeftArm.csv:[31383,33248,34853,36518,38098,39643,41233,43048,44558,46433,48198,49668,52328,54768,56248,58533]
resources/preprocessed/Interpolated/Lukas_liegestuetzen1_13_10_2020_LeftArm.csv:[38110,40200,40960,42070,42810,43950,45690,46515,47415,49095,50925,52795,53755,54705,55695,56560,57510,58355,59290,60335,62170,63875,64840,65920,67770,68670,69665,70810,71565,72305,73325,74060,75085,75790,76775,77515,78555,79335,80365,81695]
resources/preprocessed/Interpolated/Andre_Squats2_13_10_2020_LeftArm.csv:[47500,50045,52310,54520,56840,59170,61580,63925,65940,70660,72245,73555,78115,79980,80985,82865,84130,87255,88390,89895,94580,95560,96775,102715,103845,106050,109575,113375,116725,118985,119750,121970,124930,126930,129825,131470,136040,136865,137640,140570,141500,142355,145260,146740,149075,150105,154885,157720,159545,160095,164050,166420,168490,169345,174220,178115,179470,184455,186995,189355,190285,191265,194615,199335,201480,202915,203895,204795,208125,208960,210495,210955,212210,213560]
resources/preprocessed/Interpolated/Andre_Squats_13_10_2020_Belly.csv:[61016,63806,66126,67926,71006,72856,75016,77436,78301,79081,80756,83281,85656,88351,91071,93411,96236,98521,100746,102586,103441,106486,108341,110926,112136,113361,115891,118041,118956,122661,125326,126766,129166,131561,133881,136316,138696,141171,143651,146071,148451,150046,150796,153231,155656,158076]
resources/preprocessed/Interpolated/Andre_liegestuetzen2_13_10_2020_Chest.csv:[40041,42046,43586,45286,46876,48586,50381,52101,53666,55596,57351,59206,61016,62991,65021,67096,69266,70966,73831,76101]
resources/preprocessed/Interpolated/Andre_liegestuetzen2_13_10_2020_LeftArm.csv:[40121,42006,43536,44416,45296,46926,48591,50381,52071,53671,55561,57486,59216,60996,63021,64296,67121,69381,70926,72706]
resources/preprocessed/Interpolated/Lukas_liegestuetzen3_13_10_2020_LeftArm.csv:[11041,13146,15031,15701,16176,17286,18006,18791,20271,20776,21606,23156,24481,25796,27571]
resources/preprocessed/Interpolated/Andre_liegestuetzen1_13_10_2020_Chest.csv:[17431,19306,21031,22696,24446,26136,27811,29411,31001,32611,34206,35906,37561,39091,40631,42411,44041,45756,47446,49241,51006,52916,54831,56986,59201,60946,63941,66511]
resources/preprocessed/Interpolated/Andre_liegestuetzen2_13_10_2020_RightArm.csv:[40281,41971,43586,45181,46886,48666,50386,52026,53731,55581,57226,59071,60911,63051,64631,65791,67106,68021,68791,70986,73456]
resources/preprocessed/Interpolated/2020-07-02_12.50.00_Belly.csv:[16051,18223,19351,19971,21175,22951,25339,27363,28259,29451,31495,33491,35335,37447,39603,42307,43395,44079,46471,48807,51339,53103,54547,55707,57099,57911,59667,60399]
resources/preprocessed/Interpolated/Andre_liegestuetzen3_13_10_2020_Belly.csv:[31333,33143,34738,36503,38088,39753,41303,42978,44668,46463,48138,49643,52283,54618,57043,58543,61528,64183]
resources/preprocessed/Interpolated/Andre_Squats_13_10_2020_Chest.csv:[61011,61926,63806,67926,70506,72876,75001,78286,79776,80801,83306,85731,88366,89966,91181,93396,96146,98526,101136,103606,106531,108366,110066,111041,113376,115866,118116,120621,122696,123506,125321,126786,129196,131576,132316,133921,136321,138691,139396,141171,143646,146031,148466,150811,153221,155641,156316,158076]
resources/preprocessed/Interpolated/Jan_liegestuetzen1_13_10_2020_LeftArm.csv:[85095,94160,96435,101380,105830,109590,113710,114875,117705,120430,124100,128460,131745,135935,138430,140730,143500,147370,150800,154570,158835,163345,167015,169320,172140,174045,177590,182295]
