resources/preprocessed/Interpolated/Lukas_liegestuetzen3_13_10_2020_RightArm.csv:[11596,13451,15076,16911,18791,20276,21631,23121,24621,26366,27971]
resources/preprocessed/Interpolated/Lukas_liegestuetzen3_13_10_2020_Chest.csv:[11596,13481,15016,16821,18801,20196,21576,23126,24621,26341]
resources/preprocessed/Interpolated/Lukas_liegestuetzen3_13_10_2020_Belly.csv:[11606,13476,16821,18821,20191,21566,22986,24646,26251]
resources/preprocessed/Interpolated/Lukas_liegestuetzen2_13_10_2020_RightArm.csv:[36430,37825,39500,41015,42570,44340,45970,47760,49360,51145,52805,54425,55985,57540,59375,61200,63810,66900,69940,71220,73920]
resources/preprocessed/Interpolated/Lukas_liegestuetzen2_13_10_2020_LeftArm.csv:[37155,38600,40260,41835,43320,45060,46745,48420,50110,51755,53605,55050,56585,58295,60065,61855,63715,65445,66885,69920,71800,73985]
resources/preprocessed/Interpolated/Lukas_liegestuetzen2_13_10_2020_Chest.csv:[36450,37875,39465,41045,42580,44340,46100,47755,49380,51135,52820,54435,55970,57560,59215,61180,63680,66910,70490,71875,73970]
resources/preprocessed/Interpolated/Lukas_liegestuetzen2_13_10_2020_Belly.csv:[37145,38745,40245,41840,43310,45175,46700,48485,50200,51785,53460,55080,56590,58215,59875,61150,63695,66910,71190,73955]
resources/preprocessed/Interpolated/Lukas_liegestuetzen1_13_10_2020_Chest.csv:[38815,40340,42030,43950,45665,47425,49175,50930,52805,54735,56710,58405,60305,62270,63960,65950,67745,69670,71550,73320,75085,76770,78555,80415,82650]
resources/preprocessed/Interpolated/Lukas_liegestuetzen1_13_10_2020_Belly.csv:[38855,40345,42115,43960,45705,47455,49190,50940,52815,54720,56625,58400,60385,62290,63965,65985,67750,69685,71610,73355,75065,76825,78565,80460,82625]
resources/preprocessed/Interpolated/Jan_liegestuetzen3_13_10_2020_RightArm.csv:[34015,36260,37685,39215,40590,42005,43465,44880,46980,48600,50215,52020,54060,56290]
resources/preprocessed/Interpolated/Jan_liegestuetzen3_13_10_2020_LeftArm.csv:[34250,36185,37635,39240,40585,42030,43440,44885,46275,47685,49270,51030,52790,54160,56405]
resources/preprocessed/Interpolated/Jan_liegestuetzen3_13_10_2020_Belly.csv:[35445,37085,38630,40545,42795,44175,46130,47610,49160,50960,52670,54200,56995]
resources/preprocessed/Interpolated/Jan_liegestuetzen2_13_10_2020_RightArm.csv:[18606,20031,22101,24151,26126,28156,30201,31621,32996,34366,35961,37436,39216,40851,42581,43881,46266,48876,50406]
resources/preprocessed/Interpolated/Jan_liegestuetzen2_13_10_2020_Chest.csv:[19326,20781,22116,23476,24826,26766,28151,30176,31601,33006,34421,35981,37451,39216,40771,42591,43886,46216,48836]
resources/preprocessed/Interpolated/Jan_liegestuetzen2_13_10_2020_Belly.csv:[19286,20756,22141,24141,26731,28186,29561,30946,32391,33796,35321,36826,38546,40151,42001,43831,46106,49356]
resources/preprocessed/Interpolated/Andre_liegestuetzen3_13_10_2020_RightArm.csv:[31348,33218,34788,36378,38013,39553,41268,42928,44648,46443,48113,50318,52273,54678,57098,59808,62588,64328]
resources/preprocessed/Interpolated/2020-07-02_14.20.28_RightArm.csv:[62455,63795,64951,65995,68723,70343,71667,72847,74019,75979,77359,78807,80371,82111,84007]
resources/preprocessed/Interpolated/2020-07-02_14.20.28_Belly.csv:[62343,63755,64927,66607,67767,68891,69987,71131,72331,73503,74683,75963,77331,78839,80279,82067,83999]
resources/preprocessed/Interpolated/2020-07-02_14.14.32_RightArm.csv:[32435,33991,35175,36403,37651,38923,40171,41535,42955,44243,45751,47015,48443,49795,51215,52623,54015,55499,57051,58731,59967,62027,64547]
resources/preprocessed/Interpolated/2020-07-02_15.13.22_LeftArm.csv:[24699,26335,28363,30223,32443,34835,36339,37567,39115,41383,43815,44971,46571,49363,52027,53111,55319,58779,60083,61251,62707,65183]
resources/preprocessed/Interpolated/2020-07-02_14.14.32_Belly.csv:[32563,33987,35127,36399,37663,38947,40227,41519,42835,44307,45671,47047,48431,49751,51187,52623,54027,55447,57015,58155,59971,61951,64411]
resources/preprocessed/Interpolated/2020-07-02_14.59.59_RightArm.csv:[74619,76755,77799,78943,79951,81411,83879,86155,88683,91279,93139,94767,96763,98747,99835]
resources/preprocessed/Interpolated/2020-07-02_14.20.28_Chest.csv:[62347,63763,64931,66651,67811,68895,70035,71163,72375,73543,74723,75959,77367,78811,80343,82131,83995]
resources/preprocessed/Interpolated/2020-07-02_14.07.33_RightArm.csv:[7465,9561,10849,12253,13513,14841,16141,17453,18685,19973,21405,22829,24213,25565,26865,28333,29845,31249,32673,34161,35605,37061,38597,40205,41925,44093]
resources/preprocessed/Interpolated/Lukas_liegestuetzen1_13_10_2020_RightArm.csv:[38820,40340,42020,43920,45680,47390,49025,50950,52705,54690,56720,58400,60355,62280,64030,65975,67730,69610,71545,73325,75085,76735,78540,80435,82620]
resources/preprocessed/Interpolated/2020-07-02_14.07.33_Belly.csv:[7693,8977,10229,11529,12733,14109,15385,16689,17965,19273,20589,21925,23381,24693,26041,27417,28869,30329,31701,33133,34577,36089,37569,39105,40189,41909,43957]
resources/preprocessed/Interpolated/2020-07-02_13.00.09_RightArm.csv:[27851,29599,31587,32683,35379,37003,38803,39959,41251,43031,44235,46615,48475,50051,51963,53519,54891,56987,59779,61015,62407]
resources/preprocessed/Interpolated/Jan_liegestuetzen3_13_10_2020_Chest.csv:[35550,37065,38470,39965,42020,44145,45580,47060,48635,50350,52055,54135,56760]
resources/preprocessed/Interpolated/2020-07-02_14.20.28_LeftArm.csv:[63227,64403,67491,68599,69723,70867,72047,73231,74419,75939,77047,78679,80287,81655,82711]
resources/preprocessed/Interpolated-Revised/Jan_liegestuetzen1_13_10_2020_edited_Belly.csv:[73838,77641,79048,80960,82286,84238,86135,88587,90409,91720,93067,94363,95674,97076,98622,100274,102101,103968,106265,108582,110449,111946,113838]
resources/preprocessed/Interpolated/2020-07-02_12.50.00_LeftArm.csv:[17347,18715,20391,22283,24491,26555,28523,30479,32367,34459,36871,38839,41147,43271,45591,47815,50483,53563,54959,57031,58471,59899,61347,62927]
resources/preprocessed/Interpolated/2020-07-02_13.00.09_Chest.csv:[27779,29431,31379,32987,34131,36003,37147,39115,41319,42995,44123,46527,47791,49459,51147,52595,53927,54951,56775,59663,62067]
resources/preprocessed/Interpolated/2020-07-02_12.50.00_Chest.csv:[16335,17379,18695,20527,22299,24547,26479,28587,30455,32423,33499,35315,36691,37759,38887,41215,42311,44403,45519,47879,50543,51659,53587,55515,57091,59667,62683]
resources/preprocessed/Interpolated-Revised/Jan_liegestuetzen1_13_10_2020_edited_LeftArm.csv:[73177,74563,78217,79663,81575,84173,87356,89844,91135,93047,94358,95649,97146,98602,100274,102061,104103,106250,108662,109959,111770,114213]
resources/preprocessed/Interpolated-Revised/Jan_liegestuetzen1_13_10_2020_edited_RightArm.csv:[73833,75119,77041,78958,80920,83517,86070,87937,89268,92316,94353,95679,97116,98582,100274,102676,104663,106270,108978,110569,111921,114573]
resources/preprocessed/Interpolated/Andre_Squats2_13_10_2020_Belly.csv:[48260,50060,51575,53790,56185,58460,60885,63260,65555,67615,69060,72945,74965,76375,78355,79900,81815,83315,85680,88500,91770,93025,95625,98780,100120,102765,104695,109595,112890,116685,118780,122450,125510,127015,130115,131550,134950,137570,139435,142320,144370,146450,149285,151040,153680,154960,156525,158440,160780,163250,165605,168190,170365,173350,174665,176375,178250,179545,181285,183030,184470,186310,188365,191275,193070,194325,196050,198010,200875,202690,207400,208955,212300]
resources/preprocessed/Interpolated/2020-07-02_13.00.09_Belly.csv:[27799,29415,31439,32903,34123,35267,37179,39075,41023,42079,44075,46487,48735,51159,52663,53743,55019,56791,59903,61963]
resources/preprocessed/Interpolated/2020-07-02_14.14.32_LeftArm.csv:[32003,33959,35071,36367,37603,38947,40231,41559,42927,44295,45631,46991,48383,49731,51235,52567,53931,55415,57087,58163,59583,62127,64503]
resources/preprocessed/Interpolated-Revised/Jan_liegestuetzen1_13_10_2020_edited_Chest.csv:[73828,77076,78367,79703,81600,82877,84223,86080,87436,89263,90539,93027,94984,96300,97761,99223,100855,102696,104043,106225,108948,111775,113858]
resources/preprocessed/Interpolated/2020-07-02_11.17.39_Belly.csv:[58227,59559,60731,62327,64171,65759,67435,69115,70879,72855,74587,76219,78059,79807,80819,81871,83715,85631,87755,89151,91043,93211,94283,95623,96751,98119,100719,101903,103415,106371,107703]
resources/preprocessed/Interpolated/Andre_liegestuetzen3_13_10_2020_Chest.csv:[31443,33208,34818,36468,38068,39718,41293,43053,44643,46393,48113,50328,52263,54608,57033,59803,62328,65478]
resources/preprocessed/Interpolated/2020-07-02_11.17.39_Chest.csv:[58227,59827,61439,63123,64135,65711,67467,69131,70867,72871,74499,76279,78095,80043,81859,83903,85707,87763,89175,91019,92139,93219,94307,95603,96811,98095,99479,100699,102275,103411,105499,106915]
resources/preprocessed/Interpolated/2020-07-02_11.17.39_LeftArm.csv:[58303,59419,61427,63171,64871,66483,67491,69291,71015,72839,74331,76243,78059,80203,81907,83811,85583,87259,89187,91003,92075,93203,94295,96787,98035,99367,100375,101647,103423,105547,107235]
resources/preprocessed/Interpolated/2020-07-02_14.59.59_Belly.csv:[74427,75695,77239,79023,81347,83811,86159,87995,89127,91115,93779,96731,98767,99815]
resources/preprocessed/Interpolated/Andre_Squats_13_10_2020_LeftArm.csv:[61151,63051,66446,68226,71651,74066,76941,78331,79991,82101,84311,86991,88296,90111,92141,94016,97401,100066,102231,104366,107151,109021,112211,114911,116861,119196,121481,122761,124306,126161,128541,130831,132496,133981,135581,137931,140441,142986,145386,147756,149996,152391,154171,155636,157356,158991]
resources/preprocessed/Interpolated/2020-07-02_14.07.33_Chest.csv:[7709,8961,10209,11501,12749,14169,15413,16669,18029,19253,20593,22009,23445,24733,26045,27481,28893,30369,31741,33181,34653,36069,37085,38553,40265,41949,44065]
resources/preprocessed/Interpolated/2020-07-02_11.17.39_RightArm.csv:[58819,60815,62363,64287,65667,67359,69143,71011,72883,74479,76203,78091,79187,80831,82751,84647,85707,87859,89971,91003,93367,95575,96799,98287,100403,101627,103403,107271]
resources/preprocessed/Interpolated/2020-07-02_14.59.59_Chest.csv:[74395,75651,77199,79027,81399,83851,86135,88655,91079,93819,96747,98791]
resources/preprocessed/Interpolated/2020-07-02_14.59.59_LeftArm.csv:[74499,76279,77771,79027,81419,83823,86307,88655,91079,93887,96743,98611,99787]
resources/preprocessed/Interpolated/2020-07-02_12.50.00_RightArm.csv:[16419,18695,20559,22359,24599,26399,27415,28655,30523,32383,34559,36699,37743,38899,40415,42295,43343,45519,47031,48115,49459,50579,51959,53635,55579,57051,58731,59807,62947]
resources/preprocessed/Interpolated/Andre_liegestuetzen1_13_10_2020_RightArm.csv:[17451,19186,20971,22656,24376,26056,27631,29411,30961,32641,34246,35726,37446,39086,40626,42406,44051,45761,47416,49296,51021,52936,54881,56871,59096,62261,64736,66631]
resources/preprocessed/Interpolated/Andre_liegestuetzen2_13_10_2020_Belly.csv:[40191,42081,43611,45201,46911,48616,50286,52136,53756,55606,57391,59241,61086,63051,64876,67056,69281,71671,74321,77356,78696]
resources/preprocessed/Interpolated/2020-07-02_15.13.22_Belly.csv:[23751,25767,27195,28287,30263,32375,34511,36775,38971,41019,42239,43847,46503,49283,52143,55159,56359,58639,62539,65571]
resources/preprocessed/Interpolated/2020-07-02_15.13.22_RightArm.csv:[24643,26403,27899,29055,30339,32431,34599,36827,39051,41331,43795,46571,49391,52055,53219,55275,56355,58831,59919,61195,62503,63855,65295]
resources/preprocessed/Interpolated/2020-07-02_15.13.22_Chest.csv:[24687,26463,28355,30235,32435,34587,36759,39007,41051,42347,43831,46459,49383,52087,55299,58623,60131,62507,63879,65283]
resources/preprocessed/Interpolated/Andre_liegestuetzen1_13_10_2020_Belly.csv:[17351,19211,21101,22706,24461,26076,27761,29436,31021,32626,34141,35906,37486,39096,40636,42346,44061,45736,47406,49261,50981,52911,54841,56986,59141,62021,64836,66491]
resources/preprocessed/Interpolated/2020-07-02_15.31.36_Belly.csv:[72387,75295,76595,77963,78979,81299,83211,85435,86911,87915,90111,92287,94599,96899,99191,101575,104051,106735,109343,112079,113975]
resources/preprocessed/Interpolated/Jan_liegestuetzen2_13_10_2020_LeftArm.csv:[18851,20776,22116,23481,25421,28116,29531,31571,33061,34416,35981,37531,39246,40791,42061,43951,46241,48736,50346]
resources/preprocessed/Interpolated/2020-07-02_15.31.36_Chest.csv:[72271,74327,75375,76835,79047,81311,83235,85379,86815,87939,90239,92279,94583,96859,99231,101539,104047,106015,107451,109367,112119,113975]
resources/preprocessed/Interpolated/Andre_Squats_13_10_2020_RightArm.csv:[61841,63701,66346,68031,71631,73001,75296,76931,78281,79976,82151,87061,88371,90006,92051,97321,102216,103536,105196,107181,109041,112111,116831,119256,121521,124271,126131,128491,130786,132561,133961,135581,137971,140426,142941,145306,147741,149966,152476,154931,157256]
resources/preprocessed/Interpolated/2020-07-02_14.14.32_Chest.csv:[32567,34019,35143,36391,37687,38963,40251,41599,42967,44347,45683,47071,48475,49819,51219,52631,54067,55507,57159,58179,60003,61983,64499]
resources/preprocessed/Interpolated/2020-07-02_15.31.36_LeftArm.csv:[72587,74227,75511,77543,78959,80575,81939,83179,85375,86839,87919,90295,92283,94655,96347,99227,101599,104119,105983,107447,109347,112099,113875]
resources/preprocessed/Interpolated/2020-07-02_15.31.36_RightArm.csv:[72899,74443,76627,77963,80515,83231,85391,86839,88095,90319,91879,94595,96851,98807,100235,101543,104035,105131,107483,108783,110979,112127]
resources/preprocessed/Interpolated/Andre_Squats2_13_10_2020_Chest.csv:[48375,50065,51660,53840,56115,58510,60895,63285,65555,67600,69015,70350,72960,75025,76480,78320,79895,81825,83350,85615,86905,88535,91570,93005,95635,98760,100345,102760,104690,109595,111780,116675,118890,122460,125515,127035,130190,131565,134905,137575,139480,142335,144265,146445,149350,151035,153645,154965,156505,158445,160785,163220,164475,166270,168185,170380,173335,174660,176370,178395,180330,183035,184485,186315,188350,191265,193135,194505,196055,198025,199400,200870,202695,207395,208940,212075,213570]
resources/preprocessed/Interpolated/2020-07-02_14.07.33_LeftArm.csv:[7173,8429,9613,10957,12157,13561,14809,16165,17409,18753,20001,21397,22829,24157,25509,26861,28289,29761,31165,32609,34029,35493,37057,38485,40065,41869,43617]
resources/preprocessed/Interpolated/Andre_Squats2_13_10_2020_RightArm.csv:[48380,50100,51655,53785,56125,58510,60890,63170,65525,67445,69145,72945,74875,76525,78240,79820,81790,83430,85225,86935,88380,90725,92755,95650,98535,100420,102815,104765,107180,109165,112675,114675,117025,118835,122060,125615,126970,130290,133445,134855,137605,139335,141530,144200,145510,147205,149025,150985,153710,155025,156580,158470,162040,164460,166315,168210,171580,173315,174610,177240,179500,181320,183010,184430,186365,188085,189650,191320,193180,196130,198005,199490,202480,203940,207380,209000,212055,213995]
resources/preprocessed/Interpolated/Andre_liegestuetzen1_13_10_2020_LeftArm.csv:[17416,19151,21091,22746,24496,26166,27756,29296,31001,32601,34181,35781,37561,39096,40771,42326,44066,45851,47546,49256,50976,52956,54931,56906,59211,62086,64826,66571]
resources/preprocessed/Interpolated/2020-07-02_13.00.09_LeftArm.csv:[27763,29639,31503,32555,33743,35055,37215,38339,40371,42039,44071,46491,47523,50123,51439,52515,54971,57043,59691,61031,62367]
resources/preprocessed/Interpolated/Andre_liegestuetzen3_13_10_2020_LeftArm.csv:[31383,33248,34853,36518,38098,39643,41233,43048,44558,46433,48198,50398,52328,54768,57078,59978,62578,64283]
resources/preprocessed/Interpolated/Lukas_liegestuetzen1_13_10_2020_LeftArm.csv:[38660,40200,42070,43950,45690,47415,49095,50925,52795,54705,56560,58355,60335,62170,63875,65920,67770,69665,71565,73325,75085,76775,78555,80365,82360]
resources/preprocessed/Interpolated/Andre_Squats2_13_10_2020_LeftArm.csv:[48460,50045,51630,53895,56030,58545,60940,63300,65600,67570,69190,70660,72910,74875,76495,78250,79820,81730,83385,85795,88390,90725,93020,95560,98220,100405,102715,104705,109575,112750,116950,118985,120620,121970,125585,126930,128725,130310,133425,134855,137640,139425,142355,144155,145475,147190,149310,150940,153655,156585,158370,160765,162040,164435,165725,168215,170365,171635,173275,174715,177315,179470,180775,183135,184455,186300,187985,189355,191265,193085,194615,196295,197955,199335,200890,202780,207420,208960,210495,212105,213560]
resources/preprocessed/Interpolated/Andre_Squats_13_10_2020_Belly.csv:[61151,63061,66436,67926,71581,72856,75016,76971,78301,79921,82051,84861,87011,88351,89891,92141,93411,97301,102271,105001,107101,110071,112041,113361,116841,119721,121631,124431,126111,128481,130876,133266,135616,138066,140496,143016,145391,147781,150141,152581,155001,157401]
resources/preprocessed/Interpolated/Andre_Squats_13_10_2020_Chest.csv:[61131,63116,66641,67926,71581,72876,75001,76966,78286,82106,86966,88366,89966,92176,97386,102356,107236,109291,112126,114906,116836,118116,119696,121556,124356,126146,128476,130856,133291,135601,138056,140446,143006,145326,147756,150126,152511,154961,157371]
resources/preprocessed/Interpolated/Andre_liegestuetzen2_13_10_2020_Chest.csv:[40301,42046,43586,45286,46876,48586,50381,52101,53666,55596,57351,59206,61016,62991,65021,67096,69266,71651,74251,77251,78841]
resources/preprocessed/Interpolated/Andre_liegestuetzen2_13_10_2020_LeftArm.csv:[40121,42006,43536,45296,46926,48591,50381,52071,53671,55561,57486,59216,60996,63021,64996,67121,69381,71641,74341,77671,79446]
resources/preprocessed/Interpolated/Lukas_liegestuetzen3_13_10_2020_LeftArm.csv:[11766,13146,15031,16806,18791,20966,22291,23776,25371,27051]
resources/preprocessed/Interpolated/Andre_liegestuetzen1_13_10_2020_Chest.csv:[17431,19306,21031,22696,24446,26136,27811,29411,31001,32611,34206,35906,37561,39091,40631,42411,44041,45756,47446,49241,51006,52916,54831,56986,59201,61981,64846,66511]
resources/preprocessed/Interpolated/Andre_liegestuetzen2_13_10_2020_RightArm.csv:[40281,41971,43586,45181,46886,48666,50386,52026,53731,55581,57226,59071,61081,63051,64921,67106,69261,71776,74466,76141,77556,78811]
resources/preprocessed/Interpolated/2020-07-02_12.50.00_Belly.csv:[16363,18691,20527,22375,24503,26479,28571,30491,31495,33491,34519,36799,38903,41259,42307,43471,45559,47879,49151,50547,51671,53503,54547,57099,59667,62715]
resources/preprocessed/Interpolated/Andre_liegestuetzen3_13_10_2020_Belly.csv:[31333,33143,34738,36503,38088,39753,41303,42978,44668,46463,48138,50348,52283,54618,57043,59428,60698,62358,64183]
