resources/preprocessed/Interpolated/Lukas_liegestuetzen3_13_10_2020_RightArm.csv:[10996,12406,14186,16901,18141,19446,20896,22326,23711,25351,26476,28756]
resources/preprocessed/Interpolated/Lukas_liegestuetzen3_13_10_2020_Chest.csv:[11026,12396,14016,15621,18006,20281,21676,23601,25101,26256,28646]
resources/preprocessed/Interpolated/Lukas_liegestuetzen3_13_10_2020_Belly.csv:[11056,13521,15446,16926,19081,20736,22851,24351,25661,27846]
resources/preprocessed/Interpolated/Lukas_liegestuetzen2_13_10_2020_RightArm.csv:[36540,38680,40245,41780,43270,45070,46775,48530,50165,51810,53545,55125,56630,58345,60025,61355,63830,66405,67620,69885,71375,73070]
resources/preprocessed/Interpolated/Lukas_liegestuetzen2_13_10_2020_LeftArm.csv:[36565,38645,40125,41720,43210,45095,46695,48515,50180,51810,53555,55100,56630,58360,60015,61885,63845,66445,67605,69880,71310,73510]
resources/preprocessed/Interpolated/Lukas_liegestuetzen2_13_10_2020_Chest.csv:[36570,37750,39195,40775,42780,44290,46230,48215,50700,52880,55020,56535,58250,59325,61000,64715,66025,67455,69380,71220,72770,73995]
resources/preprocessed/Interpolated/Lukas_liegestuetzen2_13_10_2020_Belly.csv:[36000,37455,38660,40240,41270,42580,43920,45575,48290,49990,52400,53495,55060,57255,58300,59905,60990,62345,63485,65520,66820,68095,72050,73655]
resources/preprocessed/Interpolated/Lukas_liegestuetzen1_13_10_2020_Belly.csv:[38710,41175,42825,44220,45685,47080,48295,50270,52080,53760,55575,56765,58650,60155,62895,64235,66320,68160,69450,71195,72710,74230,75260,76845,78275,79345,82115,83310]
resources/preprocessed/Interpolated/Jan_liegestuetzen3_13_10_2020_RightArm.csv:[34230,36295,37660,39775,41215,42625,44110,45475,46850,48370,50000,51740,53590,54650,56880]
resources/preprocessed/Interpolated/Jan_liegestuetzen3_13_10_2020_LeftArm.csv:[34135,36270,37650,39125,40525,41915,43385,44780,46135,47560,49180,50960,52685,54660,56740]
resources/preprocessed/Interpolated/Jan_liegestuetzen3_13_10_2020_Belly.csv:[34000,37070,38525,40175,41380,42925,44345,45695,47130,48675,50505,52185,54120,56445]
resources/preprocessed/Interpolated/Jan_liegestuetzen2_13_10_2020_RightArm.csv:[17041,19431,20701,22046,23381,24716,26041,27411,28816,30176,31576,33026,34436,35936,37496,39206,40816,42656,44536,46846,49031,50781]
resources/preprocessed/Interpolated/Jan_liegestuetzen2_13_10_2020_Chest.csv:[16996,18061,19206,20571,22006,23336,24671,25991,27336,28786,30131,31556,33011,34421,35876,37476,39161,40801,42626,44571,45661,46821,49376,50571]
resources/preprocessed/Interpolated/Jan_liegestuetzen2_13_10_2020_Belly.csv:[16996,19026,20126,21536,22871,24231,25651,26986,28311,29706,31091,32506,33936,35466,36956,38656,40281,42076,43896,46051,48711,50271]
resources/preprocessed/Interpolated/2020-07-02_14.59.59_LeftArm.csv:[74495,76959,78115,79239,81575,82695,84007,85187,86375,87535,88775,90011,91307,92503,93959,95147,96011,97399,98767,99767]
resources/preprocessed/Interpolated/Andre_liegestuetzen2_13_10_2020_Belly.csv:[39996,42176,43331,44871,46471,48241,49916,51586,53271,54321,55641,56801,58611,60391,62136,64121,66131,68846,71126,73126,75926,77501,79006]
resources/preprocessed/Interpolated/Jan_liegestuetzen1_13_10_2020_RightArm.csv:[84900,87715,88860,90170,91370,92575,95275,96465,99215,100720,101975,104305,106995,108180,109775,112075,114620,116110,118700,119985,121845,123860,125835,127810,130355,131705,133410,135505,138085,139290,141650,142865,144675,146775,149265,150560,153510,154610,157345,158670,161770,163030,165940,169125,170290,172755,173955,176755,177820,179635,181195,182415,183860]
resources/preprocessed/Interpolated/2020-07-02_14.59.59_Chest.csv:[73999,76071,77079,78187,79775,81635,84079,85339,86411,87931,88959,89835,91363,94015,95223,97011,98007,99527]
resources/preprocessed/Interpolated/2020-07-02_15.13.22_Belly.csv:[23219,24387,26255,28067,29115,30711,32103,35239,37019,38151,39267,40907,43039,44063,45171,46727,48147,49511,50803,52303,53735,55351,56503,58835,60095,62527,63815,64667,65523]
resources/preprocessed/Interpolated/2020-07-02_15.13.22_RightArm.csv:[23251,25571,27299,29075,30595,31647,32671,34751,36975,38287,39251,40387,41535,42707,44047,45259,46131,47279,48771,50055,51499,52839,54403,55291,56679,57803,58771,60195,62567,64083,66095]
resources/preprocessed/Interpolated/Lukas_liegestuetzen1_13_10_2020_Chest.csv:[38700,41000,42770,44630,46150,48070,49875,51860,53605,55375,56845,57970,59260,61765,63460,64835,66045,68160,70265,72215,73585,75175,76400,78715,81605,83010]
resources/preprocessed/Interpolated/Jan_liegestuetzen1_13_10_2020_Chest.csv:[84900,87405,88690,90625,91955,94480,97325,98930,103055,104420,106940,108180,110090,112080,114035,115980,118375,119730,121590,123755,126240,128675,129800,131925,133770,135470,137375,139395,141090,143045,144920,146830,148715,150475,152030,154510,156730,158620,161075,162860,164390,165715,166870,168965,170345,172620,174345,176435,177610,179240,181055,183325]
resources/preprocessed/Interpolated/2020-07-02_14.20.28_RightArm.csv:[62035,64959,66031,67175,68303,69407,70531,71695,72887,74063,75255,76539,77963,79455,80311,81591,82771,83819]
resources/preprocessed/Interpolated/2020-07-02_14.20.28_Belly.csv:[61995,63143,64131,65291,66439,68655,69479,70543,71751,73223,74027,75183,76643,77975,79411,80411,82087,84007]
resources/preprocessed/Interpolated/2020-07-02_14.14.32_RightArm.csv:[32003,35159,36423,37683,38931,40199,41587,42927,44331,45731,47039,48463,49827,51247,52687,54127,55551,57231,58839,60647,62703,64995]
resources/preprocessed/Interpolated/2020-07-02_15.13.22_LeftArm.csv:[23267,25611,26763,28615,30623,32679,33719,34779,35931,37011,38183,39271,40375,41555,42663,44039,45271,46099,47235,48739,50051,51451,52815,54075,55243,56659,58711,60159,62483,63311,64647,66095]
resources/preprocessed/Interpolated/2020-07-02_14.14.32_Belly.csv:[32003,33335,34271,35707,37511,38747,40327,41343,42659,44067,45323,47475,48491,49475,50851,52279,53719,55583,56659,58115,59135,59975,61607,62519,64059,64995]
resources/preprocessed/Interpolated/2020-07-02_14.59.59_RightArm.csv:[74515,75331,76403,77499,78755,79799,80979,82215,83379,84631,85811,86971,88187,89395,90735,91915,93307,94615,96099,97399,98823,99695]
resources/preprocessed/Interpolated/Jan_liegestuetzen3_13_10_2020_Chest.csv:[34900,36110,37610,39030,40515,41930,43340,44805,46145,47585,49205,50955,52700,54650,55710,56995]
resources/preprocessed/Interpolated/2020-07-02_14.20.28_LeftArm.csv:[61995,63311,64955,65995,67163,68267,69387,70519,71675,72859,74031,75211,76483,77903,79387,80879,82727,84007]
resources/preprocessed/Interpolated/2020-07-02_13.00.09_Belly.csv:[27099,28599,29779,30787,31751,33695,35035,36883,38103,40431,41611,44183,45163,47447,49127,51595,52827,53727,54919,57175,59491,60371,61803]
resources/preprocessed/Interpolated/2020-07-02_14.14.32_LeftArm.csv:[32315,33583,35159,36415,37679,38911,40183,41559,42899,44299,45691,46991,48403,49775,51191,52623,54055,55483,57087,57891,58787,60587,62639,64995]
resources/preprocessed/Interpolated/2020-07-02_11.17.39_Belly.csv:[58523,59779,61051,62495,64439,66523,68187,69995,71107,72315,73495,75299,76531,77703,78927,80047,81443,82743,83607,85139,87099,88259,89303,90603,91871,93135,94351,95495,96723,98043,99183,100707,101795,102631,104419,107343]
resources/preprocessed/Interpolated/Andre_liegestuetzen3_13_10_2020_Chest.csv:[31423,33258,34628,36533,38043,39763,40978,42423,43483,45188,47098,48738,50148,51733,52848,54393,56683,58293,59423,61118,62578,63668,65498]
resources/preprocessed/Interpolated/2020-07-02_11.17.39_Chest.csv:[58227,59595,61023,62075,63991,65403,67459,68587,69587,70819,72691,73811,74911,76163,78083,79043,79995,81159,82283,83523,85563,86755,88051,88863,89859,93071,94163,95347,96487,97923,99127,100519,101623,103107,104367,105719,106615,107959]
resources/preprocessed/Interpolated/Jan_liegestuetzen1_13_10_2020_Belly.csv:[84955,87145,88815,92205,93545,96200,97905,99565,100935,102100,104240,107090,108805,111040,112585,115055,116555,118920,120575,123165,124685,125945,127835,129105,130765,134455,136015,138205,141795,143495,145755,147375,149480,151110,153610,155110,157580,159155,161960,163755,164940,166085,168240,169440,170910,173050,174495,176960,178820,179895,181400,183995]
resources/preprocessed/Interpolated/2020-07-02_11.17.39_LeftArm.csv:[58227,59295,61059,62763,64499,66183,67879,69527,71323,73099,74911,76719,78511,80367,82247,84127,86075,87227,88735,89947,91099,92507,94787,95967,97239,98951,99767,101439,102371,104095,105007,106531,107819]
resources/preprocessed/Interpolated/2020-07-02_14.59.59_Belly.csv:[73999,74871,76267,77503,78511,79887,80847,82367,84087,85763,87731,88583,90167,91315,92859,93935,95315,96831,98139,99995]
resources/preprocessed/Interpolated/Andre_Squats_13_10_2020_LeftArm.csv:[60996,62746,64141,65321,68126,69601,71586,73091,74236,75241,77146,78351,79596,82371,84571,86576,88301,89376,92361,94046,95796,99176,100531,102521,104686,107226,108531,110931,112021,113351,114501,115641,117091,118271,120331,121646,122706,123896,125031,126271,128686,131131,133486,135871,138251,140716,143236,145621,148001,150371,152796,155256,156981,158256]
resources/preprocessed/Interpolated/2020-07-02_14.07.33_Chest.csv:[7005,8457,9933,11241,12533,13757,15029,16521,17569,19089,20337,21633,23169,24509,25845,26849,27717,28665,30133,31485,33269,34529,36633,37785,39193,41033,41909,43781]
resources/preprocessed/Interpolated/2020-07-02_11.17.39_RightArm.csv:[58227,59311,60323,62067,63679,65119,66171,67863,68699,69531,71319,73083,74883,75695,76695,77499,78491,80367,81235,82227,83207,84119,86071,87071,88043,89367,90459,91651,92495,94763,97223,98147,99775,101367,102371,104055,104983,106335,107799]
resources/preprocessed/Interpolated/Andre_liegestuetzen3_13_10_2020_RightArm.csv:[31453,33863,35553,37163,38748,40373,41928,43698,45408,47168,48838,51108,53193,55453,57878,59188,60603,62688,64008,65498]
resources/preprocessed/Interpolated/2020-07-02_12.50.00_LeftArm.csv:[16271,18151,19487,20799,22699,23795,24895,25895,26927,28943,30987,32955,33951,35011,36083,37231,38299,39367,40535,41743,43831,44911,46023,47179,48439,49687,50955,52199,53599,54535,55595,57167,58767,59747,61455,62603]
resources/preprocessed/Interpolated/2020-07-02_14.20.28_Chest.csv:[61995,63263,64791,66339,67543,68639,69835,70911,72099,73247,74487,75755,77083,78679,79911,82043,83619]
resources/preprocessed/Interpolated/2020-07-02_14.07.33_RightArm.csv:[7209,10249,11497,12761,14121,15429,16745,18021,19277,20617,22005,23465,24741,26077,27477,28893,30381,31785,33221,34649,36137,37617,39177,40829,42573,43625]
resources/preprocessed/Interpolated/Lukas_liegestuetzen1_13_10_2020_RightArm.csv:[38000,40850,42810,44655,46505,48165,49955,51840,53650,55610,57480,59295,61190,63025,64830,66260,68590,70570,72350,74090,75820,77530,79350,81210,83995]
resources/preprocessed/Interpolated/2020-07-02_14.07.33_Belly.csv:[7197,8345,9965,11405,12897,13713,15097,16917,18173,19453,20361,21717,23137,24421,25761,27137,28513,30037,31381,32609,33869,34733,35565,36649,37713,38537,40105,41425,42365,43741]
resources/preprocessed/Interpolated/Andre_liegestuetzen1_13_10_2020_RightArm.csv:[16996,19986,21751,23431,25216,26861,28596,30231,31746,33351,34931,36656,38256,39796,41456,43091,44686,46426,48101,49246,50461,51611,53576,55566,57731,59936,61486,62936,65096,66376]
resources/preprocessed/Interpolated/2020-07-02_12.50.00_RightArm.csv:[16451,18175,19487,20779,22695,23783,24879,25903,26907,28923,30991,32907,33939,34999,36095,37215,38303,39351,40555,41739,43835,44947,46015,47187,48423,49683,50947,52195,53607,54531,55615,57191,58775,59787,61463,62667]
resources/preprocessed/Interpolated/Andre_Squats2_13_10_2020_Belly.csv:[48045,50285,52535,54760,57120,59445,61755,63630,64780,67295,69210,70820,72060,74580,76720,77830,80255,81295,83455,85715,87550,88580,90525,93460,94765,95805,97315,100630,102010,103055,104220,105280,106670,108715,111645,113780,115920,118680,121075,123605,125500,128340,130240,131455,132770,134135,135180,137245,139715,141980,143120,144205,146870,148380,149450,150535,151620,153150,154935,156275,157375,158800,161200,163535,164565,165830,167355,169195,170625,171685,173460,175990,179410,180860,182265,183465,185860,186865,188545,189615,190830,193200,194310,195760,197635,199035,200325,201710,203340,205020,206355,207510,208890,209925,212310]
resources/preprocessed/Interpolated/2020-07-02_12.50.00_Chest.csv:[16271,18111,20087,21139,23891,25067,26559,28507,30551,31515,32563,33403,34679,36195,37667,38835,40783,42159,43299,45047,46087,47379,48503,49863,51139,52283,53531,54411,55711,58007,60799,62815]
resources/preprocessed/Interpolated/2020-07-02_13.00.09_Chest.csv:[27027,27851,29191,30635,31811,33707,35635,37627,38963,40203,41639,42911,44323,45867,47267,48195,49059,50383,51755,52931,54555,55671,57095,58627,59795,62103]
resources/preprocessed/Interpolated/2020-07-02_13.00.09_RightArm.csv:[27171,28579,29939,31767,33671,35559,37455,39435,41547,43531,45739,46663,48103,49539,51199,52087,53779,54827,57095,58567,60503,62411]
resources/preprocessed/Interpolated/2020-07-02_15.13.22_Chest.csv:[23135,24399,25559,26795,28555,30491,31915,33251,34507,37003,39163,40655,41471,42983,43931,45171,46619,47735,49515,50915,52223,53795,55475,56651,58839,60135,61443,62667,63999,65367]
resources/preprocessed/Interpolated/Andre_liegestuetzen1_13_10_2020_Belly.csv:[16996,19346,20641,22431,24011,25211,26866,29996,31911,33856,35491,36496,38106,39656,41456,43081,44671,46406,47776,49436,50461,51506,52976,54031,55596,56741,58491,60471,61776,63406,65081,66386]
resources/preprocessed/Interpolated/2020-07-02_15.31.36_Belly.csv:[72271,73759,75231,77947,78987,79991,82271,83187,85555,86915,88303,89635,90827,91843,94071,95527,96515,97759,98783,100911,101751,103163,104283,105479,106787,108139,109579,110819,112375,113703]
resources/preprocessed/Interpolated/Jan_liegestuetzen2_13_10_2020_LeftArm.csv:[16996,19401,20711,22061,23361,24656,26036,27351,28801,30186,31531,32986,34406,35956,37476,39161,40806,42641,44546,45551,46791,48931]
resources/preprocessed/Interpolated/2020-07-02_15.31.36_Chest.csv:[72271,73079,74383,75303,76471,77719,80575,81695,83055,83875,86203,87411,89503,91763,94031,95479,97119,99327,100619,101631,104303,105735,106823,108239,109499,110867,113695]
resources/preprocessed/Interpolated/Andre_Squats_13_10_2020_RightArm.csv:[60996,62716,64141,65366,66506,67956,70266,71646,73141,74286,75291,76731,78331,79626,80691,82296,83321,84536,85661,86716,88296,89401,92266,93666,94891,97586,98626,99766,102541,104641,105701,106806,108551,109806,110936,113211,114501,115936,117066,118071,119311,120486,121571,122671,123906,125126,126206,128061,129291,130471,131821,133491,135226,137481,140006,142521,144941,148016,150376,152796,154596,155881,157001,158321]
resources/preprocessed/Interpolated/2020-07-02_14.14.32_Chest.csv:[32495,33479,34307,35559,36875,37975,39507,40759,41975,43439,44591,45471,47415,48723,49635,51687,53191,54467,56143,57011,59643,60939,61811,62679,63731,64995]
resources/preprocessed/Interpolated/2020-07-02_15.31.36_LeftArm.csv:[72271,73119,74299,75211,76247,77663,79155,80731,82219,83023,84015,85303,86215,87679,88807,90407,91479,92603,93695,94855,96107,97079,98171,99415,101203,102359,103775,104835,106839,108055,108867,110159,111567,112875]
resources/preprocessed/Interpolated/2020-07-02_15.31.36_RightArm.csv:[72271,73703,76275,77807,79007,80639,82215,84007,85387,86855,87711,88811,89875,90951,92111,93147,94315,95395,97027,98211,99411,100479,101775,102955,104283,105479,106851,108103,109535,110787,112255,113475]
resources/preprocessed/Interpolated/Andre_Squats2_13_10_2020_Chest.csv:[47500,49635,51925,54170,56445,58835,61180,62400,63565,66005,67080,69210,71320,72730,75315,76850,78820,80190,82175,83420,85235,87320,88370,90340,91885,94570,96065,97340,100575,101600,103295,105310,107150,109435,111045,112215,115020,116030,117165,118670,120065,121755,122945,125385,126805,128310,130300,131700,132720,133765,135070,136270,138540,139795,141160,142965,144455,145965,147945,149295,150820,152080,154085,155575,157385,160220,162190,164815,167430,169225,170715,173815,175105,177445,178845,180000,182185,184965,186710,188050,189960,191675,193510,194780,196560,198295,199955,203145,204285,206560,207830,209150,211330,212595,213990]
resources/preprocessed/Interpolated/2020-07-02_14.07.33_LeftArm.csv:[7173,10269,11493,12761,14117,15417,16773,18001,19253,20617,21993,23453,24701,26061,27477,28861,30345,31737,33157,34585,36073,37561,39105,40789,42477,43417]
resources/preprocessed/Interpolated/Andre_Squats2_13_10_2020_RightArm.csv:[47500,49575,50790,51915,53570,55840,57020,58130,59375,60620,61755,62955,64130,65310,66935,68995,70250,72920,74430,76420,78035,80050,81805,83405,85060,87055,88620,90455,92375,94405,96460,99400,100845,103655,105055,108040,109255,110695,112145,114055,116025,117685,119270,120845,122085,123780,125365,126855,128895,130145,131535,132590,133605,134990,136000,137290,138455,139515,141895,143320,144360,146755,147970,149330,150350,151450,153815,154970,156245,157465,158550,160510,162080,163575,165875,167350,169315,170780,173700,175940,177340,178560,180800,182165,183250,185795,187235,188285,190740,191990,193170,194300,195540,196790,197840,198950,201730,203430,205060,206550,208770,209885,211225,212370,213965]
resources/preprocessed/Interpolated/Andre_liegestuetzen1_13_10_2020_LeftArm.csv:[16996,18176,19951,21631,23226,25136,26711,29106,30701,32246,33826,35466,37106,38746,40321,41366,43081,44736,46461,48016,49921,51521,53466,55521,57661,59191,60601,61666,62901,65646]
resources/preprocessed/Interpolated/2020-07-02_13.00.09_LeftArm.csv:[27179,28603,29991,31795,33663,35567,37519,39471,41551,43575,45767,46663,48131,49591,51183,52111,52935,53791,54855,57127,58595,59839,61207,62411]
resources/preprocessed/Interpolated/Andre_liegestuetzen3_13_10_2020_LeftArm.csv:[31493,33703,35053,36068,37703,39343,40933,42513,43563,45258,47103,48778,51048,52923,55453,57888,59183,60608,61923,63328,64888]
resources/preprocessed/Interpolated/Lukas_liegestuetzen1_13_10_2020_LeftArm.csv:[38000,40930,42840,44600,46475,48130,49940,51815,53625,55590,57445,59205,61125,62990,64805,66250,67370,68530,70545,72320,74065,75835,77530,79355,81180,82745,83995]
resources/preprocessed/Interpolated/Andre_Squats2_13_10_2020_LeftArm.csv:[47500,49585,51900,54165,56420,58810,61165,63540,65890,69125,70490,72790,74350,76390,77930,80055,81485,83405,84980,87110,88720,90435,92410,94375,95385,97605,99410,101055,103410,104435,106820,108065,109945,113650,115290,116680,117790,119725,121455,123400,125335,127265,128790,130085,131495,132630,134955,136070,137215,138310,139625,141910,143325,144360,145465,146780,147995,149295,150415,152180,153930,155055,156380,157500,159770,161210,163010,164630,165705,168465,170695,171830,173330,174750,175805,177420,178720,180755,181800,183290,184315,185760,187080,188495,190420,191475,193215,194390,195525,196565,197975,199070,200465,202545,204800,205845,207415,209140,211635,213315]
resources/preprocessed/Interpolated/Andre_Squats_13_10_2020_Belly.csv:[60996,62456,63491,64676,66666,68046,69711,71981,73066,74561,77596,79556,80581,82591,84626,86186,87606,89606,92521,94666,97491,98791,100621,102626,104866,107561,108601,109706,110726,112171,113351,114616,117096,118386,119436,120471,122066,124006,125566,127036,129366,131816,134201,136556,137726,138916,140246,141416,142571,143886,146316,148536,149811,151041,152861,154121,155861,157741,158956]
resources/preprocessed/Interpolated/Andre_liegestuetzen2_13_10_2020_Chest.csv:[39996,41561,42606,44891,45961,47776,49391,50966,52776,54441,56721,58191,59916,61806,62906,64716,67476,69166,71861,73526,74806,76256,78021,79566]
resources/preprocessed/Interpolated/Andre_liegestuetzen2_13_10_2020_LeftArm.csv:[39996,41606,42671,44186,45856,47571,49241,50901,52661,54356,56141,58076,59791,61641,63666,65546,67736,70036,72411,74626,75836,77146,78276,79836]
resources/preprocessed/Interpolated/Lukas_liegestuetzen3_13_10_2020_LeftArm.csv:[11736,12921,14166,15696,17431,18746,20046,21551,22996,24486,26206,28796]
resources/preprocessed/Interpolated/Andre_liegestuetzen1_13_10_2020_Chest.csv:[16996,18026,19816,21601,23076,25056,26731,28386,30271,31731,33271,34891,36471,38116,39751,41431,43101,44676,46376,47996,49821,51611,53576,55526,57556,59736,61151,62731,64091,65546]
resources/preprocessed/Interpolated/Andre_liegestuetzen2_13_10_2020_RightArm.csv:[39996,41636,42731,44301,45976,47751,49396,51021,52796,54476,56281,58166,59916,61756,63751,65681,67826,70101,71951,73166,74611,75851,76856,78326,79776]
resources/preprocessed/Interpolated/2020-07-02_12.50.00_Belly.csv:[16003,17007,18575,20463,21819,23143,25163,25971,26875,27875,29419,30519,31943,32907,33959,34883,36091,37767,39003,40611,41463,42755,44935,47155,48299,49707,50967,52179,53459,54419,55659,56487,58131,60263,62155,62995]
resources/preprocessed/Interpolated/Andre_liegestuetzen3_13_10_2020_Belly.csv:[30998,32093,33268,34343,36088,37568,39063,40713,42408,43643,45823,47623,49458,50613,51698,52953,54463,55953,57128,58283,59618,61883,63828,65393]
resources/preprocessed/Interpolated/Andre_Squats_13_10_2020_Chest.csv:[60996,62626,64236,66626,68006,69691,71636,73626,75646,77441,78976,80581,82446,84056,85386,86391,88976,90631,92481,93541,94746,97661,99851,101551,102706,104091,105716,107511,109126,110816,111876,113971,115541,117331,118576,120516,121951,123271,124706,126256,128821,131181,132501,134261,135946,138336,139601,140801,142081,143296,145691,146906,148046,150391,152821,154066,155271,156476,157696,158961]
resources/preprocessed/Interpolated/Jan_liegestuetzen1_13_10_2020_LeftArm.csv:[84915,87260,88890,89950,91385,92565,95165,96520,99175,100495,102050,104320,106985,108070,110580,111980,113755,116010,117720,119830,122285,123775,125865,127690,129495,131540,133835,135225,137830,139065,141395,142880,145305,146820,149045,151330,153215,154435,157265,158515,161455,163030,165790,169110,170120,172735,174605,176635,177660,179320,181135,183215]
