resources/preprocessed/Interpolated/Lukas_liegestuetzen3_13_10_2020_RightArm.csv:[11011,12381,13271,14126,15726,16761,18166,19436,20911,22356,23761,25236,25911,26221,26991,27716,28171,28421,28731]
resources/preprocessed/Interpolated/Lukas_liegestuetzen3_13_10_2020_Chest.csv:[11151,12301,13131,14116,15701,16821,18156,19431,20851,22256,23731,25261,25901,26986,28676]
resources/preprocessed/Interpolated/Lukas_liegestuetzen3_13_10_2020_Belly.csv:[11176,12416,13106,14146,15746,16821,18056,19481,20811,22261,23641,25211,25891,26911,27781,28586]
resources/preprocessed/Interpolated/Lukas_liegestuetzen2_13_10_2020_RightArm.csv:[36040,37055,37935,38790,40225,41760,43275,43950,45035,46805,48520,50210,51895,53435,55065,56615,58345,60000,61830,62710,62960,64435,65815,66370,67530,68685,69080,69355,70565,71845,72305,72730,73075,73900]
resources/preprocessed/Interpolated/Lukas_liegestuetzen2_13_10_2020_LeftArm.csv:[36050,37155,38600,40085,41835,43320,45060,46745,48420,50110,50435,51755,53605,55050,56585,56840,58295,60065,61855,62410,62665,63185,64495,65920,66255,67535,68270,68615,69015,69330,70545,71800,72755,73210,73640]
resources/preprocessed/Interpolated/Lukas_liegestuetzen2_13_10_2020_Chest.csv:[36005,37075,38755,40285,41805,43270,45080,46760,47450,48420,50210,51770,53455,55060,56585,58220,60000,61830,62735,63230,64280,65355,65860,66350,67540,68655,69020,69355,70490,71875,72755,73165,73650]
resources/preprocessed/Interpolated/Lukas_liegestuetzen2_13_10_2020_Belly.csv:[36035,37145,38580,40245,41680,43310,45175,46700,48485,50200,51785,53460,54375,55080,56590,58215,59875,60645,61785,62760,63225,63745,64330,65025,65390,65830,66360,67530,68640,69085,69420,70495,71785,72220,72610,73170]
resources/preprocessed/Interpolated/Lukas_liegestuetzen1_13_10_2020_Belly.csv:[38000,39590,41185,43040,44795,46465,48260,49995,51865,53665,54900,55585,57365,59230,61215,63020,64675,66675,68575,68845,70550,72240,73980,75715,77500,79200,80020,81095,82250,82770,83300,83605,83995]
resources/preprocessed/Interpolated/Jan_liegestuetzen3_13_10_2020_RightArm.csv:[34050,34485,34780,35110,35400,36260,37685,39215,40590,42005,43465,44880,46175,47610,48350,49240,49920,50840,51705,52655,53630,54750,55850,56130,56910]
resources/preprocessed/Interpolated/Jan_liegestuetzen3_13_10_2020_LeftArm.csv:[34035,34530,34820,35205,35620,36185,37635,39240,40585,42030,43440,44885,46275,47010,47685,49270,51030,51735,52790,53670,54810,55930,56955]
resources/preprocessed/Interpolated/Jan_liegestuetzen3_13_10_2020_Belly.csv:[34045,34820,35140,36240,37710,39115,40545,41910,43375,44835,45600,46130,47610,48270,48690,49160,49845,50960,51730,52190,52670,53690,54240,54700,55590,56275]
resources/preprocessed/Interpolated/Jan_liegestuetzen2_13_10_2020_RightArm.csv:[17096,17711,17981,18421,18796,19381,20736,22101,23321,24841,26126,27521,28866,29386,30201,31621,32996,34366,35961,37436,39216,40061,40851,41631,42581,43326,44506,45496,45806,46901,48171,48546,49111,49501,49816,50281,50956]
resources/preprocessed/Interpolated/Jan_liegestuetzen2_13_10_2020_Chest.csv:[17046,17391,17981,18241,19326,20781,22116,23476,24826,26081,27391,28891,30176,31601,33006,34421,35981,37451,39216,39856,40771,41696,42591,43556,44516,45841,46901,48111,49121,49471,50006,50271,50761]
resources/preprocessed/Interpolated/Jan_liegestuetzen2_13_10_2020_Belly.csv:[16996,17666,17921,18216,19286,20756,22141,23421,24761,26091,26876,27396,28821,30181,31581,32996,34421,35946,37471,38156,38631,39081,39801,40766,41551,42581,43481,44011,44521,45381,45796,46826,48101,48456,49986,50416,50941]
resources/preprocessed/Interpolated/2020-07-02_14.59.59_LeftArm.csv:[73999,74999,75291,76163,76583,76943,77215,77771,78523,78779,79603,80059,81091,81915,82167,82491,83455,84515,84851,85963,86703,87331,87723,88139,89167,89503,90099,90835,91991,92675,93551,94387,94759,95203,96187,97419,98211,98671,98959,99787]
resources/preprocessed/Interpolated/Andre_liegestuetzen2_13_10_2020_Belly.csv:[39996,41136,42801,44376,46001,47741,49416,51061,52776,54496,56281,58101,59891,61731,63726,65726,67861,70096,71036,72591,73641,75391,76391,78196,78696,79731]
resources/preprocessed/Interpolated/Jan_liegestuetzen1_13_10_2020_RightArm.csv:[84900,85545,86445,86735,87235,87745,88260,89985,90410,90725,91945,93945,94425,95875,98915,99910,101600,101875,103695,104775,106040,106430,106925,107665,111395,113325,114015,114430,115435,116515,116825,117945,119375,120985,121360,121815,123420,124335,124605,125390,126440,127290,128655,129945,131080,131800,132490,132955,133490,134045,134785,135770,136115,137220,137705,138595,139455,139800,140985,142270,143515,143995,145395,146160,146855,147635,149190,149940,150930,151355,152520,153480,154010,155425,155810,157350,157880,159455,159870,160290,160955,161710,162330,163915,164490,166210,167165,167425,167970,169220,169690,170820,171380,171805,172310,172880,173270,175040,175495,176815,178350,178610,179020,179430,180180,181280,182935,183475,183910]
resources/preprocessed/Interpolated/2020-07-02_14.59.59_Chest.csv:[74143,74947,75651,76483,77199,77779,78763,79527,79899,81119,81903,82263,83531,84435,85911,86727,87091,88351,89171,89483,90895,91763,92071,92699,93507,94391,94751,95431,96371,97307,97615,98251,99291,99779]
resources/preprocessed/Interpolated/2020-07-02_15.13.22_Belly.csv:[23131,23411,23751,24011,24359,25403,25767,27195,29111,31123,33167,35295,36515,37455,37723,38775,39567,40219,41851,42239,42827,43555,44355,44991,45439,46255,46991,47439,47983,48955,49807,50099,50767,51759,52663,53091,53623,54815,55795,56359,56911,58303,59171,59431,59859,60171,60807,61991,63039,63915,64239,64603,65339,65635,66063]
resources/preprocessed/Interpolated/2020-07-02_15.13.22_RightArm.csv:[23267,23843,24187,24719,25395,26487,27199,28231,29055,29755,30151,31127,32195,33151,34307,35107,36575,37391,37651,38823,39571,39867,40139,40535,41159,41843,42267,42603,43591,44403,44935,45595,46295,47067,47491,48191,48635,48971,49895,50147,50927,51219,51787,52643,53091,53799,54751,55939,56355,57263,58207,59331,59919,60731,61251,62011,62611,63011,63475,63855,64187,64655,65347,65619,66023]
resources/preprocessed/Interpolated/Lukas_liegestuetzen1_13_10_2020_Chest.csv:[38135,39650,41355,43100,44750,46545,48175,50020,50985,51775,53660,54895,55635,57445,59215,60510,61205,62990,64670,66610,68550,68815,70620,72235,73960,75715,75985,77420,79195,79445,81080,82120,82515,82780,83040,83650]
resources/preprocessed/Interpolated/Jan_liegestuetzen1_13_10_2020_Chest.csv:[84915,85650,86730,88225,91940,94895,95795,99770,102845,103745,104800,107515,109040,111415,112805,115365,116295,119350,120575,120885,121665,123345,124520,126490,127280,128655,130920,132155,133270,134645,138480,139700,142215,143855,146015,147575,149885,151420,151800,153900,155180,155690,157815,159870,162220,163915,164185,164590,166165,167460,167925,169615,170720,171525,173065,174420,175160,175445,176900,178135,179420,179970,181410,182855,183805]
resources/preprocessed/Interpolated/2020-07-02_14.20.28_RightArm.csv:[62007,62455,62935,63795,64951,65995,66575,66951,68091,69223,69939,70343,71031,71483,72119,72847,73411,74019,74603,75043,75751,76479,77139,77911,79395,79943,80239,80923,81887,82679,83451,83719]
resources/preprocessed/Interpolated/2020-07-02_14.20.28_Belly.csv:[62343,63003,63755,64927,65959,67119,68275,69391,70487,71631,72883,74003,75207,76451,77939,79331,80895,82631]
resources/preprocessed/Interpolated/2020-07-02_14.14.32_RightArm.csv:[32063,32435,33087,33991,35063,36403,37651,38923,40171,41535,42103,42955,44243,44923,45751,46279,47015,47623,48443,49003,49795,50439,51215,51831,52623,53239,54015,54727,55499,57051,58083,58731,59479,59735,60543,61255,61647,62075,62619,63691,64035,64955]
resources/preprocessed/Interpolated/2020-07-02_15.13.22_LeftArm.csv:[23127,23499,24063,24351,25199,25511,27103,28131,28587,29191,30267,31223,32279,32955,33227,34139,34691,35343,36295,36599,37367,37831,38835,39615,40259,41063,41887,42179,42599,42883,43591,44423,44971,45587,46283,47067,47495,48191,48539,48847,49871,50127,50723,51731,52715,53111,53799,54735,55819,56427,57047,57655,57963,58251,59279,60083,60639,61763,62127,62551,63203,64107,64739,65683]
resources/preprocessed/Interpolated/2020-07-02_14.14.32_Belly.csv:[32131,32563,33227,33987,35127,36399,37663,38947,40227,41519,42835,44307,45671,47047,48431,49751,51187,52623,54027,55447,57015,58675,60567,62567,63403,64975]
resources/preprocessed/Interpolated/2020-07-02_14.59.59_RightArm.csv:[74003,74459,74899,75527,76507,77243,77603,78827,79667,79951,80223,81127,82015,82303,82603,83507,84387,84675,84955,85915,86763,87123,88411,89195,89535,90895,92011,93519,94431,94767,95471,96311,97303,98035,98315,99119,99835]
resources/preprocessed/Interpolated/Jan_liegestuetzen3_13_10_2020_Chest.csv:[34010,34500,34850,35170,36230,37690,39170,40595,41885,43515,44770,46205,47685,49260,49915,51045,51770,52685,53735,54800,55895,56560,56990]
resources/preprocessed/Interpolated/2020-07-02_14.20.28_LeftArm.csv:[61995,62431,62751,63731,64903,65715,65967,66535,66851,67347,67691,68079,68659,69203,69923,70319,71079,71459,72263,72647,73403,73831,74627,74923,75267,75727,76443,77115,77883,78599,79383,80079,80507,80875,81555,81999,82711,83739,83999]
resources/preprocessed/Interpolated/2020-07-02_13.00.09_Belly.csv:[27131,27799,29415,31439,32903,35267,36723,37179,38191,38851,40631,41023,43015,44771,45475,47279,49471,50003,51859,52663,55019,55355,56083,57487,58351,59147,59767,60179,60563,61523,62383]
resources/preprocessed/Interpolated/2020-07-02_14.14.32_LeftArm.csv:[32059,32511,33139,33959,35071,36367,37603,38155,38947,39603,40231,40791,41559,42927,44295,44907,45631,46255,46991,47595,48383,48967,49731,50395,51235,51815,52567,53211,53931,54687,55415,56191,57087,57859,58735,59315,59695,60087,60507,61667,62535,64119,64907]
resources/preprocessed/Interpolated/2020-07-02_11.17.39_Belly.csv:[58795,60063,60731,62327,64171,65759,67435,69115,70879,72283,72683,74587,76219,77651,78059,79807,81871,83715,85631,87135,87755,88871,89687,90039,91583,91863,93899,94283,95331,96163,96751,98851,99479,101631,101903,102803,103915,104879,105839,106215,106995,107703]
resources/preprocessed/Interpolated/Andre_liegestuetzen3_13_10_2020_Chest.csv:[30998,32333,33898,35568,37213,38728,40373,42013,43683,45373,47203,48968,51198,53263,55598,56713,57923,59263,59558,60708,61668,62108,63368,64708,64983,65393]
resources/preprocessed/Interpolated/2020-07-02_11.17.39_Chest.csv:[58515,58963,59731,60007,60763,62351,64135,65711,67467,69131,70867,72719,74499,76279,78095,80043,81859,83331,83603,83903,85707,87191,87763,88475,88871,89903,91675,92139,94307,95327,95727,96131,96415,96811,97887,98851,99163,99479,101619,102275,104035,104843,105735,106419,107059,107767]
resources/preprocessed/Interpolated/Jan_liegestuetzen1_13_10_2020_Belly.csv:[84945,85650,86780,88330,91985,95810,97120,98840,99860,100750,103855,104840,106290,107590,108610,108870,111425,112335,112610,115425,116485,116735,119505,120350,120630,121700,122135,123375,124325,124755,127310,128425,128690,131045,132215,134890,136055,138580,139750,142330,143635,145420,146020,147050,147340,149825,151070,151325,151645,153455,153980,155030,155545,157330,157910,158710,159205,159520,159860,161575,162320,163820,164165,164420,166215,167340,167855,169635,170795,171160,172915,173165,174140,174670,175030,175415,176780,178345,179265,179610,179945,181235,182805,183530]
resources/preprocessed/Interpolated/2020-07-02_11.17.39_LeftArm.csv:[58303,58711,59499,59951,60891,61695,62343,64099,65059,65375,65763,66719,67043,67491,68431,68711,69083,69667,70119,70819,71911,72219,72839,73715,73995,74331,75523,76243,76863,77303,77755,78059,78347,79119,80203,80999,81291,81695,82067,82903,83359,83811,84379,84815,85583,87259,87603,88799,89899,91747,92075,93075,94295,95443,96179,96631,97767,98207,99023,99367,100563,100879,101647,101907,102283,103923,104751,105703,106047,106387,106735,107007,107407,107747]
resources/preprocessed/Interpolated/2020-07-02_14.59.59_Belly.csv:[73999,74919,75695,76311,77239,77807,78803,79547,79823,81119,81867,82219,82531,83539,84315,85903,86683,86991,88291,89127,89455,89707,90047,90835,91687,92075,92639,93531,94339,94963,95267,96315,97415,98191,99143,99547,99815]
resources/preprocessed/Interpolated/Andre_Squats_13_10_2020_LeftArm.csv:[61151,61451,61961,63051,64241,66446,68136,68671,69086,69786,70066,70576,71651,72111,74066,76941,79251,80626,81071,82101,84311,85571,86991,88916,89416,90206,92141,94016,95516,95966,96921,97401,99146,99566,99826,100691,100991,102231,104366,107151,109021,111136,112211,114456,116861,118681,119196,121481,123306,123806,124851,125106,126161,127126,127506,128541,129496,129926,130831,131916,133286,134281,135581,136676,137931,139076,139531,140441,141601,142986,144051,144421,145386,146401,146831,147756,148726,149146,149996,150741,151156,152391,153621,154921,156016,156471,157356,158481]
resources/preprocessed/Interpolated/2020-07-02_14.07.33_Chest.csv:[7005,7437,7709,8009,8961,10209,11501,12749,14169,15413,16669,18029,19253,20593,22009,23445,24733,26045,27481,28893,30369,31741,33181,34653,36069,37609,39121,39773,40757,41417,42457,43385]
resources/preprocessed/Interpolated/2020-07-02_11.17.39_RightArm.csv:[58819,59075,59419,59995,60355,60815,61695,62363,63719,63999,64287,65047,65667,66723,67359,68015,68403,69019,70111,71011,72319,72675,73675,74479,76019,77327,77663,78091,79127,79987,80999,81759,82911,83263,83643,83903,84823,85707,86747,87215,87859,88799,89143,89523,89971,90715,91159,91871,93303,93959,94515,95323,96343,96799,97795,98211,98859,99163,99483,100911,101627,102751,104011,104415,104775,105467,105767,106019,106771,107091,107739]
resources/preprocessed/Interpolated/Andre_liegestuetzen3_13_10_2020_RightArm.csv:[30998,31498,32343,33863,35593,37203,38743,40358,41993,43698,45393,47068,48998,50098,51183,52488,53268,55643,56403,56823,57143,57953,58643,59133,59493,60713,61468,62053,62403,62918,63468,64163,64493,64973]
resources/preprocessed/Interpolated/2020-07-02_12.50.00_LeftArm.csv:[16159,16527,16911,17975,18715,19115,19567,19927,20391,20971,21911,22283,23299,24147,24491,25323,25671,26131,26555,27067,27511,28195,28523,29127,29571,30479,31559,32367,32639,33387,34067,34459,34775,35179,35607,36639,37439,37879,38435,38839,39607,40031,40807,41147,41399,41955,42371,43271,43523,44311,45211,45591,46307,46655,46951,47815,49227,50207,50483,51563,52023,52731,53563,54203,54467,54799,55591,55959,56787,57231,57635,58051,58471,58899,59447,59843,60631,60951,61347,61779,62351,62759]
resources/preprocessed/Interpolated/2020-07-02_14.20.28_Chest.csv:[62015,62347,62971,63763,64931,66051,67183,68279,69399,70531,71667,72891,74043,75259,76507,77939,79391,80931,82699,83427]
resources/preprocessed/Interpolated/2020-07-02_14.07.33_RightArm.csv:[7017,7465,9001,10061,11509,12761,14137,15425,16757,17645,17961,18265,19185,20605,21969,23401,24717,25317,26077,26645,27101,27373,28089,28837,29545,30353,30973,31417,31769,32397,32841,33161,33457,33825,34277,34681,35321,35761,36101,36821,37609,38301,39113,39789,40733,41521,42425,42985,43549]
resources/preprocessed/Interpolated/Lukas_liegestuetzen1_13_10_2020_RightArm.csv:[38140,39635,41250,43200,44760,46445,48160,49235,50020,51000,51770,53770,54875,55640,57455,59215,60520,61245,62910,64105,64660,66660,68535,68810,69760,70620,72370,74010,75715,75985,77580,79190,79455,81100,82095,82485,83055,83600,83850]
resources/preprocessed/Interpolated/2020-07-02_14.07.33_Belly.csv:[7005,7693,8977,10229,11529,12733,14109,15385,16689,17965,19273,20589,21925,23381,24693,26041,27417,28869,30329,31701,33133,34577,36089,37569,39105,39697,40725,41373,42417,43357,44117]
resources/preprocessed/Interpolated/Andre_liegestuetzen1_13_10_2020_RightArm.csv:[17051,18316,20121,22021,23556,25086,26781,28566,30041,31766,33276,34876,36536,38221,39726,40661,41401,43031,44676,46381,48286,49901,50906,51651,53586,55591,56616,57811,58806,60061,61091,61821,62076,63086,64121,64446,64841,65721,66771]
resources/preprocessed/Interpolated/2020-07-02_12.50.00_RightArm.csv:[16007,16419,17511,17831,18107,18419,18695,19859,20559,21419,21807,22359,22891,23307,24011,24599,25191,25455,26127,26399,27507,28271,28655,29575,30523,31587,32383,33327,33583,34183,34559,35623,36699,37527,37951,38543,38899,39667,40043,40295,41151,41571,41971,42379,42975,43343,44099,44515,45519,46707,47531,47855,48115,49267,49659,49959,50315,50579,51463,51767,52467,52803,53503,54211,54659,54931,55579,56043,56387,56831,57267,57883,58547,58879,60327,60639,61307,61791,62119,62403,62827]
resources/preprocessed/Interpolated/Andre_Squats2_13_10_2020_Belly.csv:[47555,49320,50375,51575,52710,53790,54900,56185,57205,58460,59550,60885,61955,63260,64290,65555,66235,66980,69060,70895,71765,72055,72945,73955,74245,76375,77310,78095,79900,82740,83315,84735,86850,89405,90790,91770,94025,96515,96990,97285,98780,99600,99980,101095,103700,104120,104390,105475,105750,106720,107230,107605,108490,110720,112890,113680,114165,114635,115235,115670,118215,119840,120145,120615,120920,123305,123780,124740,125510,126320,128190,128600,129675,130115,132215,133105,134950,136790,139435,141345,141635,143205,144160,146450,148995,149285,150455,150840,151405,151795,152565,153680,155545,157300,158440,160045,160780,161375,161785,162285,162930,163250,163620,164670,165120,165605,166980,167270,168190,168590,169505,169945,170365,170875,172280,173350,173720,175330,175605,177020,178250,180335,180595,182210,183030,185125,185430,186965,187290,188080,188365,190160,190510,191980,193070,194970,195330,197055,198010,200100,201400,201735,202690,204505,204765,206135,207400,209600,210805,211180,212100,213265,213815]
resources/preprocessed/Interpolated/2020-07-02_12.50.00_Chest.csv:[16335,16699,16971,17887,18695,19915,20527,22299,23307,24547,25291,25543,26339,27571,28191,28587,29619,30455,31651,32423,33251,33611,34495,35683,36691,37939,38887,40059,41215,42031,42431,43275,44551,45519,46347,46731,47879,48903,49283,50339,51423,51803,52699,53587,54275,54695,55515,55995,57611,58035,58455,60631,61291,62043,62859]
resources/preprocessed/Interpolated/2020-07-02_13.00.09_Chest.csv:[27123,27779,29431,31379,32987,34883,37147,38175,38887,40655,41319,42995,44751,45603,47267,47791,49459,50039,50947,51375,51947,52595,54951,55319,56055,57527,58127,58719,59127,59787,60239,61159,61587,62395]
resources/preprocessed/Interpolated/2020-07-02_13.00.09_RightArm.csv:[27007,27851,28411,28787,29599,30919,31587,32683,33563,33867,34619,34871,35199,36191,36583,37003,37803,38119,38803,39339,40175,40603,40955,41251,42259,42675,43031,44083,44731,45567,47263,47843,48967,49599,49883,50615,50919,51307,51963,52911,53959,54891,55387,55675,56107,56471,56867,57503,58459,59275,59839,60127,60431,60735,61263,61559,61867,62407]
resources/preprocessed/Interpolated/2020-07-02_15.13.22_Chest.csv:[23127,23443,24047,25631,27223,29039,31235,32199,33259,34279,35315,36575,37427,38167,38855,39591,40167,41099,41903,42347,43599,44335,44975,45599,46271,46959,47479,48187,48959,49895,50227,50907,51807,52591,53091,53859,54767,55903,56435,57247,58271,58715,59303,60131,60779,62119,63219,63483,63879,64139,64759,65611,65995]
resources/preprocessed/Interpolated/Andre_liegestuetzen1_13_10_2020_Belly.csv:[16996,18331,20061,21831,23466,25211,26806,28576,30146,31676,33291,34951,36566,38231,39731,41451,43021,44736,46441,48141,49901,51656,53571,55581,56361,57726,58496,60036,61086,63076,64026,64526,65766,66651,66996]
resources/preprocessed/Interpolated/2020-07-02_15.31.36_Belly.csv:[72271,73003,73355,73767,74163,74551,74963,75427,75811,76143,77035,77339,77731,78147,78571,79203,79591,79975,80295,80615,81859,82487,83211,83567,84751,85991,86911,87815,88731,89923,90987,92899,93171,94375,95331,97399,97683,98251,100115,100575,101267,102083,102387,103171,103851,104787,105451,106371,107399,108251,109083,109839,110343,110783,111823,112671,113559]
resources/preprocessed/Interpolated/Jan_liegestuetzen2_13_10_2020_LeftArm.csv:[17346,17616,18031,19381,20776,22116,23481,24156,24826,26136,27491,28826,30156,30796,31571,33061,34416,35981,37531,39246,40791,41516,42686,43336,44576,45436,45696,46866,48196,48661,49041,49496,49781,50051,50446,50961]
resources/preprocessed/Interpolated/2020-07-02_15.31.36_Chest.csv:[72271,72535,72983,73323,74175,74867,75971,76307,76623,77031,77599,77859,78275,78655,79515,79851,80535,81947,82567,83235,84459,84759,85063,85903,86247,86815,88811,89999,91067,92883,93159,94387,95123,95439,96663,97443,98939,100107,101327,102115,102503,103123,103847,104719,106403,107451,108303,109131,109859,110155,110995,111771,112947,113663]
resources/preprocessed/Interpolated/Andre_Squats_13_10_2020_RightArm.csv:[61136,61386,63081,64231,66346,66636,68631,68906,69796,70676,71631,72551,73796,74116,75621,76931,78986,79486,80446,81441,82151,83496,83956,84266,87061,88836,89381,91051,92051,93996,94736,95591,97321,98786,99761,100421,102216,103641,104421,107181,109041,109626,112111,113686,114446,116831,118526,119256,119516,120106,121521,123336,123851,124366,124886,126131,127176,128491,129516,129901,130786,132036,133331,134306,134696,135581,136721,137971,139096,139351,140426,141576,142941,144046,144416,145306,146421,146866,147741,148906,149966,151146,152476,153641,154931,155991,156461,157256,158476,158876]
resources/preprocessed/Interpolated/2020-07-02_14.14.32_Chest.csv:[32567,33183,34019,35143,36391,37687,38963,40251,41599,42967,44347,45683,47071,48475,49819,51219,52631,54067,55507,57159,58759,60559,61279,62631,63467,64995]
resources/preprocessed/Interpolated/2020-07-02_15.31.36_LeftArm.csv:[72271,72587,72895,73443,74227,74963,76127,76971,77543,78459,78747,79067,79795,80575,81355,81783,82175,82463,83179,83819,84139,84411,85103,85463,85883,86247,86839,87743,88783,89659,89987,90963,91271,92007,92323,92895,93183,94487,95155,95727,96683,97423,97731,98295,99015,99735,101307,102087,102495,103131,103815,104615,105111,105531,106367,107147,107447,108219,109179,109843,110883,111691,112899,113475,113975]
resources/preprocessed/Interpolated/2020-07-02_15.31.36_RightArm.csv:[72271,72559,72899,73279,73879,74443,75071,75535,76167,76927,77491,78251,78703,79351,79623,80227,80515,81843,82131,82443,82991,84219,84699,85099,85491,85899,86839,87751,88131,88787,90023,90975,91267,92063,92407,92863,94407,95107,95399,96343,97627,98367,98991,99663,100235,101335,102107,102543,103111,103535,103855,104535,105131,106387,107351,107643,108191,109167,110251,110979,111763,112895,113779]
resources/preprocessed/Interpolated/Andre_Squats2_13_10_2020_Chest.csv:[47550,49325,50370,51660,52730,53840,54895,56115,57200,58510,59560,60895,61940,63285,64300,65555,66190,69015,72085,72960,73755,74230,76480,77640,79895,82690,83350,84715,86905,89880,90725,91175,91570,93975,96515,96940,97465,98580,100020,101060,103825,105780,106735,107125,107485,108090,108555,110935,112785,114180,114605,115610,118160,119890,120580,123325,124625,125515,128175,128615,129680,130190,132210,133080,134905,136795,138575,139480,141370,144265,146445,148940,149350,150655,151410,152710,153645,155780,157350,158445,160250,160785,161395,161790,162290,163220,165135,165600,166965,167285,168185,169560,170040,170380,170895,172265,173335,173615,175590,177005,178395,180330,182200,183035,185165,185435,186940,188200,190525,191955,193135,195355,196760,197060,198025,200110,201660,202695,204510,204760,206160,207395,209560,210820,211185,212075,213820]
resources/preprocessed/Interpolated/2020-07-02_14.07.33_LeftArm.csv:[7049,7465,7897,8929,10197,11469,12657,13429,14161,15441,16665,17645,17913,18225,19317,20505,21909,23441,24661,26017,27365,28069,28921,29545,29973,30337,30965,31661,32385,33097,33797,34529,35289,35729,36005,36777,37553,38245,39085,39745,40241,40797,41333,41653,42485,43333,43761,44117]
resources/preprocessed/Interpolated/Andre_Squats2_13_10_2020_RightArm.csv:[47500,47755,48240,49255,50350,51655,52715,53785,54890,56125,57190,58510,59585,60030,60890,61960,62335,63170,64280,64730,65525,66855,67115,67655,68025,68725,69145,70400,70970,72100,72945,73740,74215,75080,76525,77640,79820,80125,81005,81260,82450,83430,84595,85385,85850,86935,88530,89295,89945,90725,91585,92115,92375,92660,94005,94740,96425,97540,98535,99360,99835,101075,102125,103440,104295,105425,105940,106405,106925,107180,108535,109265,110115,111545,112675,113945,114415,114675,115335,116790,117365,118180,119835,120670,122605,123480,124695,125615,126710,127245,127535,128195,129840,130290,132420,133120,134855,136665,136950,138285,139335,141370,141770,142715,143020,144200,146425,147410,149025,150325,151600,153710,155545,155855,157080,157430,158470,159805,160265,160740,161415,161795,162285,162980,164170,164660,165200,165625,165945,167020,167360,168210,169965,170370,170995,171375,172190,173315,174295,174805,175185,175520,175900,176775,177885,178170,180040,180825,181900,183010,185195,185480,185780,186980,188085,190665,193180,194390,194925,195330,195690,196770,197835,200525,201290,201695,202480,203210,204510,205260,205945,207380,208355,209615,210380,210835,211215,212055,213390,213870]
resources/preprocessed/Interpolated/Andre_liegestuetzen1_13_10_2020_LeftArm.csv:[17001,17366,18281,19996,21731,21991,23526,25126,26791,28576,30136,31681,33321,34806,36591,38201,39721,41426,43106,44711,46471,48176,49866,51611,53676,54546,55626,56676,57746,58576,60091,60761,61016,61571,63101,63881,64446,65686,66721]
resources/preprocessed/Interpolated/2020-07-02_13.00.09_LeftArm.csv:[27087,27763,28631,28959,29295,29639,30547,30871,31503,32059,32387,33123,33835,34255,35055,35771,36215,36683,37215,37683,38923,40151,40695,41031,41311,41823,42255,43031,43903,44183,44875,45531,46431,47523,47855,48983,49959,50939,51303,52059,52515,54015,54971,55231,56123,56431,56879,57559,58011,58283,58739,59139,60431,60855,61627,62235]
resources/preprocessed/Interpolated/Andre_liegestuetzen3_13_10_2020_LeftArm.csv:[30998,31553,32313,33888,35658,37153,38763,40363,42018,43673,45353,47158,48928,49833,50253,51273,52378,53363,55598,56443,56783,57188,57913,58468,58778,59153,59493,60753,61813,62118,63313,64333,64618,65013]
resources/preprocessed/Interpolated/Lukas_liegestuetzen1_13_10_2020_LeftArm.csv:[38015,38495,38985,39680,40820,41170,42775,44645,45890,46480,48190,49990,51725,53645,54750,55590,57380,57635,59180,59970,60500,61195,62240,62800,64685,66780,67820,68570,68830,70645,70925,72400,73960,75710,76020,77400,79185,81085,81800,82115,82795,83335,83605]
resources/preprocessed/Interpolated/Andre_Squats2_13_10_2020_LeftArm.csv:[47730,49340,50390,51630,52730,53895,54875,55245,56030,57205,58545,59570,60065,60940,61955,62370,63300,64290,64735,65600,66900,69190,71950,72910,73725,74150,75155,76495,78200,79820,80080,81095,82555,83385,84500,85045,86890,87355,88470,88740,89535,90725,91600,92795,93915,94710,96455,97590,98220,98550,98960,99210,99465,99730,100200,101105,103400,104135,104410,105425,105740,106210,106655,107030,107360,108500,109310,110165,110570,111350,112750,113505,114265,114535,115305,117395,118170,119670,120230,120620,121270,122595,122880,123455,123710,124615,125585,127305,127600,128105,129640,130310,132200,132775,134855,136615,136985,139425,141300,141760,144155,146430,146890,147395,148990,149310,150230,151635,152310,153655,155435,155820,157195,157555,158370,159835,160210,160765,161750,162265,163180,164165,164635,165050,165725,166985,167365,168215,169575,170020,170365,171030,171365,172390,173275,174295,174630,175370,175860,176275,176835,177970,180095,180775,182180,183135,185185,185800,186925,187985,188535,190165,190580,191060,191605,191920,193085,195615,197955,200135,200520,201395,201800,202780,203030,204535,204885,205410,205860,206220,207420,208325,209840,210830,211205,212105,213995]
resources/preprocessed/Interpolated/Andre_Squats_13_10_2020_Belly.csv:[61151,63061,64236,66436,68291,68896,69961,70391,70911,71581,72221,72546,73036,74036,76111,76971,78966,80581,81091,82051,82541,84156,85521,86071,87011,87501,89216,90971,91411,92141,94086,95871,96356,97301,97741,99286,100596,100866,101306,102271,102641,104306,106241,107101,109276,110756,111046,112041,112471,114116,115771,116841,118766,119106,120486,121631,123326,123786,125181,126111,127146,127536,128481,129486,130876,131931,132321,133266,134276,134686,135616,136691,137036,138066,139091,140496,141601,142001,143016,144046,145391,146406,147781,148691,149076,149951,151131,152361,153566,155001,155986,157401,158476,158871]
resources/preprocessed/Interpolated/Andre_liegestuetzen2_13_10_2020_Chest.csv:[40201,41111,42866,44486,46001,47791,49401,51136,52756,54556,56281,58076,59951,61731,63726,65651,67791,70066,72591,73961,75396,76396,76981,77391,78161,78841,79706,79986]
resources/preprocessed/Interpolated/Andre_liegestuetzen2_13_10_2020_LeftArm.csv:[40171,41091,42076,42791,44316,46001,47841,49391,51116,52746,54536,56191,58211,59951,61791,62976,63706,65626,65941,67766,68981,69271,70206,71126,71421,71846,72761,73616,74411,75486,76026,76386,77371,77916,78836,79641,79921]
resources/preprocessed/Interpolated/Lukas_liegestuetzen3_13_10_2020_LeftArm.csv:[11126,12306,13336,13766,14086,15746,16806,17376,17971,19421,20146,20661,20966,22291,23776,24531,25371,25936,26311,27051,27676,28191,28691]
resources/preprocessed/Interpolated/Andre_liegestuetzen1_13_10_2020_Chest.csv:[16996,18291,20156,21866,23521,25271,26866,28571,30226,31761,33371,34971,36621,38196,39866,41446,43076,44736,46536,48161,49891,51636,53611,55576,57661,60036,61096,61546,62186,63091,64121,64521,65716,66746]
resources/preprocessed/Interpolated/Andre_liegestuetzen2_13_10_2020_RightArm.csv:[40136,41301,42901,44376,45971,47801,48606,49461,51006,51976,52811,54451,54736,56346,58231,59836,61711,63856,65731,67846,68896,70081,71031,71361,72616,73396,73921,75341,76421,76761,77156,78181,78546,78811,79746,79996]
resources/preprocessed/Interpolated/2020-07-02_12.50.00_Belly.csv:[16363,17899,18691,19931,20527,22375,23363,24503,25535,26479,28187,28571,29663,30491,32383,33635,34519,35699,36431,36799,37959,38903,40047,41259,42895,43331,45559,46519,47519,47879,48891,49307,50547,51415,51823,52727,53503,54283,54707,55427,55887,57695,58027,58667,59099,60307,60559,60919,61291,61835,62995]
resources/preprocessed/Interpolated/Andre_liegestuetzen3_13_10_2020_Belly.csv:[30998,31483,32368,33928,35548,37143,38723,40378,41958,43688,45343,47103,48918,49743,51193,53288,55518,56378,57903,58603,59273,59683,60698,61763,62148,63498,64243,64918,65408]
resources/preprocessed/Interpolated/Andre_Squats_13_10_2020_Chest.csv:[61131,63116,64246,66641,68531,68866,69951,70381,70931,71581,72131,73096,74036,76966,79171,80606,82106,84271,85616,86966,89221,90926,92176,94041,95921,96316,97386,99281,100611,102356,104361,106416,107236,109291,111146,112126,114221,115776,116836,118771,119061,120526,121556,123401,125141,126146,127151,128476,129551,130856,131986,132416,133291,134296,135601,136706,138056,139106,140446,141596,143006,144031,144456,145326,146406,147756,148871,150126,151131,152511,153626,154961,155986,157371,158486,158866]
resources/preprocessed/Interpolated/Jan_liegestuetzen1_13_10_2020_LeftArm.csv:[84925,85190,85640,86625,87620,88160,89350,90225,90560,91065,92000,95780,96605,97680,98800,99755,101640,102815,103640,106220,106470,107680,109685,110375,111435,114045,115275,116340,117400,117870,118685,119380,120515,120960,121695,122165,122655,123375,124185,124550,125230,125605,126445,127250,128660,129595,130865,131840,133195,134690,136030,136765,138350,139355,139730,140095,140485,142260,143870,144475,145200,146055,147575,148095,148510,149610,151360,153960,154655,155220,155615,157785,158955,159470,159765,160530,162030,163565,163915,164335,164590,166165,167440,169625,170715,171535,173005,174125,174640,175180,176940,177925,179440,179875,181375,182790,183345,183765]
