resources/preprocessed/Interpolated/Lukas_liegestuetzen3_13_10_2020_RightArm.csv:[10996,13896,14681,15496,16761,17986,19281,20711,22141,23526,25116,26816,28306]
resources/preprocessed/Interpolated/Lukas_liegestuetzen3_13_10_2020_Chest.csv:[11011,13916,15491,16776,17986,19276,20701,22136,23536,25091,26816,28271]
resources/preprocessed/Interpolated/Lukas_liegestuetzen3_13_10_2020_Belly.csv:[11561,12861,13936,14691,15486,16781,17996,19291,20691,22141,23526,25096,26796,28241]
resources/preprocessed/Interpolated/Lukas_liegestuetzen2_13_10_2020_RightArm.csv:[36335,37560,38380,39200,39975,41510,43050,44710,45550,46480,47260,48235,49000,49910,50685,51610,53260,54830,56405,58040,59735,61630,63125,65720,68840,71675,72905]
resources/preprocessed/Interpolated/Lukas_liegestuetzen2_13_10_2020_LeftArm.csv:[36180,38350,39195,39955,41470,42265,43025,44790,45550,46475,47235,48230,49000,49895,50670,51595,53275,54845,56395,58060,59780,61640,63095,65720,67975,68755,71600,72995]
resources/preprocessed/Interpolated/Lukas_liegestuetzen2_13_10_2020_Chest.csv:[36330,37590,38380,39195,39990,41520,43065,44805,45565,46500,48255,49905,50675,51600,53270,54865,56405,58050,59765,61630,63095,65695,67980,68845,70930,71685,73025]
resources/preprocessed/Interpolated/Lukas_liegestuetzen2_13_10_2020_Belly.csv:[36400,37610,38375,39180,39985,41510,42270,43065,44800,45560,46490,48280,49920,51605,53270,54860,56390,58040,59765,61620,63075,65680,67965,68810,71620,72935]
resources/preprocessed/Interpolated/Lukas_liegestuetzen1_13_10_2020_Chest.csv:[38445,40110,41765,42580,43580,44410,45255,46150,47005,47890,48715,49670,50485,51440,52305,53310,54195,55210,56100,57110,57910,58895,59735,60845,61655,62680,63465,64465,65250,66420,67190,68245,69100,70120,71015,72040,72810,73790,74545,75550,77265,79010,79765,80900,83055]
resources/preprocessed/Interpolated/Lukas_liegestuetzen1_13_10_2020_Belly.csv:[38430,40095,41760,42620,43595,44420,45270,46175,46990,47895,48730,49670,50480,51440,52315,53315,54225,55245,56095,57100,57905,58910,59735,60875,61640,62720,64480,65240,66420,67175,68255,69085,70140,71005,72050,72805,73820,75570,77270,79030,80910,83090]
resources/preprocessed/Interpolated/Jan_liegestuetzen3_13_10_2020_RightArm.csv:[34285,36725,37480,38950,40405,41815,43265,44700,46045,47485,49035,50725,52580,54560,55920]
resources/preprocessed/Interpolated/Jan_liegestuetzen3_13_10_2020_LeftArm.csv:[34000,36655,37495,38990,40425,41815,43295,44695,46080,47515,49075,50840,52580,54585,55970]
resources/preprocessed/Interpolated/Jan_liegestuetzen3_13_10_2020_Belly.csv:[34495,36745,37525,38965,40430,41815,43275,44710,46070,47505,49080,50810,52600,54550,55935]
resources/preprocessed/Interpolated/Jan_liegestuetzen2_13_10_2020_RightArm.csv:[17126,20566,21941,23211,24626,25941,27266,28696,30046,31466,32871,34301,35801,37371,39021,40616,42501,44381,46691,48106]
resources/preprocessed/Interpolated/Jan_liegestuetzen2_13_10_2020_Chest.csv:[17416,19821,21211,22571,23941,25246,26586,27936,28706,30091,31476,32891,34306,35816,37371,39041,40681,42511,44416,46696,48126]
resources/preprocessed/Interpolated/Jan_liegestuetzen2_13_10_2020_Belly.csv:[17266,19806,20566,21936,23296,24626,25946,27286,28696,30091,31466,32876,34291,35801,37366,39016,40676,42476,44376,46656,48096]
resources/preprocessed/Interpolated/Andre_liegestuetzen3_13_10_2020_RightArm.csv:[31003,32783,33608,34433,35208,36043,36853,37683,38483,39268,40078,40888,41718,42488,43408,44188,45103,45878,46813,47628,48563,49463,50683,51678,52783,53763,55103,55988,57653,59293,61213]
resources/preprocessed/Interpolated/2020-07-02_14.20.28_RightArm.csv:[61995,64307,65423,66487,67503,68179,69295,70271,71531,72751,73883,75059,76379,77783,78391,79259,80719,81359,82539,83963]
resources/preprocessed/Interpolated/2020-07-02_14.20.28_Belly.csv:[61995,63691,64303,65431,66535,67687,68783,69891,71007,72175,73363,74551,75727,76383,76995,77759,78411,79235,79843,80703,81379,82519,83131,84007]
resources/preprocessed/Interpolated/2020-07-02_14.14.32_RightArm.csv:[32003,35051,36271,36887,37551,38175,38831,39435,40067,40691,41419,42031,42787,43391,44131,44791,45563,46195,46935,47567,48303,48919,49671,50303,51091,52503,53911,55367,55971,56919,57535,58275,59227,60427,61051,62455,63075]
resources/preprocessed/Interpolated/2020-07-02_15.13.22_LeftArm.csv:[23099,26003,26779,27647,28699,29643,30623,31635,32835,33627,34995,35879,36739,37983,39455,41731,42707,44283,45343,46951,47935,50567,51603,53431,54707,60499,61667,63587]
resources/preprocessed/Interpolated/2020-07-02_14.14.32_Belly.csv:[32031,35051,36271,36911,37539,38207,38811,39475,40087,40771,41431,42079,42747,43431,44143,44823,45551,46219,46911,47579,48267,48923,49631,50287,51055,51703,52479,53103,53883,54551,55339,55987,56859,57575,58539,59207,60379,61027,62367,63063,64807]
resources/preprocessed/Interpolated/2020-07-02_14.59.59_RightArm.csv:[73999,75943,77171,78091,79371,80331,81887,82687,84295,85051,86587,87451,89135,89939,91619,92495,93499,95119,96311,97967,99123]
resources/preprocessed/Interpolated/2020-07-02_14.20.28_Chest.csv:[61995,64323,65447,66547,67715,68783,69903,71023,72179,72783,73963,74571,75739,76395,77019,77779,78427,79251,79859,80727,81419,82535,83163,84007]
resources/preprocessed/Interpolated/2020-07-02_14.07.33_RightArm.csv:[7493,10685,11337,12017,12649,13301,13977,14649,15265,15909,16565,17225,17857,18609,19729,20409,21049,21809,22457,23253,23925,24601,25213,25945,26577,27301,27937,28741,29397,30221,30853,31629,32253,33069,33673,35973,36585,37481,38965,39621,40645,42333,42937,43649]
resources/preprocessed/Interpolated/Lukas_liegestuetzen1_13_10_2020_RightArm.csv:[38505,40105,41760,43560,44360,45240,46115,46985,47875,48715,49565,50475,51425,52310,53210,54205,55170,56110,57125,57920,58875,59750,60815,61665,62675,63470,64420,65270,66430,67220,68235,69120,70060,71030,72045,72820,73780,74560,75525,76315,77245,78980,79780,80895,81660,82620]
resources/preprocessed/Interpolated/2020-07-02_14.07.33_Belly.csv:[7005,8853,9465,10097,11345,12029,12637,13325,13973,14649,15281,15945,16577,17845,18525,19165,19805,20449,21109,21821,22449,23237,23921,24585,25261,25941,26581,27297,27953,28713,29401,30193,30849,31597,32245,33025,33689,34445,35101,35937,36601,37421,38037,38929,39585,40605,41225,42309,42937,44117]
resources/preprocessed/Interpolated/2020-07-02_13.00.09_RightArm.csv:[26999,28883,30035,30771,31903,32547,33203,35655,36535,37411,38363,39251,40431,42443,43483,48927,49943]
resources/preprocessed/Interpolated/Jan_liegestuetzen3_13_10_2020_Chest.csv:[34040,37520,38975,40430,41820,43290,44710,46075,47510,49085,50830,52595,54575,55950]
resources/preprocessed/Interpolated/2020-07-02_14.20.28_LeftArm.csv:[61995,64307,65407,66503,68651,69271,70383,71495,72659,73835,74915,75583,76331,76939,77699,78347,79187,79799,80667,81331,82063,83095,83891]
resources/preprocessed/Interpolated-Revised/Jan_liegestuetzen1_13_10_2020_edited_Belly.csv:[72001,74318,75564,76881,78172,79488,80759,82046,83372,84728,86015,87281,88507,89768,91015,92271,93532,94869,96205,97601,99123,100769,102586,104518,106765,108067]
resources/preprocessed/Interpolated/2020-07-02_12.50.00_LeftArm.csv:[16003,22783,23399,24963,25611,26935,27643,29027,29819,30919,31823,32875,33599,34971,35675,38223,40087,42679,43783,44559,45983,46759]
resources/preprocessed/Interpolated/2020-07-02_13.00.09_Chest.csv:[26999,28927,29887,30799,31759,32655,33463,34547,35455,36439,37467,38523,39451,40395,41575,42471,43447,44539,45299,46999,47979,49151,49999,51523,53003,54335,55335,57227,57995]
resources/preprocessed/Interpolated/2020-07-02_12.50.00_Chest.csv:[16391,18995,19787,20867,21631,22727,23443,24923,25803,26883,27759,28967,29823,30907,31863,32831,33867,34939,35763,37195,38167,39343,40143,41691,42687,43747,44783,45939,46831,48351,49355,50855,51967,53147,54987,56011,57499,58331,60115,61003]
resources/preprocessed/Interpolated-Revised/Jan_liegestuetzen1_13_10_2020_edited_LeftArm.csv:[72997,74308,75574,76851,78137,79473,80734,82041,83367,84718,86005,87276,88537,89773,91020,92246,93527,94894,96200,97631,99118,100779,102601,104553,106780,108102]
resources/preprocessed/Interpolated-Revised/Jan_liegestuetzen1_13_10_2020_edited_RightArm.csv:[72001,74323,75559,76861,78182,79468,80744,82046,83357,84723,86000,87271,88512,89763,91020,92266,93522,94859,96185,97606,99108,100759,102151,103137,105064,106760,107972]
resources/preprocessed/Interpolated/Andre_Squats2_13_10_2020_Belly.csv:[47500,49725,52020,54275,56555,58940,61315,63675,65960,67960,69505,70705,73365,74180,76820,78830,80325,82260,83735,87310,88965,92215,93470,94435,96080,96970,101525,103215,104120,106105,110020,111340,113300,117130,118575,120265,122790,124305,125985,127535,130675,132035,135400,136455,137275,139870,141070,141880,142755,144720,145825,146885,149670,151445,154130,155425,156910,158205,160000,160935,163605,164955,166110,168670,169810,173870,175090,175945,178645,179930,180780,183470,184905,188700,189915,190750,193520,194800,198365,199800,203120,204380,205840,207055,209215,210090,211350,212610,213995]
resources/preprocessed/Interpolated/2020-07-02_13.00.09_Belly.csv:[26999,28907,29859,30787,31771,32659,33391,34547,35583,36447,37515,38555,39427,40407,41411,42451,43443,44519,45319,46999,47911,49135,49991,51599,52355,54163,55427,57215,57971]
resources/preprocessed/Interpolated/2020-07-02_14.14.32_LeftArm.csv:[32003,35027,36243,36867,37531,38143,38787,39415,40067,40699,41423,42043,42747,43367,44131,44791,45531,46183,46875,47503,48263,48899,49603,50271,51051,51671,52467,53075,53847,55291,55907,56863,57639,58631,59975,60995,62467,64491]
resources/preprocessed/Interpolated-Revised/Jan_liegestuetzen1_13_10_2020_edited_Chest.csv:[72526,73672,74934,76220,77506,78818,80099,81375,82691,84003,85349,86620,87887,89138,90389,91615,92852,94128,94889,96205,97626,99133,100789,102601,104558,106780,108057]
resources/preprocessed/Interpolated/2020-07-02_11.17.39_Belly.csv:[58359,59211,60023,61183,61923,62779,63575,64555,65307,66195,66947,67899,68647,69539,70339,71299,72119,73167,73871,74907,75735,76619,77491,78491,79331,80311,81215,82239,83119,84111,85071,85991,86923,88087,88911,90419,91427,92275,93643,94679,96067,97163,98567,99459,101195,102391]
resources/preprocessed/Interpolated/Andre_liegestuetzen3_13_10_2020_Chest.csv:[31068,32793,33623,34433,35223,36043,36878,37678,38488,39263,40093,40878,41718,42473,43403,44178,45088,45858,46818,47623,48563,49438,50678,51678,52793,53758,55043,55978,57478,58348,60233,61223,62908,63933,64838]
resources/preprocessed/Interpolated/2020-07-02_11.17.39_Chest.csv:[58387,59311,60119,61191,61931,62799,63599,64539,65299,66195,66951,67899,68667,69583,70351,71363,72147,73175,73907,74891,75763,76671,77515,78503,79335,80375,81219,82275,83127,84123,85087,86043,86899,87971,89563,90431,91447,92387,93619,94671,96095,97223,98539,99487,101151,102639,103875,104579,108139]
resources/preprocessed/Interpolated/2020-07-02_11.17.39_LeftArm.csv:[58227,59907,60523,61931,62771,63571,64507,65275,66255,66903,67963,68687,69655,70375,71375,72143,73163,73791,74811,75779,76603,77431,80527,81399,82267,83155,84131,85119,86023,86811,87723,88855,90491,91447,92507,93615,94731,95987,100795,102075,103831,104563]
resources/preprocessed/Interpolated/2020-07-02_14.59.59_Belly.csv:[73999,76023,76995,77795,79403,80263,81779,82671,84235,85023,86575,87403,88419,89883,91503,92415,94223,95015,96735,97935,99131]
resources/preprocessed/Interpolated/Andre_Squats_13_10_2020_LeftArm.csv:[60996,63491,67041,68876,72111,73386,74456,75591,77421,78726,79481,80361,82501,83801,84781,87546,88786,92546,93741,95366,97766,98981,102691,103936,104861,107656,108741,109516,110601,112601,113701,114826,117291,118406,121916,123141,126521,127281,128906,129661,131221,132046,132951,134406,136016,136781,138406,140871,143371,145741,148161,150446,151206,152881,154126,155366,157756,158536]
resources/preprocessed/Interpolated/2020-07-02_14.07.33_Chest.csv:[7005,8869,9473,10101,10717,11349,12025,12645,13337,13989,14669,15289,15945,16589,17845,18553,19161,19797,20465,21117,21837,22489,23265,23949,24609,25285,25961,26613,27321,27993,28741,29413,30213,30885,31625,32285,33061,33717,34493,35149,35973,36629,37469,38085,38969,39621,40653,41289,42349,42969,44117]
resources/preprocessed/Interpolated/2020-07-02_11.17.39_RightArm.csv:[58339,59955,61191,61963,62851,63583,64587,65283,66199,66939,67879,68715,69555,70339,71383,72143,73155,73827,74919,75779,76631,77615,78511,79511,80415,81255,82267,83111,84123,85099,86187,86887,88119,88795,90379,91491,92387,93679,94691,95963,97227,98611,99695,100791,102015,103875,104647]
resources/preprocessed/Interpolated/2020-07-02_14.59.59_Chest.csv:[73999,75971,76963,77795,79415,80323,81779,82683,84271,85039,86591,87471,89059,89907,91531,92455,94251,95139,96735,97955,99199,99847]
resources/preprocessed/Interpolated/2020-07-02_14.59.59_LeftArm.csv:[73999,75771,76587,78151,79491,80263,81179,82687,84263,85051,85999,87431,89079,89903,91575,92443,93491,95095,96203,97179,97959,99023]
resources/preprocessed/Interpolated/2020-07-02_12.50.00_RightArm.csv:[16043,21651,22783,23443,24959,25615,26935,27759,28999,29791,30919,31955,32875,33847,34975,35731,37175,38187,39379,40119,42763,43763,44935,45971,46787]
resources/preprocessed/Interpolated/Andre_liegestuetzen1_13_10_2020_RightArm.csv:[17166,18796,19611,20551,21401,22326,23141,23981,24821,25681,26506,27316,28161,29046,29831,30631,31401,32186,33031,33791,34621,35416,36281,37071,37886,38686,39511,40276,41101,41891,42791,43561,44456,45226,46156,46941,47896,48686,49676,50431,51401,52191,53321,54076,55291,56116,57411,58226,59666,60576,65411,66281]
resources/preprocessed/Interpolated/Andre_liegestuetzen2_13_10_2020_Belly.csv:[39996,41631,42516,43316,44071,44906,45726,46516,47361,48231,49116,49901,50766,51561,52481,53256,54176,54991,55971,56776,57811,58611,59611,60416,61446,62246,63396,64246,65321,66226,67476,68381,69621,70586,72151,73111,74816,75871,77081,79181]
resources/preprocessed/Interpolated/2020-07-02_15.13.22_Belly.csv:[23267,26019,26875,27683,28707,29559,30675,31603,32827,33619,34895,35731,37199,38027,39427,40067,41635,42635,44255,44887,46891,47539,49731,50527,51743,53351,54795,56371,59103,59815]
resources/preprocessed/Interpolated/2020-07-02_15.13.22_RightArm.csv:[23003,25991,26883,27659,28415,29523,30759,31607,32859,33659,35051,35807,37227,38115,39455,40303,41719,42711,44291,45339,46943,47575,49783,50567,52547,53499,54731,56803,60443,61699]
resources/preprocessed/Interpolated/2020-07-02_15.13.22_Chest.csv:[23623,26011,26891,27691,28727,29559,30691,31651,32819,33659,34979,35827,37203,37931,39439,40251,41651,42711,44267,44911,46907,47563,49763,50559,51771,53383,54795,56411,58151,60471,64291]
resources/preprocessed/Interpolated/Andre_liegestuetzen1_13_10_2020_Belly.csv:[17141,18811,19651,20566,21436,22331,23146,23976,24841,25691,26516,27321,28186,29041,29861,30636,31416,32181,33026,33791,34616,35406,36266,37061,37896,38696,39521,40281,41116,41891,42796,44451,45226,46146,46931,47846,48641,49601,50401,51386,52176,53266,54061,55246,56091,57421,58226,59606,60561,62501,63536,65361,66266]
resources/preprocessed/Interpolated/2020-07-02_15.31.36_Belly.csv:[72271,89203,90575,91419,92715,93627,94987,95835,97247,98095,99607,100439,101919,102771,104459,105295,106379,107907,109779,110579,112543,113279,113975]
resources/preprocessed/Interpolated/Jan_liegestuetzen2_13_10_2020_LeftArm.csv:[17191,20541,21941,23271,24671,25946,27291,28691,30071,31471,32891,34296,35796,37341,39051,40676,42511,44446,46716,48126]
resources/preprocessed/Interpolated/2020-07-02_15.31.36_Chest.csv:[72499,88419,89263,90627,91511,92731,93623,94987,95875,97251,98111,99631,100503,101967,102859,104531,105379,106435,107903,109191,110623,112571,113355,113975]
resources/preprocessed/Interpolated/Andre_Squats_13_10_2020_RightArm.csv:[60996,63476,66831,68461,72081,73466,74321,75691,77416,78711,80346,82576,83741,87386,88856,92541,93716,95306,97746,98931,102686,103946,107621,108766,110586,112526,113671,117291,118376,121956,123116,126521,127316,128901,129661,131241,132066,133671,136011,136811,138406,139181,140871,141646,143376,144146,145741,148151,148911,150451,151236,152891,153656,155361,157756,158551]
resources/preprocessed/Interpolated/2020-07-02_14.14.32_Chest.csv:[32387,35063,36283,36923,37563,38223,38827,39495,40107,40783,41451,42099,42783,43475,44179,44859,45583,46259,46931,47595,48299,48963,49671,50355,51099,51747,52519,53151,53915,54615,55391,56035,56911,57683,58591,59279,60423,61083,62443,63135,64879]
resources/preprocessed/Interpolated/2020-07-02_15.31.36_LeftArm.csv:[72559,91467,92771,93635,95147,95831,96739,98159,99155,100423,102023,102911,104511,107875,109815,110571,112207,113395]
resources/preprocessed/Interpolated/2020-07-02_15.31.36_RightArm.csv:[72271,91495,92347,93559,94975,95827,97235,98103,99191,100583,101999,102927,104583,105459,106315,108007,109191,110687,112615,113339]
resources/preprocessed/Interpolated/Andre_Squats2_13_10_2020_Chest.csv:[47500,48735,49730,52040,54275,56555,58950,61320,63680,65950,67950,69470,70760,73330,74110,76825,78810,80270,82260,83740,84585,87330,88980,92095,93435,94465,96070,96995,101550,103210,104170,106175,110030,111355,113240,115430,117125,118580,120255,122840,123825,126010,127515,130685,131990,135375,136455,137290,139895,141095,141935,142770,144710,145840,146880,149715,150800,154135,155425,156900,158915,160010,160910,163650,164960,166095,166850,168670,169860,171005,173875,175125,175975,178655,179945,180810,183485,184920,185820,188685,189945,190775,191640,193520,194860,198370,199805,203080,204390,205845,207035,209230,210060,211365,212570,213995]
resources/preprocessed/Interpolated/2020-07-02_14.07.33_LeftArm.csv:[7493,10085,10725,11381,12033,12641,13933,14605,15277,15909,16577,17817,18569,19177,20429,21053,21801,22421,23261,23921,24565,25209,25917,26537,27273,27925,28725,29385,30185,30825,31593,32217,33001,34441,35061,35897,36573,37433,38933,39569,40509,41201,42329,43937]
resources/preprocessed/Interpolated/Andre_Squats2_13_10_2020_RightArm.csv:[47500,49710,52050,54260,56545,58930,61305,63665,64440,65960,67965,69625,70795,73395,74730,77040,78670,80260,82240,83910,86035,87345,88850,89760,93085,94400,96100,97325,98480,103265,104735,105970,109955,113155,117150,118705,120175,122525,126075,127385,130610,131905,135330,136350,137985,139845,141090,142010,144640,145815,146945,149455,151470,152495,154130,155480,156955,158210,159975,163520,164550,168670,169805,173800,175095,178555,179925,183480,184910,188565,189940,191160,193535,194760,198350,199900,200850,202955,204415,205870,207070,209435,210780,211900,213995]
resources/preprocessed/Interpolated/Andre_liegestuetzen1_13_10_2020_LeftArm.csv:[17136,18791,19606,20516,21401,22311,23141,23976,24841,25661,26516,27301,28176,29026,29836,30621,31416,32171,33046,34601,35396,36286,37056,37906,38676,39511,40271,41151,42806,44471,46161,46936,47881,48651,49636,50406,51386,52176,53341,55306,56096,57421,58221,59661,60551,66266]
resources/preprocessed/Interpolated/2020-07-02_13.00.09_LeftArm.csv:[26999,30023,30703,31891,32799,33619,34571,36475,37587,38739,39527,40475,41531,42515,43463,48911,50539,53011,53931]
resources/preprocessed/Interpolated/Andre_liegestuetzen3_13_10_2020_LeftArm.csv:[31078,32788,33633,34428,35233,36038,36888,37663,38498,39258,40093,40873,41733,43413,44173,45083,45853,46828,47613,48588,49438,50758,51678,52803,53763,55133,55993,57648,60353,61238]
resources/preprocessed/Interpolated/Lukas_liegestuetzen1_13_10_2020_LeftArm.csv:[38195,41765,42540,43545,44385,45215,46125,46985,47855,48695,49635,50445,51430,52290,53285,54180,55205,56100,57090,57880,58885,59725,60795,61655,62540,63445,64430,65235,66380,67195,68240,69100,70070,71010,72045,72810,73790,74545,75540,77245,79000,79765,80905,82820]
resources/preprocessed/Interpolated/Andre_Squats2_13_10_2020_LeftArm.csv:[48180,49735,52050,54275,56555,58955,61315,63675,65965,67480,69610,71185,73345,74645,76935,78790,80275,82180,83890,84685,87285,88765,91240,93415,94385,96050,97320,103200,105200,106120,109970,113140,117260,118700,120175,122525,126060,127335,130690,131985,135310,136385,138030,139835,141070,141830,142810,144690,145765,146870,149635,151410,154125,155320,158855,159845,161310,163630,164900,166265,168695,169805,173755,175195,178570,179935,183470,184895,188535,189900,190655,191470,193480,194895,198300,199850,200735,203180,204380,205785,207760,209270,210300,212640,213995]
resources/preprocessed/Interpolated/Andre_Squats_13_10_2020_Belly.csv:[61561,63491,67031,68351,72036,73456,74416,75436,77466,78781,79566,82516,83826,84626,87411,88811,89636,92581,93861,96311,99031,99851,102721,103981,104781,107621,108811,109686,112561,113781,114601,117286,118491,119376,121981,123106,124051,126531,128911,131251,133681,136021,138426,140886,143401,145761,148201,150486,152901,155391,157786]
resources/preprocessed/Interpolated/Andre_Squats_13_10_2020_Chest.csv:[61561,62361,63491,67036,68296,72051,73471,74401,75456,77511,78776,79586,82571,83821,84626,87476,88811,89661,92581,93816,94576,97806,99031,99866,101096,102751,103981,104826,107656,108811,109696,110541,112586,113791,114631,117306,118516,119391,121991,123151,124011,124786,126536,128906,131256,133686,136026,138426,140891,143396,145751,148176,150476,152906,155376,157771,158536]
resources/preprocessed/Interpolated/Andre_liegestuetzen2_13_10_2020_Chest.csv:[39996,41636,42506,43316,44911,45721,46526,47361,48241,49106,49911,50761,51576,52481,53266,54171,55001,55966,56781,57816,58621,59611,60426,61451,62256,63401,64251,65326,66231,67486,68381,69691,70596,72161,73106,74821,75871,77706,79206,79996]
resources/preprocessed/Interpolated/Andre_liegestuetzen2_13_10_2020_LeftArm.csv:[40081,41636,42496,43306,44896,45701,46511,47341,48236,49116,49901,50756,51566,52476,53266,54151,54996,55976,56776,57831,58621,59606,60421,61466,62261,63386,64246,65396,66236,67511,68376,69761,70596,72226,73136,74891,75881]
resources/preprocessed/Interpolated/Lukas_liegestuetzen3_13_10_2020_LeftArm.csv:[11251,13561,14631,15481,16771,17936,19251,20691,22106,23556,25091,26796,28316]
resources/preprocessed/Interpolated/Andre_liegestuetzen1_13_10_2020_Chest.csv:[17116,18791,19651,20556,21441,22321,23146,23981,24856,25691,26526,27316,28196,29051,29861,30641,31431,32196,33046,33806,34621,35411,36281,37071,37911,38701,39526,40286,41136,41901,42811,43566,44461,45236,46156,46946,47871,48656,49621,50416,51391,52186,53291,54076,55241,56101,57391,58221,59591,60536,62511,63546,65341,66256]
resources/preprocessed/Interpolated/Andre_liegestuetzen2_13_10_2020_RightArm.csv:[40106,41651,42426,43311,44911,45681,46521,47316,48246,49086,49911,50751,51576,52456,53261,54136,54991,55961,56786,57791,58621,59586,60431,61436,62256,63456,64276,65256,66246,67526,68381,69786,70616,72286,73121,74951,75881]
resources/preprocessed/Interpolated/2020-07-02_12.50.00_Belly.csv:[16387,18995,19787,20863,21631,22755,23463,24911,25803,26879,27751,29007,29831,30903,31855,32847,33875,34927,35775,37207,38179,39347,40151,41687,42687,43759,44783,45911,46847,48351,49423,50847,52039,53127,55031,55979,57503,58331,60107,60987]
resources/preprocessed/Interpolated/Andre_liegestuetzen3_13_10_2020_Belly.csv:[30998,32793,33623,34438,35218,36038,36883,37668,38493,39253,40098,40863,41728,43403,44163,45098,45853,46818,47613,48558,49433,50693,51678,52803,53758,55003,55978,57458,58333,60148,61248,62883,63933]
