resources/preprocessed/Interpolated/Lukas_liegestuetzen3_13_10_2020_RightArm.csv:[11011,12381,13271,14126,15726,16761,18166,19436,20911,22356,23761,25236,25911,26991,27716]
resources/preprocessed/Interpolated/Lukas_liegestuetzen3_13_10_2020_Chest.csv:[11151,12301,13131,14116,15701,16821,18156,19431,20851,22256,23731,25261,25901,26986,28676]
resources/preprocessed/Interpolated/Lukas_liegestuetzen3_13_10_2020_Belly.csv:[11176,12416,13106,14146,15746,16821,18056,19481,20811,22261,23641,25211,25891,26911,27781]
resources/preprocessed/Interpolated/Lukas_liegestuetzen2_13_10_2020_RightArm.csv:[36040,37055,37935,38790,40225,41760,43275,43950,45035,46805,48520,50210,51895,53435,55065,56615,58345,60000,61830,62710,64435,65815,67530,68685,70565,71845,72305]
resources/preprocessed/Interpolated/Lukas_liegestuetzen2_13_10_2020_LeftArm.csv:[36050,37155,38600,40085,41835,43320,45060,46745,48420,50110,51755,53605,55050,56585,58295,60065,61855,62665,64495,67535,68270,71800,72755]
resources/preprocessed/Interpolated/Lukas_liegestuetzen2_13_10_2020_Chest.csv:[36005,37075,38755,40285,41805,43270,45080,46760,47450,48420,50210,51770,53455,55060,56585,58220,60000,61830,62735,64280,65355,67540,68655,70490,71875,72755]
resources/preprocessed/Interpolated/Lukas_liegestuetzen2_13_10_2020_Belly.csv:[36035,37145,38580,40245,41680,43310,45175,46700,48485,50200,51785,53460,54375,55080,56590,58215,59875,60645,61785,62760,64330,65025,67530,68640,70495,71785,72220]
resources/preprocessed/Interpolated/Lukas_liegestuetzen1_13_10_2020_Belly.csv:[38000,39590,41185,43040,44795,46465,48260,49995,51865,53665,54900,55585,57365,59230,61215,63020,64675,66675,68575,70550,72240,73980,75715,77500,79200,80020,81095,82250,83300]
resources/preprocessed/Interpolated/Jan_liegestuetzen3_13_10_2020_RightArm.csv:[34050,36260,37685,39215,40590,42005,43465,44880,46175,47610,48350,49240,49920,50840,51705,52655,53630,54750,55850]
resources/preprocessed/Interpolated/Jan_liegestuetzen3_13_10_2020_LeftArm.csv:[34035,36185,37635,39240,40585,42030,43440,44885,46275,47010,47685,49270,51030,51735,52790,53670,54810]
resources/preprocessed/Interpolated/Jan_liegestuetzen3_13_10_2020_Belly.csv:[34045,36240,37710,39115,40545,41910,43375,44835,45600,46130,47610,48690,49160,49845,50960,52190,52670,53690,54700,55590]
resources/preprocessed/Interpolated/Jan_liegestuetzen2_13_10_2020_RightArm.csv:[17096,19381,20736,22101,23321,24841,26126,27521,28866,29386,30201,31621,32996,34366,35961,37436,39216,40061,40851,41631,42581,43326,44506,45496]
resources/preprocessed/Interpolated/Jan_liegestuetzen2_13_10_2020_Chest.csv:[17046,19326,20781,22116,23476,24826,26081,27391,28891,30176,31601,33006,34421,35981,37451,39216,39856,40771,41696,42591,43556,44516,45841,46901,48111]
resources/preprocessed/Interpolated/Jan_liegestuetzen2_13_10_2020_Belly.csv:[16996,19286,20756,22141,23421,24761,26091,26876,27396,28821,30181,31581,32996,34421,35946,37471,38631,39081,40766,41551,42581,44011,44521,46826]
resources/preprocessed/Interpolated/2020-07-02_14.59.59_LeftArm.csv:[73999,74999,76163,77215,78523,79603,81091,81915,83455,84515,85963,86703,87723,89167,90835,91991,92675,94387,96187,97419,98211]
resources/preprocessed/Interpolated/Andre_liegestuetzen2_13_10_2020_Belly.csv:[39996,41136,42801,44376,46001,47741,49416,51061,52776,54496,56281,58101,59891,61731,63726,65726,67861,70096,71036,72591,73641,75391,76391]
resources/preprocessed/Interpolated/Jan_liegestuetzen1_13_10_2020_RightArm.csv:[84900,91945,93945,95875,98915,101600,103695,106040,107665,111395,114015,115435,117945,119375,123420,126440,129945,133490,134785,137220,138595,140985,142270,146160,149190,152520,153480,157350,161710,166210,167165,169690]
resources/preprocessed/Interpolated/2020-07-02_14.59.59_Chest.csv:[74143,74947,76483,77199,78763,79527,81119,81903,83531,84435,85911,86727,88351,89171,90895,91763,93507,94391,96371,97307,99291,99779]
resources/preprocessed/Interpolated/2020-07-02_15.13.22_Belly.csv:[23131,25403,27195,29111,31123,33167,35295,36515,37455,38775,39567,41851,43555,44355,46255,46991,48955,49807,51759,52663,54815,55795,59171,63039]
resources/preprocessed/Interpolated/2020-07-02_15.13.22_RightArm.csv:[23267,25395,26487,27199,28231,29055,29755,31127,32195,33151,34307,35107,36575,37391,38823,39571,41159,42007,43591,44403,46295,47067,48635,49895,51787,52643,54751,55939,59331,60731]
resources/preprocessed/Interpolated/Lukas_liegestuetzen1_13_10_2020_Chest.csv:[38135,39650,41355,43100,44750,46545,48175,50020,50985,51775,53660,54895,55635,57445,59215,60510,61205,62990,64670,66610,68550,70620,72235,73960,75715,77420,79195,81080,82120]
resources/preprocessed/Interpolated/Jan_liegestuetzen1_13_10_2020_Chest.csv:[84915,88225,91940,94895,99770,102845,107515,109040,111415,115365,119350,121665,123345,124520,126490,130920,132155,133270,134645,138480,142215,146015,149885,153900,157815,162220,166165,167460,169615,173065,174420,176900,178135,181410,182855]
resources/preprocessed/Interpolated/2020-07-02_14.20.28_RightArm.csv:[62007,63795,64951,65995,66575,66951,68091,69223,69939,70343,71031,71483,72119,72847,73411,74019,74603,75043,75751,76479,77139,77911,79395,79943,80923,81887,82679,83451]
resources/preprocessed/Interpolated/2020-07-02_14.20.28_Belly.csv:[62343,63003,63755,64927,65959,67119,68275,69391,70487,71631,72883,74003,75207,76451,77939,79331,80895,82631]
resources/preprocessed/Interpolated/2020-07-02_14.14.32_RightArm.csv:[32063,33991,35063,36403,37651,38923,40171,41535,42103,42955,44243,44923,45751,46279,47015,47623,48443,49003,49795,50439,51215,51831,52623,53239,54015,54727,55499,57051,58083,58731,59479,60543,61255,64955]
resources/preprocessed/Interpolated/2020-07-02_15.13.22_LeftArm.csv:[23127,25199,25511,27103,28131,29191,30267,31223,32279,32955,34139,35343,36295,37367,38835,39615,41887,43591,44423,45587,47495,49871,50931,52715,53799,60083,60639,63203,65683]
resources/preprocessed/Interpolated/2020-07-02_14.14.32_Belly.csv:[32131,33227,33987,35127,36399,37663,38947,40227,41519,42835,44307,45671,47047,48431,49751,51187,52623,54027,55447,57015,58675,60567,62567,63403,64975]
resources/preprocessed/Interpolated/2020-07-02_14.59.59_RightArm.csv:[74003,75115,76507,77243,78827,79667,81127,82015,83507,84387,85915,86763,88411,89195,90895,92011,93519,94431,96311,97303,99119]
resources/preprocessed/Interpolated/Jan_liegestuetzen3_13_10_2020_Chest.csv:[34010,36230,37690,39170,40595,41885,43515,44770,46205,47685,49260,49915,51045,51770,52685,53735,54800,55895]
resources/preprocessed/Interpolated/2020-07-02_14.20.28_LeftArm.csv:[61995,63731,64903,65715,66535,68079,68659,69203,69923,70319,71079,71459,72263,72647,73403,73831,74627,74923,75727,76443,77115,77883,78599,79383,80079,80875,81555,82711,83739]
resources/preprocessed/Interpolated/2020-07-02_13.00.09_Belly.csv:[27131,29415,31439,32903,35267,36723,38191,38851,40631,43015,44771,47279,49471,51859,55019,57487]
resources/preprocessed/Interpolated/2020-07-02_14.14.32_LeftArm.csv:[32059,33959,35071,36367,37603,38155,38947,39603,40231,40791,41559,42927,44295,44907,45631,46255,46991,47595,48383,48967,49731,50395,51235,51815,52567,53211,53931,54687,55415,56191,57087,57859,58735,59315,60507,61667,62535,64907]
resources/preprocessed/Interpolated/2020-07-02_11.17.39_Belly.csv:[58795,60063,60731,62327,64171,65759,67435,69115,70879,72283,74587,76219,77651,79807,81871,83715,85631,87135,88871,89687,91583,93899,95331,96751,98851,101631,103915]
resources/preprocessed/Interpolated/Andre_liegestuetzen3_13_10_2020_Chest.csv:[30998,32333,33898,35568,37213,38728,40373,42013,43683,45373,47203,48968,51198,53263,55598,56713,57923,59263,60708,61668,63368]
resources/preprocessed/Interpolated/2020-07-02_11.17.39_Chest.csv:[58515,59731,60007,60763,62351,64135,65711,67467,69131,70867,72719,74499,76279,78095,80043,81859,83331,85707,87191,88475,89903,91675,94307,95327,96415,97887,98851,101619,104035,107767]
resources/preprocessed/Interpolated/Jan_liegestuetzen1_13_10_2020_Belly.csv:[84945,86780,91985,95810,98840,103855,104840,106290,107590,111425,115425,119505,121700,123375,127310,131045,132215,134890,138580,142330,145420,149825,151070,153455,157330,161575,166215,167340,169635,172915,174140,176780,181235,182805]
resources/preprocessed/Interpolated/2020-07-02_11.17.39_LeftArm.csv:[58303,59499,59951,61695,62343,64099,65059,65763,66719,68431,70119,71015,71911,72839,73715,74187,75523,76243,76863,80203,80999,81695,82903,84487,85583,87259,88799,89899,91747,93075,94295,95443,100563,103923]
resources/preprocessed/Interpolated/2020-07-02_14.59.59_Belly.csv:[73999,74919,76311,77239,78803,79547,81119,81867,83539,84315,85903,86683,88291,89127,90835,91687,93531,94339,96315,97415,99143]
resources/preprocessed/Interpolated/Andre_Squats_13_10_2020_LeftArm.csv:[61151,63051,64241,66446,68136,71651,74066,76941,79251,81071,84311,86991,88916,92141,94016,96921,99146,102231,104366,107151,109021,112211,114456,116861,118681,121481,123306,126161,127126,128541,129496,130831,131916,133286,134281,135581,136676,137931,139076,140441,141601,142986,144051,145386,146401,147756,148726,149996,150741,152391,153621,154921,156016,157356,158481]
resources/preprocessed/Interpolated/2020-07-02_14.07.33_Chest.csv:[7005,8961,10209,11501,12749,14169,15413,16669,18029,19253,20593,22009,23445,24733,26045,27481,28893,30369,31741,33181,34653,36069,37609,39121,39773,40757,41417,42457,43385]
resources/preprocessed/Interpolated/2020-07-02_11.17.39_RightArm.csv:[58819,59419,60355,61695,62363,63719,65047,65667,66723,67359,68015,69019,70111,71011,72319,73675,74479,76019,77327,77663,79127,79987,80999,81759,82911,83643,84823,85707,86747,88799,90715,91871,93303,94131,95323,96799,99163,100911,104011]
resources/preprocessed/Interpolated/Andre_liegestuetzen3_13_10_2020_RightArm.csv:[30998,32343,33863,35593,37203,38743,40358,41993,43698,45393,47068,48998,50098,51183,52488,53268,55643,57953,58643]
resources/preprocessed/Interpolated/2020-07-02_12.50.00_LeftArm.csv:[16159,20971,22283,23299,25323,26555,27067,28523,29127,30479,31559,33387,34775,36871,37439,39051,39607,41399,41955,43523,46307]
resources/preprocessed/Interpolated/2020-07-02_14.20.28_Chest.csv:[62015,63763,64931,66051,67183,68279,69399,70531,71667,72891,74043,75259,76507,77939,79391,80931,82699,83427]
resources/preprocessed/Interpolated/2020-07-02_14.07.33_RightArm.csv:[7017,10061,11509,12761,14137,15425,16757,17645,19185,20605,21969,23401,24717,25317,26077,26645,27373,28089,28837,29545,30353,30973,31769,32397,33161,34277,34681,35321,36101,36821,37609,38301,39113,39789,40733,41521,42425,42985]
resources/preprocessed/Interpolated/Lukas_liegestuetzen1_13_10_2020_RightArm.csv:[38140,39635,41250,43200,44760,46445,48160,49235,50020,51000,51770,53770,54875,55640,57455,59215,60520,61245,62910,64105,64660,66660,68535,69760,70620,72370,74010,75715,77580,79190,81100,82095]
resources/preprocessed/Interpolated/2020-07-02_14.07.33_Belly.csv:[7005,8977,10229,11529,12733,14109,15385,16689,17965,19273,20589,21925,23381,24693,26041,27417,28869,30329,31701,33133,34577,36089,37569,39105,39697,40725,41373,42417,43357,44117]
resources/preprocessed/Interpolated/Andre_liegestuetzen1_13_10_2020_RightArm.csv:[17051,18316,20121,22021,23556,25086,26781,28566,30041,31766,33276,34876,36536,38221,39726,40661,41401,43031,44676,46381,48286,49901,50906,51651,53586,55591,56616,57811,58806,60061]
resources/preprocessed/Interpolated/2020-07-02_12.50.00_RightArm.csv:[16007,20559,21419,22359,22891,24599,25191,26399,27507,28655,29575,30523,31587,32383,33327,34559,35623,36699,37527,38899,39667,41571,43343,44515,45519,46707]
resources/preprocessed/Interpolated/Andre_Squats2_13_10_2020_Belly.csv:[47555,49320,50375,51575,52710,53790,54900,56185,57205,58460,59550,60885,61955,63260,64290,65555,66235,69060,70895,72945,73955,76375,77310,79900,82740,86850,89405,94025,96515,103700,105475,110720,112890,118215,119840,123305,124740,126320,128190,129675,132215,134950,136790,139435,141345,143205,144160,146450,148995,150455,153680,155545,157300,158440,160045,162930,164670,166980,168190,169505,173350,175330,178250,180335,183030,185125,188080,190160,193070,194970,197055,200100,201735,202690,204505,206135,207400,209600,210805,212100,213265]
resources/preprocessed/Interpolated/2020-07-02_12.50.00_Chest.csv:[16335,17887,19915,22299,23307,24547,25291,26339,27571,28191,29619,30455,31651,32423,33251,34495,35683,36691,37939,38887,40059,41215,42031,43275,44551,45519,46347,47879,48903,50339,51423,52699,54275,55515,57611,60631,62859]
resources/preprocessed/Interpolated/2020-07-02_13.00.09_Chest.csv:[27123,29431,31379,32987,34883,37147,38175,38887,40655,42995,44751,47267,49459,50947,51947,54951,57527]
resources/preprocessed/Interpolated/2020-07-02_13.00.09_RightArm.csv:[27007,28411,29599,30919,32683,33563,35199,36191,37003,37803,38803,40175,42259,48967]
resources/preprocessed/Interpolated/2020-07-02_15.13.22_Chest.csv:[23127,25631,27223,29039,31235,32199,33259,34279,35315,36575,37427,38855,39591,41099,41903,43599,44335,46271,46959,48959,49895,51807,52591,53859,55903,58271,58715,59303,62119,63219]
resources/preprocessed/Interpolated/Andre_liegestuetzen1_13_10_2020_Belly.csv:[16996,18331,20061,21831,23466,25211,26806,28576,30146,31676,33291,34951,36566,38231,39731,41451,43021,44736,46441,48141,49901,51656,53571,55581,56361,57726,58496,60036,61086,63076,64026,65766]
resources/preprocessed/Interpolated/2020-07-02_15.31.36_Belly.csv:[72271,88731,89923,90987,92899,94375,95331,97399,100115,101267,102083,103851,104787,106371,107399,108251,109839,110783,112671,113559]
resources/preprocessed/Interpolated/Jan_liegestuetzen2_13_10_2020_LeftArm.csv:[17346,19381,20776,22116,23481,24156,24826,26136,27491,28826,30156,30796,31571,33061,34416,35981,37531,39246,40791,41516,42686,43336,44576,45436,46866]
resources/preprocessed/Interpolated/2020-07-02_15.31.36_Chest.csv:[72271,88811,89999,91067,92883,94387,95123,96663,97443,98939,100107,101327,102115,103847,104719,106403,107451,109131,109859,111771,112947,113663]
resources/preprocessed/Interpolated/Andre_Squats_13_10_2020_RightArm.csv:[61136,63081,64231,66346,68631,71631,72551,73796,75621,76931,78986,81441,83496,87061,88836,92051,93996,97321,98786,102216,103641,107181,109041,112111,113686,116831,118526,121521,123336,126131,127176,128491,129516,130786,132036,133331,134306,135581,136721,137971,139096,140426,141576,142941,144046,145306,146421,147741,148906,149966,151146,152476,153641,154931,155991,157256,158476]
resources/preprocessed/Interpolated/2020-07-02_14.14.32_Chest.csv:[32567,34019,35143,36391,37687,38963,40251,41599,42967,44347,45683,47071,48475,49819,51219,52631,54067,55507,57159,58759,60559,61279,62631,63467,64995]
resources/preprocessed/Interpolated/2020-07-02_15.31.36_LeftArm.csv:[72271,90963,92007,92895,94487,95155,96683,99015,99735,101307,102087,103815,105531,107147,108219,109843,111691,112899,113475]
resources/preprocessed/Interpolated/2020-07-02_15.31.36_RightArm.csv:[72271,90975,92063,92863,94407,95107,96343,97627,98367,100235,102107,103535,105131,106387,107351,109167,110251,111763,112895,113779]
resources/preprocessed/Interpolated/Andre_Squats2_13_10_2020_Chest.csv:[47550,49325,50370,51660,52730,53840,54895,56115,57200,58510,59560,60895,61940,63285,64300,65555,66190,69015,72085,73755,76480,77640,79895,82690,86905,89880,93975,96515,103825,105780,110935,112785,118160,119890,123325,124625,128175,129680,132210,134905,136795,138575,139480,141370,144265,146445,148940,150655,152710,153645,155780,157350,158445,160250,163220,165135,166965,168185,169560,173335,175590,178395,180330,182200,183035,185165,188200,190525,193135,195355,196760,198025,200110,201660,202695,204510,206160,207395,209560,210820,212075,213820]
resources/preprocessed/Interpolated/2020-07-02_14.07.33_LeftArm.csv:[7049,8929,10197,11469,12657,13429,14161,15441,16665,17645,19317,20505,21909,23441,24661,26017,27365,28069,28921,29545,30337,30965,31661,32385,33097,33797,34529,35289,36005,36777,37553,38245,39085,39745,40797,41653,42485,43333]
resources/preprocessed/Interpolated/Andre_Squats2_13_10_2020_RightArm.csv:[47500,49255,50350,51655,52715,53785,54890,56125,57190,58510,59585,60890,61960,63170,64280,65525,66855,70400,72100,73740,76525,77640,79820,81005,82450,84595,86935,88530,90725,92905,94005,96425,97540,103440,105425,109265,112675,116790,119835,122605,124695,126710,129840,132420,134855,136665,138285,139335,141370,144200,146425,149025,150325,151600,153710,155545,157430,158470,159805,162980,164170,168210,169965,173315,174295,177885,180040,183010,185195,188085,190665,193180,194390,197835,200525,202480,204510,205945,207380,208355,209615,210380,210835,212055,213390]
resources/preprocessed/Interpolated/Andre_liegestuetzen1_13_10_2020_LeftArm.csv:[17001,18281,19996,21731,23526,25126,26791,28576,30136,31681,33321,34806,36591,38201,39721,41426,43106,44711,46471,48176,49866,51611,53676,54546,55626,56676,57746,60091]
resources/preprocessed/Interpolated/2020-07-02_13.00.09_LeftArm.csv:[27087,28631,30547,33123,33835,36215,37215,37683,38923,40151,42255,48983,49959,52515,54015]
resources/preprocessed/Interpolated/Andre_liegestuetzen3_13_10_2020_LeftArm.csv:[30998,32313,33888,35658,37153,38763,40363,42018,43673,45353,47158,48928,49833,51273,52378,53363,55598,57188,57913,59153]
resources/preprocessed/Interpolated/Lukas_liegestuetzen1_13_10_2020_LeftArm.csv:[38015,39680,40820,42775,44645,45890,46480,48190,49990,51725,53645,54750,55590,57380,59180,60500,61195,62240,62995,64685,66780,67820,68570,70645,72400,73960,75710,77400,79185,81085]
resources/preprocessed/Interpolated/Andre_Squats2_13_10_2020_LeftArm.csv:[47730,49340,50390,51630,52730,53895,54875,56030,57205,58545,59570,60940,61955,63300,64290,65600,66900,69190,71950,73725,76495,78200,79820,81095,82555,84500,86890,88470,89535,93915,96455,103400,106210,109310,112750,117395,119670,122595,124615,127305,129640,132200,134855,136615,139425,141300,144155,146430,148990,150230,153655,155435,157555,158370,159835,163180,164165,165910,166985,168215,169575,173275,174295,177970,180095,183135,185185,186925,190165,191605,193085,195615,197955,200135,201395,202780,204535,207420,208325,209840,210830,212105,213995]
resources/preprocessed/Interpolated/Andre_Squats_13_10_2020_Belly.csv:[61151,63061,64236,66436,68291,70911,73036,74036,76111,76971,78966,81091,84156,86071,89216,90971,94086,97301,99286,102271,104306,106241,109276,111046,112471,114116,115771,116841,118766,121631,123326,126111,127146,128481,129486,130876,131931,133266,134276,135616,136691,138066,139091,140496,141601,143016,144046,145391,146406,147781,148691,149951,151131,152361,153566,155001,155986,157401,158476]
resources/preprocessed/Interpolated/Andre_liegestuetzen2_13_10_2020_Chest.csv:[40201,41111,42866,44486,46001,47791,49401,51136,52756,54556,56281,58076,59951,61731,63726,65651,67791,70066,72591,73961,75396,76396]
resources/preprocessed/Interpolated/Andre_liegestuetzen2_13_10_2020_LeftArm.csv:[40171,41091,42076,42791,44316,46001,47841,49391,51116,52746,54536,56191,58211,59951,61791,62976,63706,65626,67766,68981,70206,71846,72761]
resources/preprocessed/Interpolated/Lukas_liegestuetzen3_13_10_2020_LeftArm.csv:[11126,12491,14086,15746,16806,17376,17971,19421,20146,20661,22291,23776,24531,25371,25936,27051,27676]
resources/preprocessed/Interpolated/Andre_liegestuetzen1_13_10_2020_Chest.csv:[16996,18291,20156,21866,23521,25271,26866,28571,30226,31761,33371,34971,36621,38196,39866,41446,43076,44736,46536,48161,49891,51636,53611,55576,57661,60036,61096,63091,64121,65716]
resources/preprocessed/Interpolated/Andre_liegestuetzen2_13_10_2020_RightArm.csv:[40136,41301,42901,44376,45971,47801,48606,49461,51006,51976,52811,54451,56346,58231,59836,61711,63856,65731,67846,68896,70081,71031,72616,73921]
resources/preprocessed/Interpolated/2020-07-02_12.50.00_Belly.csv:[16363,18131,19931,20527,22375,23363,24503,25535,26479,28187,29663,30491,32383,33635,34519,35699,36431,37959,38903,40047,41259,42895,45559,46519,47519,48891,50547,51415,52727,54707,55427,57695,60307,62995]
resources/preprocessed/Interpolated/Andre_liegestuetzen3_13_10_2020_Belly.csv:[30998,32368,33928,35548,37143,38723,40378,41958,43688,45343,47103,48918,49743,51193,53288,55518,56378,57903,58603,61763,63498]
resources/preprocessed/Interpolated/Andre_Squats_13_10_2020_Chest.csv:[61131,63116,64246,66641,68531,70381,73096,74036,76966,79171,80606,82106,84271,85616,89221,90926,92176,94041,97386,99281,102356,104361,106416,107236,109291,111146,112126,114221,115776,116836,118771,121556,123401,125141,126146,127151,128476,129551,130856,131986,133291,134296,135601,136706,138056,139106,140446,141596,143006,144031,145326,146406,147756,148871,150126,151131,152511,153626,154961,155986,157371,158486]
resources/preprocessed/Interpolated/Jan_liegestuetzen1_13_10_2020_LeftArm.csv:[84925,95780,98800,102815,106220,107680,109685,111435,114045,115275,117400,119380,123375,127250,129595,130865,133195,134690,136765,138350,140485,142260,144475,146055,148510,149610,151360,153960,157785,162030,166165,167440,169625,173005,174640,176940,181375,182790]
