resources/preprocessed/Interpolated/Lukas_liegestuetzen3_13_10_2020_RightArm.csv:[11011,11596,12381,13451,14126,15076,15726,16141,16911,17546,18166,18791,19436,20276,20911,21631,22356,23121,23761,24621,25236,26366,26991,27971,28421,28731]
resources/preprocessed/Interpolated/Lukas_liegestuetzen3_13_10_2020_Chest.csv:[11151,11596,12301,13481,14116,15016,15701,16196,16821,17451,18156,18801,19431,20196,20851,21576,22256,23126,23731,24621,25261,26341,26986,27916,28676]
resources/preprocessed/Interpolated/Lukas_liegestuetzen3_13_10_2020_Belly.csv:[11016,11606,12416,13476,14146,14981,15746,16196,16821,17441,18056,18821,19481,20191,20811,21566,22261,22986,23641,24646,25211,26251,26911,27856,28586]
resources/preprocessed/Interpolated/Lukas_liegestuetzen2_13_10_2020_RightArm.csv:[36040,36430,37055,37825,38790,39500,40225,41015,41760,42570,43275,44340,45035,45970,46805,47760,48520,49360,50210,51145,51895,52805,53435,54425,55065,55985,56615,57540,58345,59375,60000,61200,61830,63040,63810,64435,65190,65815,66105,66370,66900,67530,68485,69080,69940,70565,71220,71845,72460,72875,73920]
resources/preprocessed/Interpolated/Lukas_liegestuetzen2_13_10_2020_LeftArm.csv:[36050,36450,37155,37880,38600,39460,40260,41030,41835,42630,43320,44435,45060,46075,46745,47725,48420,49405,50110,51130,51755,52840,53605,54440,55050,55975,56585,57565,58295,59390,60065,61150,61855,62560,62940,63715,64495,65445,66050,66885,67535,68380,68835,69330,69920,70545,71175,71800,72585,73210,73985]
resources/preprocessed/Interpolated/Lukas_liegestuetzen2_13_10_2020_Chest.csv:[36005,36450,37075,37875,38755,39465,40285,41045,41805,42580,43270,44340,45080,46100,46760,47755,48420,49380,50210,51135,51770,52820,53455,54435,55060,55970,56585,57560,58220,59215,60000,61180,61830,62605,63040,63680,64280,65515,65860,66350,66910,67540,68390,68655,69020,69355,69910,70490,71245,71875,72535,73165,73970]
resources/preprocessed/Interpolated/Lukas_liegestuetzen2_13_10_2020_Belly.csv:[36035,36525,37145,37885,38745,39520,40245,41060,41840,42600,43310,44345,45175,46115,46700,47785,48485,49465,50200,51165,51785,52840,53460,54450,55080,55975,56590,57615,58215,59370,59875,61150,61785,62580,63015,63695,64330,65315,65685,66090,66360,66910,67530,68250,68640,69085,69420,69955,70495,71190,71785,72445,72860,73170,73955]
resources/preprocessed/Interpolated/Lukas_liegestuetzen1_13_10_2020_Belly.csv:[38000,38855,39590,40345,41185,42115,43040,43960,44795,45705,46465,47455,48260,49190,49995,50940,51865,52815,53665,54720,55585,56625,57365,58400,59230,60385,61215,62290,63020,63965,64675,65985,66675,67750,68575,69685,70550,71610,72240,73355,73980,75065,75715,76825,77500,78565,79200,80460,81095,81865,82250,82625,83300,83995]
resources/preprocessed/Interpolated/Jan_liegestuetzen3_13_10_2020_RightArm.csv:[34015,34485,35110,35725,36260,36925,37685,38500,39215,39935,40590,41345,42005,42775,43465,44135,44880,45550,46175,46980,47610,48600,49240,50215,50840,52020,52655,53760,54060,54750,55415,55850,56130,56785]
resources/preprocessed/Interpolated/Jan_liegestuetzen3_13_10_2020_LeftArm.csv:[34035,34620,35205,35620,36185,37010,37635,38440,39240,39960,40585,41360,42030,42775,43440,44145,44885,45645,46275,47065,47685,48650,49270,50330,51030,51735,52030,52790,53415,53670,54160,54810,55450,55930,56405,56955]
resources/preprocessed/Interpolated/Jan_liegestuetzen3_13_10_2020_Belly.csv:[34045,34560,35140,35445,36240,37085,37710,38630,39115,39865,40545,41340,41910,42795,43375,44175,44835,45505,46130,47090,47610,48515,49160,50335,50960,51585,52045,52670,53260,53690,54200,54700,55315,56275,56995]
resources/preprocessed/Interpolated/Jan_liegestuetzen2_13_10_2020_RightArm.csv:[17096,17641,18421,18876,19381,20031,20736,21476,22101,22641,23321,24151,24841,25496,26126,26756,27521,28156,28866,29526,30201,30996,31621,32376,32996,33736,34366,35336,35961,36811,37436,38591,39216,40121,40851,41461,41951,42581,43881,44506,45191,45496,45806,46266,46901,47541,48171,48876,49296,49621,50136,50406,50956]
resources/preprocessed/Interpolated/Jan_liegestuetzen2_13_10_2020_Chest.csv:[17046,17391,18101,18676,19326,20076,20781,21491,22116,22801,23476,24126,24826,25456,26081,26766,27391,28151,28891,29546,30176,30986,31601,32376,33006,33756,34421,35256,35981,36826,37451,38596,39216,40141,40771,41451,41956,42591,43556,43886,44516,45146,45841,46216,46901,47571,48111,48836,49121,49471,50006,50421,50946]
resources/preprocessed/Interpolated/Jan_liegestuetzen2_13_10_2020_Belly.csv:[16996,17266,17921,18656,19286,20051,20756,21436,22141,22796,23421,24141,24761,25436,26091,26731,27396,28186,28821,29561,30181,30946,31581,32391,32996,33796,34421,35321,35946,36826,37471,38546,39081,40151,40766,41391,42001,42581,43216,43481,43831,44521,45126,45796,46106,46826,47571,48606,49356,49986,50321,50941]
resources/preprocessed/Interpolated/2020-07-02_14.59.59_LeftArm.csv:[73999,74499,74999,75291,75987,76279,76727,77215,77771,78379,78779,79027,79835,80815,81091,81419,81915,82291,83263,83823,84515,85671,85963,86307,86703,87859,88359,88655,89167,89503,90695,91079,91991,92675,93171,93551,93887,94571,95259,95699,96187,96743,97543,98147,98611,99123,99787,99995]
resources/preprocessed/Interpolated/Andre_liegestuetzen2_13_10_2020_Belly.csv:[39996,41136,42081,42801,43611,44376,45201,46001,46911,47741,48616,49416,50286,51061,52136,52776,53756,54496,55606,56281,57391,58101,59241,59891,61086,61731,63051,63726,64876,65726,67056,67861,69281,70096,70801,71671,72591,73401,74321,75391,76146,76606,77356,78371,78696,79336,79956]
resources/preprocessed/Interpolated/Jan_liegestuetzen1_13_10_2020_RightArm.csv:[84900,85545,86160,86575,87075,88260,89860,90195,90835,91945,94120,95875,98200,99910,101420,101740,102240,103695,105865,106270,107665,109820,111395,113710,115435,116515,117655,118060,119375,121545,121815,123420,124445,125230,125820,126440,127290,129525,131080,133360,134785,137050,138595,140845,142270,143610,143995,144640,146160,147460,148505,149940,151020,151355,152665,154010,155090,155425,155810,156555,157350,158075,159220,159680,160185,161060,162330,163290,163915,165180,166210,167085,167425,167970,168595,169220,169690,170495,170820,171450,171805,172155,172425,173270,174320,175125,175495,176140,176815,178010,178610,179105,179430,179810,180180,180655,181280,182315,182935,183270,183825]
resources/preprocessed/Interpolated/2020-07-02_14.59.59_Chest.csv:[74143,74395,74947,75179,75651,76279,76483,77199,77695,78591,79027,79527,79731,80819,81119,81399,81903,82263,83287,83531,83851,84435,85699,85911,86135,86727,87091,88115,88351,88655,89171,89483,90671,90895,92071,93207,93507,93819,94391,94751,95287,95903,96371,96747,97307,97615,98115,98791,99291,99523,99967]
resources/preprocessed/Interpolated/2020-07-02_15.13.22_Belly.csv:[23003,23411,23663,23915,24707,25403,25767,26435,27195,28287,29111,30263,31123,32375,33167,34511,35295,36371,36775,37455,38615,38971,39567,40079,40431,41019,41851,42239,43391,43847,44355,45059,45555,46099,46503,46991,47487,47983,48631,48955,49283,49807,51331,51759,52143,52663,52931,53679,54395,54815,55159,55967,56175,56971,57791,58303,58639,59171,59683,59923,60171,60667,60987,61483,61991,62539,63039,63631,63915,64603,65259,65571,66063]
resources/preprocessed/Interpolated/2020-07-02_15.13.22_RightArm.csv:[23071,23795,24067,24643,25395,25615,26403,27199,27899,28231,29055,30339,31127,32059,32431,33151,34111,34599,35267,36279,36575,36827,37651,38679,39051,39571,39867,40987,41331,42095,43271,43591,43795,44403,44703,44935,45427,46051,46295,46571,47067,47335,47995,48691,48971,49391,49895,50647,50927,51431,51787,52055,52643,52907,53219,53591,53799,54411,54751,55275,55939,56251,56891,57263,57707,58151,58831,59331,59671,59919,60155,60443,60731,61195,62011,62219,62503,63475,63699,64339,64655,65295,65619,65843]
resources/preprocessed/Interpolated/Lukas_liegestuetzen1_13_10_2020_Chest.csv:[38135,38815,39650,40340,41355,42030,43100,43950,44750,45665,46545,47425,48175,49175,50020,50930,51775,52805,53660,54735,55635,56710,57445,58405,59215,60305,61205,62270,62990,63960,64670,65950,66610,67745,68550,69670,70620,71550,72380,73320,73960,75085,75715,76770,77420,78555,79195,80415,81080,81990,82650,83275,83850]
resources/preprocessed/Interpolated/Jan_liegestuetzen1_13_10_2020_Chest.csv:[84915,85650,86305,86730,87070,88225,90365,91940,94175,95795,98120,99770,101980,103745,105875,107515,109780,111415,113740,115365,117690,119350,120445,120885,121795,123345,124375,125670,126580,127280,128500,129430,130920,133155,134645,137090,138480,139540,140760,142215,143515,143855,144510,146015,147360,148400,149885,150815,151420,152540,153900,155010,155690,156460,157815,159215,159870,160800,162220,163325,163915,164355,165125,166165,167020,167925,168420,169615,170565,170915,171525,172170,173065,174535,175445,176075,176900,177960,178810,179420,179770,180610,181410,182230,182855,183320,183805]
resources/preprocessed/Interpolated/2020-07-02_14.20.28_RightArm.csv:[62007,62335,63243,63795,64471,64951,65511,65995,66451,66951,67591,67835,68335,68723,69223,69731,70343,70883,71667,72059,72343,72847,73251,74019,74459,75043,75979,76479,77359,77911,78807,79395,80371,80923,81887,82111,82679,83275,83623,84007]
resources/preprocessed/Interpolated/2020-07-02_14.20.28_Belly.csv:[62063,62343,62659,63003,63275,63755,64427,64927,65483,65959,66607,67119,67767,68275,68891,69391,69987,70487,71131,71631,72331,72883,73503,74003,74683,75207,75963,76451,77331,77939,78839,79331,80279,80895,82067,82631,83999]
resources/preprocessed/Interpolated/2020-07-02_14.14.32_RightArm.csv:[32163,32435,32939,33451,33991,34563,35175,35811,36403,37143,37651,38415,38923,39667,40171,40991,41535,42383,42955,43735,44243,45115,45751,46443,47015,47871,48443,49207,49795,50643,51215,52083,52623,53507,54015,54999,55499,56455,57051,57855,58139,58731,59235,59479,59967,60543,61099,61575,62027,62619,63183,63691,64547,64955]
resources/preprocessed/Interpolated/2020-07-02_15.13.22_LeftArm.csv:[23031,23279,23559,24063,24699,25511,26335,26599,27235,27915,28131,28363,29191,30223,31223,32123,32443,33227,34343,34627,34835,35471,36339,36599,36855,37567,38835,39115,39615,40095,41383,41887,42179,42783,43403,43815,44423,44971,45423,46019,46283,46571,47067,47495,48035,48591,48847,49363,49871,51231,51731,52027,52715,53111,53623,54299,54735,55319,55819,56139,56427,56899,57203,57723,57963,58183,58431,58779,59279,59663,60083,60579,61251,61763,62127,62707,63203,63595,64107,64739,65183,65683]
resources/preprocessed/Interpolated/2020-07-02_14.14.32_Belly.csv:[32279,32563,33055,33499,33987,34627,35127,35831,36399,37115,37663,38379,38947,39655,40227,41007,41519,42315,42835,43743,44307,45103,45671,46459,47047,47823,48431,49227,49751,50651,51187,52039,52623,53475,54027,54919,55447,56447,57015,58155,58675,59971,60567,61951,62567,63263,64411,64975]
resources/preprocessed/Interpolated/2020-07-02_14.59.59_RightArm.csv:[74135,74619,75115,75527,76219,76507,76755,77243,77703,78615,78827,79715,79951,80751,81127,81411,82303,83099,83507,83879,84387,84675,84895,85627,85915,86155,86763,87123,88143,88411,88683,89195,89535,90547,90895,91279,92011,93139,93519,93831,94767,95279,95899,96311,96763,97459,97971,98315,98747,99119,99835]
resources/preprocessed/Interpolated/Jan_liegestuetzen3_13_10_2020_Chest.csv:[34010,34425,35170,35550,36230,37065,37690,38470,39170,39965,40595,41255,42020,42840,43515,44145,44770,45580,46205,47060,47685,48635,49260,50350,51045,51570,52055,52685,53470,53735,54135,54800,55415,56140,56455,56760]
resources/preprocessed/Interpolated/2020-07-02_14.20.28_LeftArm.csv:[61995,62431,62751,63227,63731,64403,64903,65463,65967,66351,66851,67091,67491,67835,68079,68323,68599,68891,69387,69723,70063,70319,70563,70867,71459,72047,72647,72883,73231,74007,74419,74923,75267,75663,75939,76443,77047,77311,77883,78679,79383,79999,80287,80875,81655,82211,82711,83523,83739]
resources/preprocessed/Interpolated/2020-07-02_13.00.09_Belly.csv:[27011,27367,27799,28443,29415,30375,31439,32259,32903,34123,35267,36015,37179,38075,39075,40011,40631,41023,41259,42079,43015,44075,44907,45267,45475,46487,47447,48735,49471,49927,51159,51859,52283,52663,53743,55019,55355,56039,56271,56791,57487,57983,58351,59015,59339,59659,59903,60179,60563,61067,61523,61963,62383]
resources/preprocessed/Interpolated/2020-07-02_14.14.32_LeftArm.csv:[32003,32511,32947,33455,33959,34571,35071,35835,36367,37095,37603,38399,38947,39707,40231,41055,41559,42295,42927,43699,44295,45123,45631,46443,46991,47879,48383,49195,49731,50583,51235,52071,52567,53415,53931,54927,55415,56111,56371,57087,58163,58735,59199,59583,59915,60507,61475,62127,62535,63367,63807,64119,64503,64907]
resources/preprocessed/Interpolated/2020-07-02_11.17.39_Belly.csv:[58227,58795,59559,60731,61435,62327,63131,64171,64899,65759,66543,67435,68227,69115,69915,70879,71687,72855,73415,74587,75295,76219,77107,78059,78911,79807,80819,81871,82723,83715,84667,85631,86479,87135,87755,88419,88871,89151,90039,91043,91703,93211,94039,94283,95623,96163,96411,96751,98119,98851,99095,99479,100719,101631,101903,102531,102803,103415,103915,104379,104879,105371,105839,106371,107139,107703,108139]
resources/preprocessed/Interpolated/Andre_liegestuetzen3_13_10_2020_Chest.csv:[30998,31443,32333,33208,33898,34818,35568,36468,37213,38068,38728,39718,40373,41293,42013,43053,43683,44643,45373,46393,47203,48113,48968,50328,51198,52263,53263,54608,55598,57033,57923,58983,59263,59558,60708,62108,63368,64428,64823,65478]
resources/preprocessed/Interpolated/2020-07-02_11.17.39_Chest.csv:[58227,58963,59511,59827,60763,61439,62351,63123,64135,64903,65711,66551,67467,68215,69131,69891,70867,71743,72871,73491,74499,75311,76279,77095,78095,78931,80043,80799,81859,82687,83603,83903,84643,85707,86471,87191,87763,88407,88871,89175,89903,91019,91727,92139,93219,94307,95179,95603,96131,96459,96811,98095,98967,99215,99479,100699,101619,102275,103411,104035,104591,104843,105499,106419,106915,107167,107767,108139]
resources/preprocessed/Interpolated/Jan_liegestuetzen1_13_10_2020_Belly.csv:[84905,85650,86220,86780,87105,88330,90365,91985,94025,95810,96970,97985,99860,100785,102055,103855,104565,104840,105935,106290,106560,107590,108450,109825,111425,112455,113670,115425,116140,116485,117725,119505,120170,120500,121830,123375,124135,124755,125725,127310,128085,128425,129425,131045,131820,132415,133235,134890,135585,136055,137065,138580,139365,139750,140780,142330,143010,143635,144490,145590,146020,147175,148405,149825,150705,151645,152515,153980,154885,155275,156420,157910,158625,159205,159520,159860,160750,161575,162320,163195,163820,164165,165165,166215,166900,167340,167855,168480,169635,170370,170990,172095,173165,174035,174310,174575,175415,176010,176780,177710,178345,178995,179425,179720,180580,181370,182190,182805,183640]
resources/preprocessed/Interpolated/2020-07-02_11.17.39_LeftArm.csv:[58303,58595,58847,59419,59951,60455,60891,61427,62343,63171,64099,64871,65763,66483,67155,67491,68211,69291,69611,69871,70119,71015,71715,72839,73347,74331,75283,76243,76811,77079,77303,78059,78347,78755,79119,80203,80779,80999,81907,82679,83543,83811,84323,84663,85583,86227,87259,87667,88303,88799,89187,90131,91003,92075,93203,94295,95271,95595,96179,96787,97711,97915,98207,99367,100375,100879,101647,102083,103423,103923,104511,104923,105547,106047,106611,106891,107235,107747,108139]
resources/preprocessed/Interpolated/2020-07-02_14.59.59_Belly.csv:[74159,74427,74919,75695,76215,76447,77239,77739,77983,78619,79023,79547,79823,80851,81119,81347,81867,82079,83219,83539,83811,84443,85695,85903,86159,86683,87995,88291,88563,89127,89455,90651,91115,91687,92075,92447,93287,93531,93779,94339,95211,95895,96315,96731,97415,98055,98767,99143,99547,99815]
resources/preprocessed/Interpolated/Andre_Squats_13_10_2020_LeftArm.csv:[61151,61851,63051,63741,64241,66446,68226,68866,69931,71651,72896,74066,75186,76941,78331,79251,79991,82101,83301,84311,84946,86991,88296,88916,89416,90111,92141,93221,94016,94891,96921,97401,98531,99146,99641,100066,100831,102231,103421,104366,105046,107151,108331,109021,110191,112211,113201,114456,114911,116861,118001,118681,119196,119791,121481,122761,123306,123806,124306,124851,126161,126876,127756,128541,129271,129751,130081,130831,131571,131916,132496,133286,133981,134281,134826,135581,136376,136676,137181,137931,138676,139076,139646,140441,141151,141601,142116,142986,143606,144051,144641,145386,146141,146401,146951,147756,148446,148891,149271,149996,150856,151156,151671,152391,153211,153621,154171,154921,155636,156016,156331,157356,158141,158481,158991]
resources/preprocessed/Interpolated/2020-07-02_14.07.33_Chest.csv:[7005,7709,8409,8961,9633,10209,10849,11501,12217,12749,13569,14169,14861,15413,16169,16669,17429,18029,18729,19253,20009,20593,21429,22009,22841,23445,24193,24733,25541,26045,26885,27481,28313,28893,29805,30369,31197,31741,32677,33181,34085,34653,35561,36069,37085,37609,38553,39121,39673,40265,40757,41949,42457,43049,43385,44065]
resources/preprocessed/Interpolated/2020-07-02_11.17.39_RightArm.csv:[58235,58819,59495,59995,60815,61415,62363,63203,63719,64287,64843,65667,66447,67359,68151,69143,69919,71011,71679,72675,72883,73399,74479,75351,76203,77159,78091,78639,78959,79187,79987,80831,81759,82751,83643,83903,84323,84647,85079,85707,86443,87859,88311,88799,89971,90655,91003,91871,92803,93303,94131,94515,95279,95575,96799,97743,98059,98287,99163,99483,100403,101627,102371,102751,103403,104159,104551,104887,105267,105535,105767,106019,106771,107091,107739,108103]
resources/preprocessed/Interpolated/Andre_liegestuetzen3_13_10_2020_RightArm.csv:[30998,31348,32343,33218,33863,34788,35593,36378,37203,38013,38743,39553,40358,41268,41993,42928,43698,44648,45393,46443,47068,48113,48998,50318,51183,52273,53268,54678,55643,56823,57098,57953,58778,59078,59493,59808,60713,61428,61808,62288,62588,63468,64328,64973,65418]
resources/preprocessed/Interpolated/2020-07-02_12.50.00_LeftArm.csv:[16035,16291,16527,16791,17347,18215,18715,19343,19567,19927,20391,21159,22283,22799,23299,23599,24491,25139,25459,26555,27007,27263,27511,28523,28739,29063,29339,29571,30479,31083,31431,31723,32367,33043,33535,33759,34459,35111,35607,35935,36871,37375,37879,38839,39667,40031,40459,41147,41399,41879,42371,43271,43987,44243,44483,45591,46179,46655,47047,47815,48727,49227,49555,50483,51259,51487,51731,52063,52731,53119,53563,54131,54623,54959,55591,55807,56731,57031,57383,58051,58279,58959,59355,59655,59899,60631,61055,61347,61611,61847,62259,62623,62927]
resources/preprocessed/Interpolated/2020-07-02_14.20.28_Chest.csv:[62015,62347,62663,62971,63259,63763,64411,64931,65495,66051,66651,67183,67811,68279,68895,69399,70035,70531,71163,71667,72375,72891,73543,74043,74723,75259,75959,76507,77367,77939,78811,79391,80343,80931,82131,82699,83995]
resources/preprocessed/Interpolated/2020-07-02_14.07.33_RightArm.csv:[7017,7465,7965,8397,9001,9561,10225,10849,11509,12253,12761,13513,14137,14841,15425,16141,16757,17453,17961,18265,18685,19185,19973,20605,21405,21969,22829,23401,24213,24717,25565,26077,26865,27373,28333,28837,29845,30353,31249,31769,32673,33161,33765,34161,34681,35605,36101,37061,37609,38597,39113,40017,40733,41305,41521,41925,42425,42925,43689,44093]
resources/preprocessed/Interpolated/Lukas_liegestuetzen1_13_10_2020_RightArm.csv:[38140,38820,39635,40340,41250,42020,43200,43920,44760,45680,46610,47390,48160,49025,50020,50950,51770,52705,53770,54690,55640,56720,57455,58400,59385,60355,61245,62280,62910,64030,64860,65975,66820,67730,68535,69610,70620,71545,72370,73325,74010,75085,75715,75985,76735,77580,78540,79455,80435,81100,82620,83245,83655]
resources/preprocessed/Interpolated/2020-07-02_14.07.33_Belly.csv:[7005,7233,7693,8369,8977,9649,10229,10897,11529,12225,12733,13533,14109,14841,15385,16165,16689,17433,17965,18737,19273,20021,20589,21413,21925,22841,23381,24177,24693,25533,26041,26853,27417,28305,28869,29789,30329,31181,31701,32633,33133,33985,34577,35541,36089,37069,37569,38509,39105,39625,40189,40725,41225,41909,42417,42985,43357,43957]
resources/preprocessed/Interpolated/Andre_liegestuetzen1_13_10_2020_RightArm.csv:[17051,17451,18316,19186,20121,20971,22021,22656,23556,24376,25291,26056,26781,27631,28566,29411,30251,30961,31766,32641,33276,34246,34876,35726,36536,37446,38221,39086,39921,40626,41401,42406,43031,44051,44676,45761,46381,47416,48286,49296,49901,51021,51651,52936,53586,54881,55591,56871,57811,59096,60061,60866,62261,63086,64121,64446,64736,65721,66631,66996]
resources/preprocessed/Interpolated/2020-07-02_12.50.00_RightArm.csv:[16151,16419,16655,17315,17831,18695,19359,19859,20187,20559,21211,22359,23015,23307,23511,24599,25147,25455,26399,27415,28655,29455,30523,31419,31775,32383,33079,33327,33583,34559,35143,35371,35623,35903,36699,37743,37951,38183,38899,39547,40043,40415,41283,42295,43343,44019,44415,44667,45519,46451,46707,47031,47855,48115,48859,49267,49959,50315,50579,51267,51767,52803,53111,53635,54147,54659,55579,56387,56767,57051,58055,58295,58731,59807,60327,60639,61071,61307,61859,62119,62627,62947]
resources/preprocessed/Interpolated/Andre_Squats2_13_10_2020_Belly.csv:[47555,48260,49320,50060,50375,51575,52335,52710,53790,54555,54900,56185,56820,57205,57475,58460,59205,59550,59850,60885,61590,61955,62210,63260,63965,64290,65555,67615,69060,70290,72055,72945,73705,74245,74965,76375,77150,78355,79900,81815,82840,83315,84120,84735,85680,86850,88500,89405,90790,91145,91770,93025,94025,95625,96515,96830,97285,97630,98780,99980,101095,102765,104120,104695,105750,106995,107375,108245,109595,110965,111570,112890,114850,115670,116685,118215,118780,119840,122450,123305,123925,124740,125115,125510,127015,128190,128475,128795,130115,131550,132215,132660,133105,133450,134950,135985,136790,137570,139435,140620,141345,142320,143205,144370,145520,146450,147075,149285,150200,150455,151040,151405,151680,153680,154960,155545,156525,157300,157665,158440,159580,160245,160780,161130,161580,162030,162285,163250,164465,165120,165605,166260,166980,167270,168190,169320,169945,170365,170735,171540,172410,173350,174665,175330,176375,177020,178250,179545,180335,181285,182355,183030,184470,185125,185430,186310,188365,189415,190510,191275,191980,193070,194325,195330,196050,197055,198010,199405,200100,200875,201400,201735,202690,203885,204505,205400,206135,206455,207400,208955,209785,210205,210805,211180,212300,213495,213815]
resources/preprocessed/Interpolated/2020-07-02_12.50.00_Chest.csv:[16019,16335,16699,17379,17887,18199,18695,19327,19915,20227,20527,21179,22299,23023,23307,23567,24547,25347,26479,27367,28587,29403,30455,31431,32423,33119,33499,34495,35315,35683,35931,36691,37759,38887,39595,40059,40383,41215,42311,43275,44403,45519,46415,46731,47031,47879,48851,49283,50543,51659,52699,53099,53587,54207,54531,55515,55791,55995,57091,57835,58243,58575,59667,60631,61083,61291,61735,62043,62683,62995]
resources/preprocessed/Interpolated/2020-07-02_13.00.09_Chest.csv:[27123,27363,27779,28435,29431,30367,31379,32271,32987,34131,35103,36003,37147,38051,38887,39115,39991,41319,42047,42995,44123,44891,45367,45603,46527,47423,47791,48751,49459,49911,51147,52111,52595,53927,54951,56775,57527,57923,58127,58375,58955,59299,59663,60479,61247,61587,62067,62395]
resources/preprocessed/Interpolated/2020-07-02_13.00.09_RightArm.csv:[27047,27487,27851,28347,29599,30343,30919,31587,32191,32683,33315,33563,34119,34751,35379,36079,37003,37619,37939,38803,39339,39959,40603,41139,42035,43031,44235,44731,45295,45567,46615,47355,47843,48475,49599,49927,50815,51115,51463,51963,52335,52911,53519,53959,54243,54891,55231,55675,56107,56371,56987,57659,58023,58459,59043,59403,59779,60431,61015,61559,61911,62407]
resources/preprocessed/Interpolated/2020-07-02_15.13.22_Chest.csv:[23127,23687,24047,24687,25631,26463,27223,28355,29039,30235,31235,32435,33259,34587,35315,36359,36575,37427,38027,38663,39007,39591,41051,41903,42347,43351,43599,43831,44335,44783,45427,46063,46271,46959,47343,47987,48687,48959,49383,49895,50123,50907,51419,51807,52087,52591,52935,53647,53859,54395,54767,55299,55903,56187,56435,56943,57247,57735,58271,58623,59303,59715,60131,60571,60779,61459,62119,62507,63219,63483,63879,64391,64759,65283,65995]
resources/preprocessed/Interpolated/Andre_liegestuetzen1_13_10_2020_Belly.csv:[16996,17351,18331,19211,20061,21101,21831,22706,23466,24461,25211,26076,26806,27761,28576,29436,30146,31021,31676,32626,33291,34141,34951,35906,36566,37486,38231,39096,39731,40636,41451,42346,43021,44061,44736,45736,46441,47406,48141,49261,49901,50981,51656,52911,53571,54841,55581,56986,57726,59141,60036,60761,61086,62021,63076,63751,64026,64376,64836,65766,66491,66996]
resources/preprocessed/Interpolated/2020-07-02_15.31.36_Belly.csv:[72271,73355,73571,74163,74735,75143,75427,75719,76143,76595,77035,77491,77963,78979,79463,79975,80295,80499,81299,81859,82347,82663,83211,84431,84751,85435,85991,86391,86911,87915,88731,89763,90111,90987,92287,93171,94599,95331,96899,97399,97683,98187,99191,100115,101111,101575,102083,102387,102887,103171,103675,104051,104787,105995,106371,106735,107399,107963,108251,108763,109083,109343,109839,110711,111023,111467,111823,112079,112791,113499,113975]
resources/preprocessed/Interpolated/Jan_liegestuetzen2_13_10_2020_LeftArm.csv:[16996,17346,17796,18226,18851,19381,19966,20776,21491,22116,22776,23481,24106,24826,25421,26136,26721,27491,28116,28826,29531,30156,31016,31571,32461,33061,33796,34416,35321,35981,36796,37531,38621,39246,40166,40791,41476,42061,42686,43241,43536,43951,44576,45141,45696,46241,46866,47561,48196,48461,48736,49041,49426,49781,50051,50346,50961]
resources/preprocessed/Interpolated/2020-07-02_15.31.36_Chest.csv:[72271,72747,72983,73323,74327,74719,75375,75971,76307,76835,77135,77599,78115,78471,79047,79851,80347,81311,81947,82407,82735,83235,84279,84647,85379,86067,86367,86815,87939,88811,89731,89999,90239,91067,92279,93159,94167,94387,95439,96663,97663,98787,99231,100107,101071,101327,101539,102115,102503,102999,103619,103847,104963,106015,106403,106707,107451,108047,108303,108779,109131,109367,109859,110155,110787,110995,111519,111771,112119,112947,113451,113663,113975]
resources/preprocessed/Interpolated/Andre_Squats_13_10_2020_RightArm.csv:[61386,61841,63081,63701,64231,64576,66346,66636,68031,68631,69081,69796,70211,71631,73001,73796,75296,76931,78281,78986,79976,80446,82151,83321,84266,84881,87061,88371,89381,90006,91156,92051,93251,93996,94611,95746,97321,98506,98786,99361,100421,100741,102216,103536,104421,105196,107181,108371,109041,109391,110231,112111,113181,113686,114051,114446,114986,116831,117951,118526,118881,119256,119891,121521,122651,123336,123851,124271,124886,126131,126846,127176,127746,128491,129276,129761,130081,130786,131651,132036,132561,133331,133961,134306,134696,135581,136391,136721,137216,137971,138751,139096,139656,140426,141166,141576,142081,142941,143646,144046,144576,145306,145996,146421,146991,147741,148461,149081,149966,150851,151146,151591,152476,153191,153641,154206,154931,155641,155991,157256,158081,158476,158996]
resources/preprocessed/Interpolated/2020-07-02_14.14.32_Chest.csv:[32039,32567,32791,33183,33499,34019,34615,35143,35839,36391,37123,37687,38427,38963,39699,40251,41019,41599,42339,42967,43755,44347,45115,45683,46463,47071,47887,48475,49247,49819,50683,51219,52123,52631,53483,54067,54991,55507,56479,57159,58179,58759,60003,60559,61983,62631,63391,64499,64995]
resources/preprocessed/Interpolated/2020-07-02_15.31.36_LeftArm.csv:[72271,72587,72895,73107,73443,73683,74227,74731,74963,75511,76127,76627,76971,77283,77543,77955,78459,78747,78959,79795,80079,80575,81439,81939,82679,83179,83819,84207,84639,85103,85375,86247,86839,87919,88783,89707,89987,90295,91087,91835,92283,92895,93183,94171,94487,95267,95799,96347,96683,97179,97559,98787,99015,99227,99875,100963,101307,101599,102087,102495,103047,103623,104119,104615,105111,105983,106367,106667,107447,108039,108803,109179,110003,110771,111403,111691,112099,112899,113399,113875]
resources/preprocessed/Interpolated/2020-07-02_15.31.36_RightArm.csv:[72271,72559,72899,73407,73879,74111,74443,75071,75443,75775,76311,76627,76927,77491,77963,78251,78535,78915,79183,79711,80063,80515,81331,81843,82131,82443,82731,82991,83231,84163,84463,84699,85099,85391,86099,86839,87555,88095,88787,89675,90023,90319,90975,91879,92359,92863,93087,94079,94407,95107,95399,96851,97627,98807,99163,99663,100235,101079,101335,101543,102543,103035,103355,103855,105131,105887,106387,106819,107483,108131,108783,109167,109419,110251,110615,110979,111483,111763,112127,112895,113395,113779]
resources/preprocessed/Interpolated/Andre_Squats2_13_10_2020_Chest.csv:[47550,48375,49325,50065,50370,51660,52285,52730,53840,54535,54895,56115,56815,57200,57500,58510,59185,59560,59915,60895,61585,61940,62265,63285,63915,64300,65555,67600,69015,70350,72960,73645,74230,75025,76480,78320,79895,81825,83350,84100,84715,85615,86905,88535,90725,91005,91570,93005,93975,95635,96515,96940,97790,98760,100345,101060,102760,104050,104690,105780,106580,106895,107330,107975,108555,109595,110935,111780,112785,114055,114940,115610,116675,118160,118890,119890,122460,123325,123940,124625,125050,125515,127035,128175,128450,129680,130190,131565,132210,132655,133080,133435,134905,136080,136795,137575,139480,140625,141370,142335,144265,145485,146445,147090,149350,150550,151035,151410,151675,153645,154965,155780,156505,157350,157640,158445,159585,160250,160785,161135,161395,161790,163220,164475,165600,166270,166965,167285,168185,169395,170380,171530,173335,174660,175590,176370,177005,178395,179540,180330,181260,183035,184485,185435,186315,188350,189445,190525,191265,191955,193135,194505,195355,196055,198025,199400,200110,200870,201660,201915,202695,203885,204510,205425,206160,206435,207395,208940,209560,210185,210820,211185,212075,213570,213995]
resources/preprocessed/Interpolated/2020-07-02_14.07.33_LeftArm.csv:[7049,7465,7897,8429,8929,9613,10329,10957,11469,12157,12657,13561,14161,14809,15441,16165,16665,17409,17913,18129,18753,19317,20001,20505,21397,21909,22829,23441,24157,24661,25509,26017,26861,27365,28289,28921,29761,30337,31165,31661,32321,32609,33097,34029,34529,35493,36005,36713,37057,37553,38485,39085,40065,40797,41577,41869,42485,42885,43333,43617,44017]
resources/preprocessed/Interpolated/Andre_Squats2_13_10_2020_RightArm.csv:[47500,48380,49255,50100,50610,51655,52360,52715,53125,53785,54545,54890,56125,56820,57190,57765,58510,59155,59585,60190,60890,61700,61960,62475,63170,63950,64280,64540,65525,67115,67445,67775,69145,70290,70970,72100,72945,73830,74215,74875,76525,78240,79820,81790,82450,82805,83430,84245,84595,85225,85585,86935,88380,89295,89655,90725,91065,91585,92755,94005,95650,96425,96825,97540,97925,98535,99215,99600,100420,101075,102815,103440,103805,104295,104765,105425,106050,106405,107180,108090,108535,109165,110115,110635,111545,111835,112675,113775,114675,116500,116790,118180,118835,119835,120395,120670,122060,122605,123015,123610,123920,124695,125010,125615,126970,127535,127845,128195,128710,130075,131495,132420,133120,133445,134855,135990,136665,136950,137605,139335,140585,141530,142375,144200,145510,146425,147205,149025,150985,151600,152050,153710,155025,155855,156580,157260,157605,158470,159570,160080,160445,160740,161080,161415,161795,163205,164005,164460,164845,165320,165625,166315,167140,168210,169400,169965,170225,170740,170995,171375,172190,173315,174610,174930,175520,175900,176160,176775,177240,177885,178365,179500,180040,180500,180825,181320,181900,182225,183010,184430,185195,185590,186365,188085,189650,190665,191320,193180,194280,195690,196130,196770,198005,199490,200525,201020,201290,201855,202480,203015,203940,204510,205090,205455,206160,206495,207380,208140,209000,209840,210210,210835,211430,212055,213390,213870]
resources/preprocessed/Interpolated/Andre_liegestuetzen1_13_10_2020_LeftArm.csv:[17001,17416,18281,19151,19996,21091,21991,22746,23526,24496,25126,26166,26791,27756,28576,29296,30136,31001,31681,32601,33321,34181,34961,35781,36591,37561,38201,39096,39866,40771,41426,42326,43106,44066,44711,45851,46471,47546,48176,49256,49866,50976,51611,52956,53676,54931,55626,56906,57746,59211,60091,60946,61201,61571,62086,63101,63831,64111,64826,65686,66571,66896]
resources/preprocessed/Interpolated/2020-07-02_13.00.09_LeftArm.csv:[27087,27403,27763,28183,28631,29639,30291,30699,31503,31891,32295,32555,33123,33743,34255,35055,35987,36215,37215,37615,38339,38923,39651,40151,40371,41031,41311,42039,42255,43031,43827,44071,44387,44875,45171,45531,46491,47523,48471,48983,49239,50123,50799,51303,52515,53499,54163,54971,56123,56371,56879,57719,57939,58171,58935,59279,59691,60431,61031,61627,61867,62235]
resources/preprocessed/Interpolated/Andre_liegestuetzen3_13_10_2020_LeftArm.csv:[30998,31383,32313,33248,33888,34853,35658,36518,37153,38098,38763,39643,40363,41233,42018,43048,43673,44558,45353,46433,47158,48198,48928,49833,50398,51273,52328,53363,54768,55598,56248,56578,57078,57913,58533,59103,59493,59978,60753,61618,62578,63548,64283,64573,64953,65398]
resources/preprocessed/Interpolated/Lukas_liegestuetzen1_13_10_2020_LeftArm.csv:[38015,38660,39680,40200,41170,42070,43010,43950,44645,45690,46480,47415,48190,49095,49990,50925,51725,52795,53645,54705,55590,56560,57380,58355,59180,60335,61195,62170,62995,63875,64685,65920,66780,67770,68570,68830,69665,70645,71565,72400,73325,73960,75085,75710,76020,76775,77400,78555,79185,80365,81085,82115,82795,83420,83905]
resources/preprocessed/Interpolated/Andre_Squats2_13_10_2020_LeftArm.csv:[47500,48460,49340,50045,50390,51630,52310,52730,52985,53895,54520,54875,55340,56030,56840,57205,57725,58545,59170,59570,60155,60940,61580,61955,62300,63300,63925,64290,64830,65600,66525,66900,67570,69190,70660,71950,72245,72910,73555,74150,74875,76495,78250,79820,81730,82555,82865,83385,84130,84740,85795,86890,88390,89535,89895,90725,91410,92795,93915,95560,96455,96775,97590,98000,98405,99585,99905,100200,101105,102715,103400,103845,104135,104705,105740,106050,106365,106655,107030,108015,108500,109575,110165,110570,111350,111825,112750,113505,114110,115190,116950,118170,118985,119670,120305,120620,121970,122595,123455,123710,124755,125585,126930,127305,127600,128105,128725,129640,130310,131470,132200,132470,132775,133425,134855,136040,136615,136985,137640,139425,140570,141300,141760,142355,144155,145475,146430,146740,147190,147555,148990,149310,150940,151635,152045,153655,154885,155435,155705,156585,157555,158370,159545,159835,160430,160765,161595,162040,163180,164435,165050,165305,165725,166420,166985,167520,168215,169345,169700,170165,170825,171365,171635,173275,174715,175370,175860,176380,176835,177315,177970,179470,180095,180440,180775,181325,183135,184455,185185,185800,186300,187095,187985,188535,189355,190165,190580,190840,191265,191605,193085,194615,195615,196295,197955,199335,200135,200890,201800,202780,203895,204535,205155,205515,205860,206220,206490,207420,208125,208960,209840,210495,210830,211205,212105,213560,213995]
resources/preprocessed/Interpolated/Andre_Squats_13_10_2020_Belly.csv:[61151,61956,63061,63806,64236,64586,66436,67926,68536,68896,69961,71581,72856,74036,75016,76971,78301,78966,79921,80756,82051,83281,84156,84861,85521,87011,88351,89216,89891,92141,93411,94086,94961,95871,96356,97301,98521,99286,99971,100596,100866,101306,102271,103441,104306,105001,106241,107101,108341,109276,110071,111046,112041,113361,114116,114831,115891,116841,118041,118766,119106,119721,121631,122661,123786,124431,125181,126111,126766,127146,127431,128481,129166,129486,130876,131561,131931,132471,133266,133881,134276,135616,136316,136691,137101,138066,138696,139091,139436,140496,141171,141601,142091,143016,143651,144046,145391,146071,146406,146666,147781,148451,148941,150141,150796,151131,152581,153231,153566,153926,155001,155656,155986,156296,157401,158076,158476,158871]
resources/preprocessed/Interpolated/Andre_liegestuetzen2_13_10_2020_Chest.csv:[40041,40301,41111,42046,42866,43586,44486,45286,46001,46876,47791,48586,49401,50381,51136,52101,52756,53666,54556,55596,56281,57351,58076,59206,59951,61016,61731,62991,63726,65021,65651,67096,67791,69266,70066,71651,72591,74251,75396,76101,76396,77251,77541,78161,78841,79476,79986]
resources/preprocessed/Interpolated/Andre_liegestuetzen2_13_10_2020_LeftArm.csv:[40121,41291,42006,42791,43536,44486,45296,46001,46926,47841,48591,49391,50381,51116,52071,52746,53671,54536,55561,56191,57486,58211,59216,59951,60996,61791,63021,63886,64996,65626,65941,67121,67996,69381,70206,70926,71641,72761,73616,74341,75486,76086,76386,77276,77671,78836,79446,79871]
resources/preprocessed/Interpolated/Lukas_liegestuetzen3_13_10_2020_LeftArm.csv:[11126,11766,12491,13146,13456,14086,15031,15746,16176,16806,17541,17971,18791,19421,20271,20966,21606,22291,23156,23776,24741,25371,25936,26431,27051,27931,28691]
resources/preprocessed/Interpolated/Andre_liegestuetzen1_13_10_2020_Chest.csv:[16996,17431,18291,19306,20156,21031,21866,22696,23521,24446,25271,26136,26866,27811,28571,29411,30226,31001,31761,32611,33371,34206,34971,35906,36621,37561,38196,39091,39866,40631,41446,42411,43076,44041,44736,45756,46536,47446,48161,49241,49891,51006,51636,52916,53611,54831,55576,56986,57661,59201,60036,60946,61546,61981,63091,64121,64846,65716,66511,66876]
resources/preprocessed/Interpolated/Andre_liegestuetzen2_13_10_2020_RightArm.csv:[40136,41301,41971,42901,43586,44376,45181,45971,46886,47801,48666,49461,50386,51176,52026,52811,53731,54451,55581,56346,57226,58231,59071,60006,61081,61711,63051,63856,64631,64921,65731,67106,67846,69261,70266,70986,71361,71776,72616,73721,74466,75341,76141,76421,76761,77556,78181,78811,79496,79996]
resources/preprocessed/Interpolated/2020-07-02_12.50.00_Belly.csv:[16051,16363,17295,18223,18691,19351,20527,21175,22375,22951,23363,23587,24503,25339,26479,27363,28571,29451,30491,31495,32383,33491,34519,35335,35699,35919,36799,37751,38903,39747,40047,40363,41259,42307,43471,44415,45559,46471,46739,47015,47879,48807,49151,49451,50547,51671,52727,53103,53503,54547,54823,55427,55707,57099,57695,58167,58667,59011,59667,60559,60795,61087,61291,61903,62715,62995]
resources/preprocessed/Interpolated/Andre_liegestuetzen3_13_10_2020_Belly.csv:[30998,31333,32368,33143,33928,34738,35548,36503,37143,38088,38723,39753,40378,41303,41958,42978,43688,44668,45343,46463,47103,48138,48918,50348,51193,52283,53288,54618,55518,57043,57903,58543,59013,59273,59823,60698,61528,62358,63498,64183,64573,64918,65498]
resources/preprocessed/Interpolated/Andre_Squats_13_10_2020_Chest.csv:[61131,61926,63116,63806,64246,64586,66641,67926,68531,69031,69951,71581,72876,74036,75001,76966,78286,79171,79776,80606,82106,83306,84271,84876,86966,88366,89221,89966,90926,91181,92176,93396,94041,94926,95921,97386,98526,99281,99986,100611,101136,102356,103606,104361,105026,107236,108366,109291,110066,112126,113376,114221,114906,116836,118116,119061,119696,121556,122696,123641,124356,125141,126146,126786,127151,127586,128476,129196,129551,130856,131576,131986,132501,133291,133921,134296,135601,136321,136706,137111,138056,138691,139106,139396,140446,141171,141596,141911,143006,143646,144031,144316,145326,146031,146406,146666,147756,148466,148976,150126,150811,151131,151451,152511,153221,153626,153946,154961,155641,155986,156316,157371,158076,158486,158756]
resources/preprocessed/Interpolated/Jan_liegestuetzen1_13_10_2020_LeftArm.csv:[84925,85340,85640,86275,86870,88160,89350,89760,90225,90710,92000,94160,95780,96435,98060,99755,101380,101640,102175,102815,103640,105830,106220,107680,109750,111435,113710,115275,117705,119380,120805,121780,123375,124395,125230,125605,126445,127250,128460,129705,130865,133095,134690,136030,137030,138570,139555,140730,142260,143500,143870,144395,146055,147370,147900,148355,148740,149855,150800,151360,152510,153960,155295,155615,156505,157785,159265,159765,160740,162260,163345,163700,164075,164335,165065,166165,167015,167685,168505,169625,170625,171535,172140,173005,174735,175180,176010,176940,177590,177925,178810,179440,179875,180530,181605,182295,182790,183405,183765]
