resources/preprocessed/Interpolated-Revised/Jan_liegestuetzen1_13_10_2020_edited_RightArm.csv:[72001,73512,73762,74138,74408,74984,75689,76280,76936,77621,78277,78893,79518,80134,80694,81445,82066,82751,83377,84138,84768,85449,86070,86600,87291,87937,88387,89158,89778,90329,91050,91615,92316,92952,93582,94143,94854,95494,96130,96821,97711,98272,99208,99733,100900,101735,102676,103252,104603,105159,107106]
resources/preprocessed/Interpolated-Revised/Jan_liegestuetzen1_13_10_2020_edited_LeftArm.csv:[72001,73117,73562,74328,74959,75579,76270,76916,77596,78217,78908,79453,80069,80684,81305,82066,82766,83382,84123,84753,85439,86065,86600,87221,87967,88397,89033,89844,90474,91135,91605,92226,92786,93442,94158,95014,95649,96275,96961,97561,98412,99213,99768,100825,101690,102686,103152,104618,105119,106810,107341]
resources/preprocessed/Interpolated-Revised/Jan_liegestuetzen1_13_10_2020_edited_Chest.csv:[72001,73212,73828,74463,74974,75604,76305,76926,77616,78237,78993,79623,80144,80769,81515,82146,82776,83397,84223,84844,85459,86080,86720,87341,87887,88612,89263,89879,90504,91120,91675,92296,93027,93647,94353,94984,95684,96300,97081,97711,98592,99213,99803,100234,100855,101545,102096,102696,103267,104013,104603,105154,106260,106846,107401]
resources/preprocessed/Interpolated-Revised/Jan_liegestuetzen1_13_10_2020_edited_Belly.csv:[72001,72987,73838,74458,75009,75664,76290,76976,77641,78257,78873,79478,80204,80825,81540,82081,82801,83397,84238,84773,85474,86040,86760,87381,87957,88532,89218,89798,90409,91040,91650,92261,92952,93577,94363,94959,95594,96280,97076,97696,98207,98622,99228,99748,100479,100855,101770,102051,102686,103212,104593,105149,106520,106836,107426]
resources/preprocessed/Interpolated/Lukas_liegestuetzen3_13_10_2020_RightArm.csv:[10996,12436,13231,14081,14831,15451,16141,16761,17356,17951,18611,19241,19931,20706,21256,22161,22761,23511,24556,25196,25781,26991,27816]
resources/preprocessed/Interpolated/Lukas_liegestuetzen3_13_10_2020_Chest.csv:[10996,12301,13006,14116,14916,15606,16196,16821,17351,17976,18696,19326,20196,20821,21576,22196,22941,23571,24106,24561,25196,25781,26286,26926,27571]
resources/preprocessed/Interpolated/Lukas_liegestuetzen3_13_10_2020_Belly.csv:[10996,12251,12881,14146,14981,15681,16196,16821,17381,17996,18726,19381,20121,20811,21276,21566,22201,22671,22986,23561,24086,24601,25196,25681,26251,26911,27531]
resources/preprocessed/Interpolated/Lukas_liegestuetzen2_13_10_2020_RightArm.csv:[36000,37055,37575,38645,39355,40190,40855,41730,42425,43220,43855,44970,45870,46540,47410,48390,49285,50000,51000,51770,52440,53435,54255,54955,55715,56515,57255,58180,58835,59855,60745,61905,62570,64930,67920,70920,71655,72180]
resources/preprocessed/Interpolated/Lukas_liegestuetzen2_13_10_2020_LeftArm.csv:[36000,37215,37715,38635,39255,40025,40875,41770,42355,43260,43920,45015,45875,46785,47660,48355,49270,50055,51020,51755,52425,53320,54050,54915,55815,56500,57485,58190,59110,60065,60770,61775,62560,64465,65400,67740,70875,71505,72135]
resources/preprocessed/Interpolated/Lukas_liegestuetzen2_13_10_2020_Chest.csv:[36000,37075,37875,38605,39465,40165,40980,41680,42580,43210,43895,44395,44965,45925,46725,47365,47755,48420,49310,50085,51105,51770,52670,53455,54280,54915,55880,56585,57560,58220,58845,59185,59900,60525,61065,61830,62375,64280,64910,67500,68095,70490,71160,71415,72040]
resources/preprocessed/Interpolated/Lukas_liegestuetzen2_13_10_2020_Belly.csv:[36000,36455,37085,37885,38580,39470,40145,40970,41680,42600,43230,43930,44980,45605,46220,46700,47785,48485,49410,50110,51110,51785,52840,53460,53990,54270,54970,55820,56590,57220,58215,58845,59185,59875,60505,61150,61785,62425,64255,64970,67460,68015,70425,70980,71335,71960]
resources/preprocessed/Interpolated/Lukas_liegestuetzen1_13_10_2020_Chest.csv:[38000,39570,40205,40830,41960,42580,43870,44500,45580,46215,47270,48175,48810,49090,49730,50530,50930,51775,52500,53365,54330,55480,56305,57360,58050,58955,59895,60305,60940,61770,62950,63885,64670,65280,66610,67245,67745,68550,69250,69670,70535,71550,72180,73320,73960,74655,75050,75715,76415,76770,77420,77985,78520,79195,79870,80370,81080,81690]
resources/preprocessed/Interpolated/Lukas_liegestuetzen1_13_10_2020_Belly.csv:[38000,39490,40280,40895,42040,42670,43880,44500,45615,46340,47400,48120,49190,49915,50940,51795,52500,53450,54345,55375,56300,57365,58400,59230,59935,60580,61045,61785,62940,63475,64675,65315,66615,67305,68475,69265,70325,71530,72240,73355,73980,75065,75715,76380,76755,77465,78135,79200,79805,80625,81095,81745]
resources/preprocessed/Interpolated/Jan_liegestuetzen3_13_10_2020_RightArm.csv:[34000,36495,36840,37500,38360,38995,39745,40535,41345,41970,42695,43325,44180,44795,45325,46205,46885,47505,48515,49130,49680,50840,51555,52755,53440,54935]
resources/preprocessed/Interpolated/Jan_liegestuetzen3_13_10_2020_LeftArm.csv:[34000,36185,36700,37635,38090,39080,39895,40450,41055,41875,42690,43440,44145,44770,45345,46240,46905,47530,48120,49270,49860,50955,51645,53145,54875]
resources/preprocessed/Interpolated/Jan_liegestuetzen3_13_10_2020_Belly.csv:[34000,35660,36165,36970,37605,38435,38995,39865,40470,41255,41895,42725,43375,44175,44770,45505,46130,46930,47535,48515,49160,49990,50890,51990,52670,53535,54240,54630,55590]
resources/preprocessed/Interpolated/Jan_liegestuetzen2_13_10_2020_RightArm.csv:[16996,19316,19786,20661,21111,22021,22746,23391,23866,24661,25231,25856,26526,27221,27966,28716,29316,30201,30726,31606,32166,32996,33526,34366,35276,35896,36811,37436,38001,39131,39661,40931,41591,42666,43471,44471,45111,47196]
resources/preprocessed/Interpolated/2020-07-02_14.59.59_LeftArm.csv:[73999,75175,76043,77215,78291,79563,80487,82091,82975,84243,85343,86883,87723,89263,90423,91875,92675,94475,95895,96743,97255,98379]
resources/preprocessed/Interpolated/Andre_liegestuetzen2_13_10_2020_Belly.csv:[39996,41136,42006,42801,43611,44376,45201,46001,46911,47741,48616,49416,50286,51061,51966,52776,53706,54496,55461,56281,57286,58101,59151,59891,60546,61731,62376,63726,64656,65726,66371,67861,68541,70096,70736,72581,73461,75586]
resources/preprocessed/Interpolated/2020-07-02_14.59.59_Chest.csv:[73999,74947,76155,77199,78503,79471,80743,81819,82951,84303,85643,86639,87967,89171,90411,91671,93007,94243,95903,96747,97243,98791,99043,99415]
resources/preprocessed/Interpolated/2020-07-02_15.13.22_Belly.csv:[23003,25199,26435,26983,28043,29067,30191,31123,32095,33071,34203,35091,36371,37295,38615,39567,41019,41851,43391,44355,46099,46991,48471,49807,51223,52143,52575,54263,55847,58639,59147,62947]
resources/preprocessed/Interpolated/2020-07-02_15.13.22_RightArm.csv:[23003,25395,26179,26955,27731,28959,29583,31019,31867,32943,33851,35107,36007,37391,38323,39571,40695,41947,43207,44615,46295,46951,48763,49791,51503,52583,54335,56059,58935,60251]
resources/preprocessed/Interpolated/2020-07-02_14.20.28_RightArm.csv:[61995,63743,64367,64703,65287,65851,66363,66907,67491,68091,68607,69123,69731,70287,70883,71427,72059,72699,73251,73803,74459,75003,75863,76479,77079,77911,78575,79243,79755,81263,82607,83091]
resources/preprocessed/Interpolated/2020-07-02_14.20.28_Belly.csv:[61995,62659,63003,63275,63755,64427,64927,65483,65959,66607,67119,67767,68275,68891,69391,69987,70487,71131,71631,72331,72795,73391,73895,74587,75207,75963,76451,77331,77939,78755,79331,79735,80203,80895,81299,82067,82631,83123]
resources/preprocessed/Interpolated/2020-07-02_14.14.32_RightArm.csv:[32003,33963,34563,35063,35543,36403,36803,37651,38099,38923,39375,39923,40739,41535,42043,42763,43443,44243,44875,45691,46219,46947,47551,48347,48943,49795,50371,51215,51779,52623,53023,53943,54515,55499,56171,57051,57855,58659,59419,60543,61351,62711]
resources/preprocessed/Interpolated/2020-07-02_15.13.22_LeftArm.csv:[23003,25239,25511,26171,26995,27827,29191,29715,31079,31863,32955,33779,35407,36035,37447,38335,39711,42179,43511,44359,45587,47391,49507,49775,51163,52715,53475,60083,60639,63291,65435]
resources/preprocessed/Interpolated/2020-07-02_14.14.32_Belly.csv:[32003,33227,33499,33987,34627,35127,35831,36399,37115,37663,38379,38927,39655,40167,41007,41519,42275,42835,43743,44267,45095,45671,46459,46971,47823,48431,49215,49751,50651,51187,52039,52623,53475,54027,54827,55447,55935,56447,56955,57975,58675,59163,59807,60567,60915,62035,62475,63055,64479,64919]
resources/preprocessed/Interpolated/2020-07-02_14.59.59_RightArm.csv:[73999,75163,76027,77243,78615,79447,80751,82163,82847,84587,85503,86919,88331,88683,89195,90575,91947,92835,94491,95835,97387,98827]
resources/preprocessed/Interpolated/Jan_liegestuetzen3_13_10_2020_Chest.csv:[34000,36180,36930,37635,38470,39100,39860,40490,41255,41885,42750,43470,44145,44770,45580,46205,46895,47540,48190,48515,49150,49815,50350,50980,51570,52055,52685,53315,54250,54665,55290]
resources/preprocessed/Interpolated/2020-07-02_14.20.28_LeftArm.csv:[61995,63871,64403,64903,65235,65775,66631,68079,68599,69143,69723,70263,70867,71395,72047,72647,73231,73787,74419,74975,75663,76479,77047,77883,78527,79331,79767,80799,81403,82639,83107]
resources/preprocessed/Interpolated/2020-07-02_13.00.09_Belly.csv:[26999,28255,29415,30375,31183,32259,32875,33915,34739,35811,36583,37711,38851,39767,40631,41859,42691,43947,44771,46659,47279,48587,49335,51159,51783,53679,54731,56791,57487]
resources/preprocessed/Interpolated/2020-07-02_14.14.32_LeftArm.csv:[32003,34523,35071,35555,36367,36807,37603,38087,38907,39375,40231,40723,41271,41559,42023,42847,43427,44203,44839,45631,46179,47019,47527,48339,48903,49731,50331,51111,51743,52567,53143,53683,53971,54411,55415,56111,57087,57795,58707,59419,60611,61559,62535,63923,64907]
resources/preprocessed/Interpolated/2020-07-02_11.17.39_Belly.csv:[58227,58795,59307,59559,60115,60731,61435,62303,62971,64035,64819,65511,66487,67107,68191,69115,69915,70523,71687,72283,73415,73979,75279,75975,77107,77543,78787,79807,80819,81343,82723,83275,84455,85195,86479,87003,88419,89687,90759,91523,93211,93823,95623,96163,98119,98771,100719,101359,108075]
resources/preprocessed/Interpolated/Andre_liegestuetzen3_13_10_2020_Chest.csv:[30998,32268,33118,33848,34688,35568,36333,37103,37883,38728,39548,40373,41103,41948,42753,43603,44488,45303,46298,47123,48023,48898,49583,51148,51818,52463,52888,53933,55438,56238,57758,58443,60708,61668,63428]
resources/preprocessed/Interpolated/2020-07-02_11.17.39_Chest.csv:[58227,58515,59591,60007,60459,61439,61971,62351,62971,63759,64627,65139,65711,66431,66803,67079,68015,68799,69891,70187,70867,71671,72203,73455,74099,75239,76167,77095,77411,78195,78931,79243,79839,80591,81371,82687,83211,84427,85251,86471,86995,88407,89795,90759,91275,91563,93219,93791,95327,96391,98095,98751,100499,101283,103411,103915,107167,107767]
resources/preprocessed/Interpolated/2020-07-02_11.17.39_LeftArm.csv:[58227,59419,59951,60491,61459,61995,62983,63495,64027,64563,65659,66231,67043,67943,69031,69871,71015,71423,72511,73195,73715,74267,75023,75975,76811,79947,80511,81667,82679,83543,84619,85511,86227,87039,88799,89899,91003,91799,92991,94347,95191,96971,100375,101647,103355,103859]
resources/preprocessed/Interpolated/2020-07-02_14.59.59_Belly.csv:[73999,74919,76215,77239,78619,79547,80763,81867,83219,84315,85635,86683,87995,89063,90727,91687,93143,94339,96315,96731,97263,99143]
resources/preprocessed/Interpolated/Andre_Squats_13_10_2020_LeftArm.csv:[60996,62971,63721,65411,66161,67161,71586,72761,73576,74691,76371,77961,79026,80156,81926,83121,86351,88171,91476,93131,93881,97001,98361,99146,102066,102926,106361,107361,108131,108916,110341,111731,112901,116001,116751,117546,121071,122071,122641,125961,126701,127126,128416,129076,130741,131366,133116,133746,135516,136206,136676,137931,138676,139076,140356,141041,141576,142826,143606,144051,145286,145916,146401,147546,148286,149921,150626,152391,153016,154876,155501,156016,157271,157886]
resources/preprocessed/Interpolated/2020-07-02_14.07.33_Chest.csv:[7005,8409,8921,9633,10209,10849,11501,12217,12749,13437,14109,14837,15369,16169,16669,17357,17957,18729,19253,20009,20593,21361,21937,22777,23417,24125,24705,25541,26045,26885,27409,28313,28821,29805,30369,31197,31717,32677,33181,34013,34589,35101,35561,36069,36609,37009,37609,38553,39121,39629,40193,40693,41193,41917,42457,42965,43993]
resources/preprocessed/Interpolated/2020-07-02_11.17.39_RightArm.csv:[58227,59843,61211,62363,62915,63719,64843,65667,66227,67047,67931,69067,69611,70831,71423,72507,73187,73727,74479,75031,76171,76815,77719,78959,79699,80495,81659,82427,83411,84323,85707,86235,87143,88311,88799,90919,91871,92803,94179,95427,96363,98287,100307,100911,103403,103939]
resources/preprocessed/Interpolated/Andre_liegestuetzen3_13_10_2020_RightArm.csv:[30998,32263,33028,33783,34688,35423,36243,37153,37853,38653,39553,40198,41088,41993,42628,43758,44418,45273,45888,46993,47908,49038,49818,51333,52053,53333,53968,55578,56498,58018,61273]
resources/preprocessed/Interpolated/2020-07-02_12.50.00_LeftArm.csv:[16003,21159,22283,22799,24547,24975,26399,27007,28595,29063,30735,32447,33255,34575,35111,36971,39127,41399,42059,43439,44243,45643,46559]
resources/preprocessed/Interpolated/2020-07-02_14.20.28_Chest.csv:[61995,63259,63763,64411,64931,65495,66003,66651,67123,67707,68279,68895,69399,70003,70531,71015,71667,72375,72867,73379,73883,74723,75223,75887,76483,77203,77939,78767,79355,79867,80199,80907,81547,82071,82699,83143]
resources/preprocessed/Interpolated/2020-07-02_14.07.33_RightArm.csv:[7005,10061,10765,11509,12057,12761,13293,14013,14573,15373,16073,16649,17157,17961,18685,19185,19781,20477,21113,21841,22533,23345,23897,24717,25245,26077,26597,27409,28033,28881,29493,30289,30913,31769,32517,33161,34321,34633,35321,36101,36821,37565,38005,39037,39661,40733,41209,42425,42925]
resources/preprocessed/Interpolated/Lukas_liegestuetzen1_13_10_2020_RightArm.csv:[38000,39635,40175,40970,42085,42935,43845,44470,45635,46230,47275,48090,48965,50020,50815,51590,52705,53655,54635,55450,56265,57520,58045,59215,60220,60935,62070,62910,63845,64660,65515,66600,67645,68695,69365,70535,71545,72170,73260,73950,74720,75680,76690,77370,78085,79190,80190,81100,81960]
resources/preprocessed/Interpolated/2020-07-02_14.07.33_Belly.csv:[7005,8369,8941,9649,10153,10897,11521,12225,12733,13533,14109,14841,15385,16165,16689,17433,17965,18737,19273,20021,20529,21385,21925,22841,23381,24177,24693,25533,26041,26853,27417,28305,28869,29789,30329,31181,31701,32545,33133,33985,34577,35033,35541,36089,36989,37505,38069,38509,39105,39569,40189,40725,41161,41841,42417,42921,43957]
resources/preprocessed/Interpolated/Andre_liegestuetzen1_13_10_2020_RightArm.csv:[16996,18316,19051,19956,20611,21716,22381,23291,24201,25006,25886,26681,27416,28346,29136,29936,30676,31591,32276,33221,33856,34771,35556,36376,37161,38106,38756,39726,40376,41251,42026,43031,43661,44676,45401,46381,47156,48036,48911,49826,50621,51651,52611,53586,54311,55521,56421,57636,58731,60231]
resources/preprocessed/Interpolated/2020-07-02_12.50.00_RightArm.csv:[16003,20955,22011,22811,24363,24987,26355,27027,28475,29103,30487,31367,32215,33079,34631,35283,36739,37399,38899,39603,41335,42147,43451,45735]
resources/preprocessed/Interpolated/Andre_Squats2_13_10_2020_Belly.csv:[47500,49320,49945,51575,52160,53790,54555,56035,56820,58460,59205,60885,61525,63260,63910,65315,66315,67630,68890,69945,72240,74010,76020,77280,79540,80805,83065,86835,88095,89875,93980,94985,95535,96290,101360,102405,103390,105665,109245,110890,112665,116195,117715,119765,121905,123555,124390,126225,127225,128430,129345,131000,134130,134760,135825,136580,137570,138210,139330,140500,141145,142230,142845,144100,144705,145205,146480,147920,148995,149880,152920,153720,154845,155640,157070,158420,159110,159610,160110,163065,163965,165790,166490,166910,168130,168860,169500,173180,174255,177730,179060,182345,182985,184160,187470,189280,190310,192655,194020,197240,198635,202140,203875,204505,205335,205850,207075,208110,208785,209670,210170,210795,212030,213065]
resources/preprocessed/Interpolated/2020-07-02_12.50.00_Chest.csv:[16003,18095,19223,19731,21087,21755,22891,23947,25035,26011,27071,27979,29123,30015,31147,32107,33119,34087,35207,36443,37419,38343,39595,41067,41987,42883,44067,45403,46239,47527,48791,50287,51323,52763,54275,55419,57091,57359,59707,60271,62683]
resources/preprocessed/Interpolated/2020-07-02_13.00.09_Chest.csv:[26999,28283,29275,30367,31179,32271,32779,33831,34751,36003,36315,36883,37707,38887,39991,40247,40783,42047,42663,44123,44751,46527,47135,48567,49459,50871,51907,53583,54747,56775,57467]
resources/preprocessed/Interpolated/2020-07-02_13.00.09_RightArm.csv:[26999,28271,29599,30059,31139,31995,32683,33563,35703,36859,37939,38803,39959,42035,48475,48967]
resources/preprocessed/Interpolated/2020-07-02_15.13.22_Chest.csv:[23003,25195,26403,27023,28019,28875,29811,30839,31923,32871,34163,35099,36359,37279,38499,39591,40867,41731,43175,44335,46271,46959,48483,49803,51147,52591,53899,55903,57635,59147,61707,63031]
resources/preprocessed/Interpolated/Andre_liegestuetzen1_13_10_2020_Belly.csv:[16996,18331,19066,20061,21011,21831,22706,23466,24406,25211,26076,26806,27761,28496,29341,30146,30936,31676,32626,33291,34141,34886,35791,36566,37486,38231,39096,39731,40636,41451,42346,43021,43971,44736,45686,46441,47216,48141,49141,49901,50981,51656,52571,53571,54246,55581,56221,57726,58391,60036,61041,63076,63931,66441]
resources/preprocessed/Interpolated/2020-07-02_15.31.36_Belly.csv:[72271,88731,89763,90751,91511,92899,94195,95107,96383,97299,98659,99695,100895,101971,103675,104571,105995,107235,108131,109083,109839,111023,112671,113499]
resources/preprocessed/Interpolated/Jan_liegestuetzen2_13_10_2020_LeftArm.csv:[16996,19706,20596,21406,21981,22681,23326,24106,24701,25186,25981,26526,27351,27951,28736,29331,30156,30696,31606,32346,32986,33531,34416,34911,35866,36471,37431,38001,39166,39856,40751,41401,42596,43391,44491,45291,47101]
resources/preprocessed/Interpolated/2020-07-02_15.31.36_Chest.csv:[72271,88539,89731,90731,92043,92795,94167,95123,96191,97359,98707,99731,101071,102115,103619,104555,106015,107319,108779,109859,111375,112655,113451]
resources/preprocessed/Interpolated/Andre_Squats_13_10_2020_RightArm.csv:[60996,62936,63631,65461,66461,67241,71406,72421,72911,73606,74961,76471,77781,79101,81496,83011,86491,88061,91501,93001,94131,97176,97956,101971,103061,106411,107161,108021,109021,111701,112821,116266,117556,121141,122176,122721,125966,126756,127451,128406,129056,130786,131501,133176,133871,135541,136246,136661,137886,138686,140376,141076,142906,143576,145306,145841,146671,147636,148306,149966,150591,152361,153046,154871,155501,157256,158081]
resources/preprocessed/Interpolated/2020-07-02_14.14.32_Chest.csv:[32003,33499,33995,34583,35143,35811,36391,37123,37687,38395,38963,39663,40167,40943,41523,42339,42895,43755,44319,45115,45683,46463,47071,47887,48399,49247,49819,50639,51219,52095,52631,53483,54035,54991,55507,56479,57111,58179,58759,59287,60003,60559,61067,62575,63075,64995]
resources/preprocessed/Interpolated/2020-07-02_15.31.36_LeftArm.csv:[72271,89895,90843,91755,93055,93887,94755,95155,96279,96683,98615,99903,100855,102043,103331,105471,107195,108039,110071,111487,112783,113607]
resources/preprocessed/Interpolated/2020-07-02_15.31.36_RightArm.csv:[72271,90975,91579,93035,93935,95107,96611,97287,98455,100235,102051,103535,105027,105795,106295,107243,108595,110023,111691,112807,113299,113679]
resources/preprocessed/Interpolated/Andre_Squats2_13_10_2020_Chest.csv:[47500,49290,50010,51555,52285,53840,54475,56080,56815,57200,58510,59185,60895,61530,63240,63915,65315,66165,67570,68830,69885,72185,73715,75990,77250,79535,80805,82825,85600,86610,87865,89770,93900,95200,96215,101295,102355,102860,103370,105460,108990,110745,112515,115040,116300,117565,119680,121430,122010,123270,124395,126230,127035,128175,129310,131105,134765,135830,136685,137575,138500,139305,140625,141360,142225,143000,143775,144105,144750,145220,146475,148005,148710,149845,152905,153475,154475,154840,155655,157075,158385,159125,159625,160200,163050,163970,165805,166495,166925,168235,168865,169495,172555,173445,174110,174640,175390,177670,179395,180450,182305,182890,184110,187235,189435,190230,192325,193130,194025,197030,198030,198610,201905,202410,203410,203885,204500,205365,205855,207060,208165,208695,209680,210180,210800,212005,212650,213340]
resources/preprocessed/Interpolated/2020-07-02_14.07.33_LeftArm.csv:[7005,9085,9477,10117,10801,11469,12157,12453,12725,13029,14081,14581,15097,15361,16085,16665,17145,17705,18753,19153,19725,20261,20537,21093,21909,22513,23329,23893,24429,24745,25237,25777,26577,27125,27401,28009,28813,29469,30289,30905,31701,32321,33137,33501,34529,35105,36005,36713,37553,37921,39025,39613,40737,41577,42381,42885]
resources/preprocessed/Interpolated/Andre_Squats2_13_10_2020_RightArm.csv:[47500,49190,49885,51510,52200,53785,54305,56045,56675,57475,58415,59045,60765,61445,63095,63800,65315,66195,70325,72185,73570,76170,77425,79270,80805,82625,84275,86845,87920,90310,92825,93835,95170,96305,97565,102390,103475,105645,108920,112465,116250,118360,119630,121765,124385,126240,129400,130935,134475,135500,135750,136610,138275,139335,140140,140565,141300,144020,145015,146420,148265,148765,149780,151335,153320,154320,154965,155485,157650,158400,159210,159995,162855,163965,167945,168880,173225,173940,177735,179135,182750,184100,187695,189145,192670,193800,197645,198690,199440,200295,202355,203890,204480,205280,206060,207090,208130,209195,210200,210785,211995,212605,213610]
resources/preprocessed/Interpolated/Andre_liegestuetzen1_13_10_2020_LeftArm.csv:[16996,18126,18946,19836,20726,21641,22376,23386,24051,24966,25876,26711,27381,28456,29216,29926,30646,31401,32241,33246,34001,34641,35636,36591,37186,38096,38971,39721,40351,41291,42101,42976,43826,44616,45506,46356,47376,48076,49041,49866,50781,51611,52561,53516,54301,55561,56611,57591,59146,60011]
resources/preprocessed/Interpolated/2020-07-02_13.00.09_LeftArm.csv:[26999,28447,30039,31347,32143,33059,33743,36175,37023,37615,38299,38923,39803,41263,42131,43287,48471,48983,50015,52515,53387]
resources/preprocessed/Interpolated/Andre_liegestuetzen3_13_10_2020_LeftArm.csv:[30998,32313,32988,33623,34538,35493,36203,37088,37873,38588,39463,40273,41063,41968,42473,43473,44233,45403,46118,46988,47988,48893,49833,51338,52478,53363,54583,55398,56518,58028,61218]
resources/preprocessed/Interpolated/Lukas_liegestuetzen1_13_10_2020_LeftArm.csv:[38000,40200,41095,41940,42725,43775,44685,45545,46400,47270,47985,49240,49990,50695,51840,52725,53645,54525,55590,56510,57510,58180,59290,60410,61195,61800,62875,63875,64610,65530,66815,67705,68505,69565,70525,71565,72210,73325,73960,74925,75710,76775,77400,78245,79185,80365,81000]
resources/preprocessed/Interpolated/Andre_Squats2_13_10_2020_LeftArm.csv:[47500,49220,49885,51460,52145,53725,54350,56030,56690,58465,59170,60790,61415,63060,63865,65315,66195,69035,70095,71860,73465,76255,77265,79345,80865,82470,84290,86820,88120,89670,93975,95230,96305,102640,103270,105900,109135,112655,116425,118250,119770,121920,124635,126250,129350,130935,134745,135380,135760,136430,138100,139265,140570,141290,142545,143695,144035,145050,146115,148310,149070,149945,153125,153715,154460,157720,158350,159195,159950,162765,163265,163960,165925,166570,167965,168915,173155,174170,177960,179200,182930,183965,187120,189275,190145,191585,192900,194110,197470,198790,201610,202625,203895,204525,207165,208115,208800,209655,210395,211125,212015,212950]
resources/preprocessed/Interpolated/Andre_Squats_13_10_2020_Belly.csv:[60996,62996,63701,65161,66261,67171,70781,72866,73456,74851,76386,78171,79186,80776,83251,84461,85841,88191,89026,91231,93241,96176,98411,99471,101546,103091,105901,107221,108251,109266,110996,112246,113121,114121,115991,116811,117546,117901,118916,121071,122381,125361,126081,126766,128391,129001,130506,131511,133266,133881,135521,136241,137851,138696,139091,139976,140341,141126,141601,142501,142826,143651,145321,145816,147601,148286,149646,149951,150621,152361,152946,154866,155656,157241,158076]
resources/preprocessed/Interpolated/Andre_Squats_13_10_2020_Chest.csv:[60996,63036,63806,65136,65961,67211,67961,70486,72836,73526,74526,76636,78036,79036,79906,80551,82166,83166,84166,85606,88186,89186,90876,92126,93126,95791,97546,98376,99376,100951,102096,103276,104451,105956,107206,108176,109231,110846,112096,113176,114176,115731,116746,117551,118056,118811,120786,121286,122566,123331,124521,125996,126786,128461,129001,130786,131491,131986,133291,133921,135601,136251,137976,138691,139106,140386,141171,141596,142896,143646,145326,145961,146406,147686,148416,149926,150656,152436,153146,154891,155641,155986,157296,158076]
resources/preprocessed/Interpolated/Andre_liegestuetzen2_13_10_2020_Chest.csv:[39996,41111,41916,42791,43521,44326,45161,46001,46796,47711,48516,49401,50151,51031,51846,52756,53561,54191,54476,55361,56241,57256,58076,58901,59876,60501,61081,61561,62421,63726,64641,65651,66436,67791,68896,70066,70696,72591,73456,75326,76216,79251]
resources/preprocessed/Interpolated/Andre_liegestuetzen2_13_10_2020_LeftArm.csv:[39996,41091,41756,42696,43451,44081,45146,45781,46641,47476,48506,49221,50161,50951,51836,52596,53491,54466,55236,56191,57166,58111,58686,59851,60996,61631,62611,63576,64561,65626,66721,67766,68761,70146,71196,72871]
resources/preprocessed/Interpolated/Lukas_liegestuetzen3_13_10_2020_LeftArm.csv:[10996,12556,14146,14811,15446,16176,16806,17286,18161,18681,19251,19981,20906,21231,22116,22941,23551,24266,25371,26026,26911,27796]
resources/preprocessed/Interpolated/Andre_liegestuetzen1_13_10_2020_Chest.csv:[16996,18226,19151,19811,20896,21791,22696,23456,24386,25146,25961,26806,27636,28171,28451,29231,30146,30941,31656,32611,33281,34011,34841,35801,36536,37391,38111,39091,39726,40546,41446,42151,43076,43891,44681,45646,46391,47191,47826,48161,48946,49891,50701,51636,52611,53581,54181,55166,55576,56311,57661,58361,59956,61096,63251,65716]
resources/preprocessed/Interpolated/Andre_liegestuetzen2_13_10_2020_RightArm.csv:[39996,41301,41646,42691,43506,44261,45111,45736,46801,47631,48556,49201,50046,50931,51711,52591,53501,54371,55346,56216,56841,58071,58656,60006,60726,61816,62381,63671,64541,65821,66561,68021,68636,70266,71031,72776,75806]
resources/preprocessed/Interpolated/2020-07-02_12.50.00_Belly.csv:[16003,18223,19199,19859,20407,21175,21739,22883,24023,25051,26031,27115,28115,29163,30431,31179,32075,33143,34079,35219,36511,37447,38439,39603,40883,41959,42895,44079,45223,46275,47519,48807,50243,51339,52515,54547,55427,57099,57643,60307,62915]
resources/preprocessed/Interpolated/Andre_liegestuetzen3_13_10_2020_Belly.csv:[30998,32298,33143,33928,34738,35548,36423,37143,38033,38723,39578,40378,41303,41958,42868,43618,44668,45343,46393,47103,48043,48918,50168,51193,51843,52933,54523,55518,56328,57788,58428,61438,63648]
resources/preprocessed/Interpolated/Jan_liegestuetzen2_13_10_2020_Belly.csv:[16996,19211,20051,20756,21366,21996,22796,23421,24066,24696,25406,26011,26731,27396,28126,28741,29561,30181,30946,31516,32311,32931,33741,34421,34941,35321,35876,36826,37451,38471,39081,40151,40766,41601,41956,42581,43831,44466,46106,46751]
resources/preprocessed/Interpolated/Jan_liegestuetzen2_13_10_2020_Chest.csv:[16996,19326,19971,20601,21341,21966,22671,23326,24071,24681,25401,26081,26766,27391,28151,28781,29546,30176,30901,31601,32311,32936,33756,34371,34931,35256,35886,36506,36826,37451,38091,38506,39171,39701,40141,40771,41401,41956,42591,43256,43886,44496,45096,46851,47571]
