resources/preprocessed/Interpolated/Lukas_liegestuetzen3_13_10_2020_RightArm.csv:[12381,14126,16911,20911,22356,23761,25236,26991]
resources/preprocessed/Interpolated/Lukas_liegestuetzen3_13_10_2020_Chest.csv:[12301,14116,16821,19431,20851,22256,23731,25261,26986]
resources/preprocessed/Interpolated/Lukas_liegestuetzen3_13_10_2020_Belly.csv:[12416,14146,16821,19481,20811,22261,23641,25211,26911]
resources/preprocessed/Interpolated/Lukas_liegestuetzen2_13_10_2020_RightArm.csv:[37055,38790,40225,41760,43275,45035,46805,48520,50210,51895,53435,55065,56615,58345,60000,61830,64435,67530,71845]
resources/preprocessed/Interpolated/Lukas_liegestuetzen2_13_10_2020_LeftArm.csv:[37155,38600,40260,41835,43320,45060,46745,48420,50110,51755,53605,55050,56585,58295,60065,61855,64495,67535,71800]
resources/preprocessed/Interpolated/Lukas_liegestuetzen2_13_10_2020_Chest.csv:[37075,38755,40285,41805,43270,45080,46760,48420,50210,51770,53455,55060,56585,58220,60000,61830,64280,67540,70490,71875]
resources/preprocessed/Interpolated/Lukas_liegestuetzen2_13_10_2020_Belly.csv:[37145,38745,40245,41840,43310,45175,46700,48485,50200,51785,53460,55080,56590,58215,59875,61785,64330,67530,71785]
resources/preprocessed/Interpolated/Lukas_liegestuetzen1_13_10_2020_Belly.csv:[39590,41185,43040,44795,46465,48260,49995,51865,53665,55585,57365,59230,61215,63020,64675,66675,68575,70550,72240,73980,75715,77500,79200,81095,83300]
resources/preprocessed/Interpolated/Jan_liegestuetzen3_13_10_2020_RightArm.csv:[36260,37685,39215,40590,42005,43465,44880,47610,49240,50840,52655,54750]
resources/preprocessed/Interpolated/Jan_liegestuetzen3_13_10_2020_LeftArm.csv:[36185,37635,39240,40585,42030,43440,44885,46275,47685,49270,51030,52790,54810]
resources/preprocessed/Interpolated/Jan_liegestuetzen3_13_10_2020_Belly.csv:[36240,37710,39115,40545,43375,44835,46130,47610,49160,50960,52670,54700]
resources/preprocessed/Interpolated/Jan_liegestuetzen2_13_10_2020_RightArm.csv:[19381,20736,22101,26126,28866,30201,31621,32996,34366,35961,37436,39216,40851,42581,44506,46901]
resources/preprocessed/Interpolated/Jan_liegestuetzen2_13_10_2020_Chest.csv:[19326,20781,22116,23476,24826,28891,30176,31601,33006,34421,35981,37451,39216,40771,42591,44516,46901]
resources/preprocessed/Interpolated/Jan_liegestuetzen2_13_10_2020_Belly.csv:[19286,20756,22141,24761,27396,28821,30181,31581,32996,34421,35946,37471,39081,40766,42581,44521,46826]
resources/preprocessed/Interpolated/2020-07-02_14.59.59_LeftArm.csv:[74999,77771,79835,81915,84515,86703,89503,91991,94571,97543]
resources/preprocessed/Interpolated/Andre_liegestuetzen2_13_10_2020_Belly.csv:[41136,42801,44376,46001,47741,49416,51061,52776,54496,56281,58101,59891,61731,63726,65726,67861,70096,72591,75391]
resources/preprocessed/Interpolated/Jan_liegestuetzen1_13_10_2020_RightArm.csv:[85545,91945,95875,99910,103695,107665,111395,115435,119375,123420,127290,131080,134785,138595,142270,146160,149940,154010,158075,166210,169690]
resources/preprocessed/Interpolated/2020-07-02_14.59.59_Chest.csv:[75651,77199,79527,81903,84435,86727,89171,92071,94751,97307,99291]
resources/preprocessed/Interpolated/2020-07-02_15.13.22_Belly.csv:[23751,25767,27195,29111,31123,33167,35295,37455,39567,42239,44355,46991,49807,52663,56359,59171,63039]
resources/preprocessed/Interpolated/2020-07-02_15.13.22_RightArm.csv:[25615,27199,29055,31127,33151,35267,37651,39867,42267,44403,47067,49895,53219,56355,59919,63855]
resources/preprocessed/Interpolated/Lukas_liegestuetzen1_13_10_2020_Chest.csv:[39650,41355,43100,44750,46545,48175,50020,51775,53660,55635,57445,59215,61205,62990,64670,66610,68550,70620,72380,73960,75715,77420,79195,81080,83275]
resources/preprocessed/Interpolated/Jan_liegestuetzen1_13_10_2020_Chest.csv:[85650,88225,91940,95795,99770,103745,107515,111415,115365,119350,123345,127280,130920,134645,138480,142215,146015,149885,153900,157815,162220,166165,169615,173065,176900,181410]
resources/preprocessed/Interpolated/2020-07-02_14.20.28_RightArm.csv:[62455,63795,64951,65995,70343,71667,72847,74019,76479,77911,79395,80923,82679]
resources/preprocessed/Interpolated/2020-07-02_14.20.28_Belly.csv:[62343,63755,64927,68275,69391,70487,71631,72883,75207,76451,77939,79331,80895,82631]
resources/preprocessed/Interpolated/2020-07-02_14.14.32_RightArm.csv:[32435,33991,35175,36403,37651,38923,40171,41535,42955,44243,45751,47015,48443,49795,51215,52623,54015,55499,57051,58731,60543,62619,64955]
resources/preprocessed/Interpolated/2020-07-02_15.13.22_LeftArm.csv:[25511,27235,29191,31223,33227,35471,37567,39615,42179,44971,47495,49871,53111,55819,60083,63203]
resources/preprocessed/Interpolated/2020-07-02_14.14.32_Belly.csv:[32563,33987,35127,36399,37663,38947,40227,41519,42835,44307,45671,47047,48431,49751,51187,52623,54027,55447,57015,58675,60567,62567,64975]
resources/preprocessed/Interpolated/2020-07-02_14.59.59_RightArm.csv:[75527,77799,79951,82303,84387,86763,89535,92011,94767,97459]
resources/preprocessed/Interpolated/Jan_liegestuetzen3_13_10_2020_Chest.csv:[36230,37690,39170,40595,42020,44770,46205,47685,49260,51045,52685,54800]
resources/preprocessed/Interpolated/2020-07-02_14.20.28_LeftArm.csv:[63731,64903,68079,70319,72883,74923,76443,77883,79383,80875,82711]
resources/preprocessed/Interpolated/2020-07-02_13.00.09_Belly.csv:[27799,29415,31439,32903,35267,37179,39075,41023,43015,44907,47447,49471,52663,55019,57487]
resources/preprocessed/Interpolated/2020-07-02_14.14.32_LeftArm.csv:[32511,33959,35071,36367,37603,38947,40231,41559,42927,44295,45631,46991,48383,49731,51235,52567,53931,55415,57087,58735,60507,62535,64907]
resources/preprocessed/Interpolated/2020-07-02_11.17.39_Belly.csv:[58795,60731,62327,64171,65759,67435,69115,70879,72855,74587,76219,78059,79807,81871,83715,85631,87755,90039,91703,94283,96751,98851,101903]
resources/preprocessed/Interpolated/Andre_liegestuetzen3_13_10_2020_Chest.csv:[32333,33898,35568,37213,38728,40373,42013,43683,45373,47203,48968,51198,53263,55598,57923,60708,63368]
resources/preprocessed/Interpolated/2020-07-02_11.17.39_Chest.csv:[58963,60763,62351,64135,65711,67467,69131,70867,72871,74499,76279,78095,80043,81859,83903,85707,87763,89903,92139,94307,96811,99479,102275,104035,107767]
resources/preprocessed/Interpolated/Jan_liegestuetzen1_13_10_2020_Belly.csv:[85650,88330,91985,95810,99860,103855,107590,111425,115425,119505,123375,127310,131045,134890,138580,142330,146020,149825,153980,157910,162320,166215,169635,173165,176780,181465]
resources/preprocessed/Interpolated/2020-07-02_11.17.39_LeftArm.csv:[58303,59951,62343,64099,65763,67491,69291,71015,72839,74331,76243,78059,80203,81907,83811,85583,87259,90131,92075,94295,96787,101647,103923]
resources/preprocessed/Interpolated/2020-07-02_14.59.59_Belly.csv:[75695,77239,79547,81867,84443,86683,89127,92075,94339,97415,99815]
resources/preprocessed/Interpolated/Andre_Squats_13_10_2020_LeftArm.csv:[61151,63051,66446,71651,74066,76941,79251,82101,84311,86991,89416,92141,94016,97401,102231,104366,107151,109021,112211,116861,119196,121481,123806,126161,128541,130831,133286,135581,137931,140441,142986,145386,147756,149996,152391,154921,157356]
resources/preprocessed/Interpolated/2020-07-02_14.07.33_Chest.csv:[7709,8961,10209,11501,12749,14169,15413,16669,18029,19253,20593,22009,23445,24733,26045,27481,28893,30369,31741,33181,34653,36069,37609,39121,40757,42457]
resources/preprocessed/Interpolated/2020-07-02_11.17.39_RightArm.csv:[58819,60815,62363,64287,65667,67359,69143,71011,72883,74479,76203,78091,79987,81759,83643,85707,87859,89971,91871,94131,96799,99163,101627,104159]
resources/preprocessed/Interpolated/Andre_liegestuetzen3_13_10_2020_RightArm.csv:[32343,33863,35593,37203,38743,40358,41993,43698,45393,47068,48998,51183,53268,55643,57953,60713]
resources/preprocessed/Interpolated/2020-07-02_12.50.00_LeftArm.csv:[18715,20391,22283,24491,26555,28523,30479,32367,34459,36871,43271,45591]
resources/preprocessed/Interpolated/2020-07-02_14.20.28_Chest.csv:[62347,63763,64931,68279,69399,70531,71667,72891,74043,75259,76507,77939,79391,80931,82699]
resources/preprocessed/Interpolated/2020-07-02_14.07.33_RightArm.csv:[7465,10225,11509,12761,14137,15425,16757,19185,20605,21969,23401,24717,26077,27373,28837,30353,31769,33161,34681,36101,37609,39113,40733,42425]
resources/preprocessed/Interpolated/Lukas_liegestuetzen1_13_10_2020_RightArm.csv:[39635,41250,43200,44760,46610,48160,50020,51770,53770,55640,57455,59385,61245,62910,64860,66820,68535,70620,72370,74010,75715,77580,79455,81100,83245]
resources/preprocessed/Interpolated/2020-07-02_14.07.33_Belly.csv:[7693,8977,10229,11529,12733,14109,15385,16689,17965,19273,20589,21925,23381,24693,26041,27417,28869,30329,31701,33133,34577,36089,37569,39105,40725,42417]
resources/preprocessed/Interpolated/Andre_liegestuetzen1_13_10_2020_RightArm.csv:[18316,20121,22021,23556,25291,26781,28566,30251,31766,33276,34876,36536,38221,39921,41401,43031,44676,46381,48286,49901,51651,53586,55591,57811,60061]
resources/preprocessed/Interpolated/2020-07-02_12.50.00_RightArm.csv:[16419,20559,22359,24599,26399,28655,30523,32383,34559,36699,38899,41283,43343,45519]
resources/preprocessed/Interpolated/Andre_Squats2_13_10_2020_Belly.csv:[49320,51575,53790,56185,58460,60885,63260,65555,69060,72945,76375,79900,83315,86850,91770,94025,96515,105750,112890,119840,125510,130115,134950,139435,144370,146450,149285,153680,158440,160780,163250,165605,168190,170365,173350,178250,183030,185430,188365,193070,198010,202690,207400,212300]
resources/preprocessed/Interpolated/2020-07-02_12.50.00_Chest.csv:[16335,18695,20527,22299,24547,26479,28587,30455,32423,34495,36691,38887,41215,43275,45519,47879,50543,53587,55515,57835,60631]
resources/preprocessed/Interpolated/2020-07-02_13.00.09_Chest.csv:[27779,29431,31379,32987,35103,37147,39115,41319,42995,44891,47791,49459,52595,54951,57527]
resources/preprocessed/Interpolated/2020-07-02_13.00.09_RightArm.csv:[27851,29599,31587,32683,35379,37003,38803,41251,43031,50051]
resources/preprocessed/Interpolated/2020-07-02_15.13.22_Chest.csv:[25631,27223,29039,31235,33259,35315,37427,39591,42347,44335,46959,49895,52591,55903,60131,63879]
resources/preprocessed/Interpolated/Andre_liegestuetzen1_13_10_2020_Belly.csv:[18331,20061,21831,23466,25211,26806,28576,30146,31676,33291,34951,36566,38231,39731,41451,43021,44736,46441,48141,49901,51656,53571,55581,57726,60036,63076,65766]
resources/preprocessed/Interpolated/2020-07-02_15.31.36_Belly.csv:[73355,88731,90987,93171,95331,97399,100115,102387,104787,107399,109839,112791]
resources/preprocessed/Interpolated/Jan_liegestuetzen2_13_10_2020_LeftArm.csv:[19381,20776,22116,23481,26136,28826,31571,33061,34416,35981,37531,39246,40791,42686,44576,46866]
resources/preprocessed/Interpolated/2020-07-02_15.31.36_Chest.csv:[72271,88811,91067,93159,95439,97663,100107,102503,104963,107451,109859,112947]
resources/preprocessed/Interpolated/Andre_Squats_13_10_2020_RightArm.csv:[63081,66346,71631,73796,76931,82151,87061,89381,92051,97321,102216,104421,107181,109041,112111,116831,119256,121521,126131,128491,130786,133331,135581,137971,140426,142941,145306,147741,149966,152476,154931,157256]
resources/preprocessed/Interpolated/2020-07-02_14.14.32_Chest.csv:[32567,34019,35143,36391,37687,38963,40251,41599,42967,44347,45683,47071,48475,49819,51219,52631,54067,55507,57159,58759,60559,62631,64995]
resources/preprocessed/Interpolated/2020-07-02_15.31.36_LeftArm.csv:[72587,91087,93183,95267,96683,99875,102495,105111,107447,110003,112899]
resources/preprocessed/Interpolated/2020-07-02_15.31.36_RightArm.csv:[72899,90975,92863,95399,97627,100235,102543,105131,107483,110979,112895]
resources/preprocessed/Interpolated/Andre_Squats2_13_10_2020_Chest.csv:[49325,51660,53840,56115,58510,60895,63285,65555,69015,72960,76480,79895,83350,86905,91570,93975,96515,105780,112785,119890,125515,130190,134905,139480,144265,146445,149350,153645,158445,160785,163220,165600,168185,170380,173335,175590,178395,180330,183035,185435,188350,193135,198025,202695,207395,212075]
resources/preprocessed/Interpolated/2020-07-02_14.07.33_LeftArm.csv:[7465,8929,10329,11469,14161,15441,16665,19317,20505,21909,23441,24661,26017,27365,28921,30337,31661,33097,34529,36005,37553,39085,40797,42485,44117]
resources/preprocessed/Interpolated/Andre_Squats2_13_10_2020_RightArm.csv:[49255,51655,53785,56125,58510,60890,63170,65525,69145,72945,76525,79820,83430,86935,90725,94005,98535,105425,112675,119835,125615,130290,134855,139335,141530,144200,146425,149025,153710,158470,163205,165625,168210,173315,177885,183010,188085,190665,193180,198005,202480,207380,212055]
resources/preprocessed/Interpolated/Andre_liegestuetzen1_13_10_2020_LeftArm.csv:[18281,19996,21991,23526,25126,26791,28576,30136,31681,33321,34961,36591,38201,39866,41426,43106,44711,46471,48176,49866,51611,53676,55626,57746,60091]
resources/preprocessed/Interpolated/2020-07-02_13.00.09_LeftArm.csv:[27763,29639,31503,33123,35055,37215,38923,41031,43031,50123,52515,54971]
resources/preprocessed/Interpolated/Andre_liegestuetzen3_13_10_2020_LeftArm.csv:[32313,33888,35658,37153,38763,40363,42018,43673,45353,47158,48928,51273,53363,55598,57913,60753]
resources/preprocessed/Interpolated/Lukas_liegestuetzen1_13_10_2020_LeftArm.csv:[39680,41170,43010,44645,46480,48190,49990,51725,53645,55590,57380,59180,61195,62995,64685,66780,68830,70645,72400,73960,75710,77400,79185,81085]
resources/preprocessed/Interpolated/Andre_Squats2_13_10_2020_LeftArm.csv:[49340,51630,53895,56030,58545,60940,63300,65600,69190,72910,76495,79820,83385,86890,90725,93915,98220,105740,112750,120620,125585,130310,134855,139425,144155,146430,149310,153655,158370,160765,163180,165725,168215,170365,173275,177970,180775,183135,187985,190580,193085,195615,197955,200135,202780,207420,209840,212105]
resources/preprocessed/Interpolated/Andre_Squats_13_10_2020_Belly.csv:[61151,63061,66436,71581,74036,76971,82051,87011,89216,92141,97301,102271,107101,112041,116841,121631,126111,128481,130876,133266,135616,138066,140496,143016,145391,147781,150141,152581,155001,157401]
resources/preprocessed/Interpolated/Andre_liegestuetzen2_13_10_2020_Chest.csv:[41111,42866,44486,46001,47791,49401,51136,52756,54556,56281,58076,59951,61731,63726,65651,67791,70066,72591,75396,78841]
resources/preprocessed/Interpolated/Andre_liegestuetzen2_13_10_2020_LeftArm.csv:[41291,42791,44486,46001,47841,49391,51116,52746,54536,56191,58211,59951,61791,63886,65626,67996,70206,72761]
resources/preprocessed/Interpolated/Lukas_liegestuetzen3_13_10_2020_LeftArm.csv:[12491,14086,16806,20966,22291,23776,25371,27051]
resources/preprocessed/Interpolated/Andre_liegestuetzen1_13_10_2020_Chest.csv:[18291,20156,21866,23521,25271,26866,28571,30226,31761,33371,34971,36621,38196,39866,41446,43076,44736,46536,48161,49891,51636,53611,55576,57661,60036,63091,65716]
resources/preprocessed/Interpolated/Andre_liegestuetzen2_13_10_2020_RightArm.csv:[41301,42901,44376,45971,47801,49461,51176,52811,54451,56346,58231,60006,61711,63856,65731,67846,70266,72616]
resources/preprocessed/Interpolated/2020-07-02_12.50.00_Belly.csv:[16363,18691,20527,22375,24503,26479,28571,30491,32383,34519,36799,38903,41259,43471,45559,47879,50547,53503,55427,57695,60559]
resources/preprocessed/Interpolated/Andre_liegestuetzen3_13_10_2020_Belly.csv:[32368,33928,35548,37143,38723,40378,41958,43688,45343,47103,48918,51193,53288,55518,57903,60698,63498]
resources/preprocessed/Interpolated/Andre_Squats_13_10_2020_Chest.csv:[61131,63116,66641,71581,74036,76966,82106,86966,89221,92176,97386,102356,107236,109291,112126,116836,121556,126146,128476,130856,133291,135601,138056,140446,143006,145326,147756,150126,152511,154961,157371]
resources/preprocessed/Interpolated/Jan_liegestuetzen1_13_10_2020_LeftArm.csv:[85640,95780,99755,103640,107680,111435,115275,119380,123375,127250,130865,134690,138570,142260,146055,149855,153960,157785,162260,166165,169625,173005,176940,181605]
