resources/preprocessed/Interpolated/Lukas_liegestuetzen3_13_10_2020_RightArm.csv:[12131,15496,17336,19281,21296,25116,27486]
resources/preprocessed/Interpolated/Lukas_liegestuetzen3_13_10_2020_Chest.csv:[12136,16141,18601,22731,26816]
resources/preprocessed/Interpolated/Lukas_liegestuetzen3_13_10_2020_Belly.csv:[12161,15486,17356,19291,22726,25711,27491]
resources/preprocessed/Interpolated/Lukas_liegestuetzen2_13_10_2020_RightArm.csv:[37560,39200,42255,45550,47260,49000,50685,52325,53965,56405,58040,59735,61630,64210,67375,71675,73995]
resources/preprocessed/Interpolated/Lukas_liegestuetzen2_13_10_2020_LeftArm.csv:[37565,39955,42265,44790,46475,48230,49895,51595,53275,55525,58060,59780,61640,64200,67380,70355,72125]
resources/preprocessed/Interpolated/Lukas_liegestuetzen2_13_10_2020_Chest.csv:[37590,40720,42265,44805,46500,48255,49905,51600,53270,55550,57105,58755,60430,62295,64200,67375,71685]
resources/preprocessed/Interpolated/Lukas_liegestuetzen2_13_10_2020_Belly.csv:[37610,39985,43065,44800,46490,48280,49920,51605,53270,55540,58040,59765,61620,64225,67385,71620]
resources/preprocessed/Interpolated/Lukas_liegestuetzen1_13_10_2020_Belly.csv:[40095,41760,43595,45270,46990,48730,50480,52315,54225,56095,57905,59735,61640,63450,65240,67175,69085,71005,72805,74545,76305,77960,79765,81630,83590]
resources/preprocessed/Interpolated/Jan_liegestuetzen3_13_10_2020_RightArm.csv:[34285,38950,43920,47485,49665,51410,53225,55235]
resources/preprocessed/Interpolated/Jan_liegestuetzen3_13_10_2020_LeftArm.csv:[34000,37495,40425,43295,46080,49075,50840,52580,54585,56870]
resources/preprocessed/Interpolated/Jan_liegestuetzen3_13_10_2020_Belly.csv:[36745,43935,47505,50810,52600,54550]
resources/preprocessed/Interpolated/Jan_liegestuetzen2_13_10_2020_RightArm.csv:[17126,20566,24626,26551,28696,32871,35801,37991,39636,41276,43146,45036,46691,49121]
resources/preprocessed/Interpolated/Jan_liegestuetzen2_13_10_2020_Chest.csv:[20571,25246,28706,31476,34916,36461,39041,40681,42511,44416,46696,49211]
resources/preprocessed/Interpolated/Jan_liegestuetzen2_13_10_2020_Belly.csv:[19806,21936,24626,27286,30721,33486,37366,39016,40676,42476,44376,46656,49726]
resources/preprocessed/Interpolated/2020-07-02_14.59.59_LeftArm.csv:[73999,75771,78151,79491,81179,82687,84263,85999,87431,89079,91575,94279,97179,99023]
resources/preprocessed/Interpolated/Andre_liegestuetzen2_13_10_2020_Belly.csv:[40621,43316,44906,46516,48231,49901,51561,53256,54991,56776,58611,60416,62246,64246,66226,68381,70586,72151,74816,77846,79936]
resources/preprocessed/Interpolated/Jan_liegestuetzen1_13_10_2020_RightArm.csv:[86150,88785,91210,94715,96325,98645,100355,102690,106355,108040,110285,111865,114230,115805,118190,119825,122615,126280,129920,131485,133870,137530,141380,145145,149010,153155,157110,161445,165700,169005,171005,172715,174765,176535,178460,181130]
resources/preprocessed/Interpolated/2020-07-02_14.59.59_Chest.csv:[73999,75971,77795,79415,81779,84271,86591,89059,91531,94251,97151,99199]
resources/preprocessed/Interpolated/2020-07-02_15.13.22_Belly.csv:[23267,25159,26875,28707,30675,32827,34895,37199,39427,41635,44255,46891,49731,52551,55587,59103,62975,66011]
resources/preprocessed/Interpolated/2020-07-02_15.13.22_RightArm.csv:[23003,25099,26883,28415,30759,32859,35051,37227,39455,41719,44291,46943,49783,52547,55675,59207,60443,63059,65719]
resources/preprocessed/Interpolated/Lukas_liegestuetzen1_13_10_2020_Chest.csv:[40110,41765,43580,45255,47005,48715,50485,52305,54195,56100,57910,59735,61655,63465,65250,67190,69100,71015,72810,74545,76300,77970,79765,81625]
resources/preprocessed/Interpolated/Jan_liegestuetzen1_13_10_2020_Chest.csv:[86065,88680,90800,92395,94610,96300,98490,100250,102460,104140,106330,107965,110195,111825,114195,115780,118150,119765,122190,123775,126140,127710,129860,131400,133675,137510,141180,144970,148850,152950,156915,161240,165605,168920,172575,176460,180975]
resources/preprocessed/Interpolated/2020-07-02_14.20.28_RightArm.csv:[61995,64307,66487,68179,70847,72751,74471,76379,77783,79259,80719,82539,83963]
resources/preprocessed/Interpolated/2020-07-02_14.20.28_Belly.csv:[62703,64303,67055,68783,73363,75727,77759,79235,80703,82519,84007]
resources/preprocessed/Interpolated/2020-07-02_14.14.32_RightArm.csv:[32003,35619,38175,41419,42787,44131,45563,46935,48303,49671,51091,52503,53911,55367,56919,58275,60427,62455,64887]
resources/preprocessed/Interpolated/2020-07-02_15.13.22_LeftArm.csv:[23099,25199,26779,28699,30623,32835,34995,36739,37983,39455,41731,44283,46951,49775,52543,55671,59195,60499,63015,65607]
resources/preprocessed/Interpolated/2020-07-02_14.14.32_Belly.csv:[32951,34487,37539,38811,40087,41431,42747,44143,45551,46911,48267,49631,51055,52479,53883,55339,56859,58539,60379,62367,64807]
resources/preprocessed/Interpolated/2020-07-02_14.59.59_RightArm.csv:[73999,75943,77171,79371,81887,84295,86587,89135,91619,93499,95119,97175,99123]
resources/preprocessed/Interpolated/Jan_liegestuetzen3_13_10_2020_Chest.csv:[37520,40430,44710,47510,49085,50830,52595,54575]
resources/preprocessed/Interpolated/2020-07-02_14.20.28_LeftArm.csv:[61995,64859,68651,72659,75583,76939,78347,79799,81331,83095]
resources/preprocessed/Interpolated/2020-07-02_13.00.09_Belly.csv:[26999,28907,30787,32659,34547,36447,38555,40407,42451,44519,46999,49135,51599,53115,55427,57215,60091,62411]
resources/preprocessed/Interpolated/2020-07-02_14.14.32_LeftArm.csv:[32003,35587,36867,39415,41423,42747,44131,45531,46875,48263,49603,51051,52467,53847,55291,56863,58631,59975,62467,64875]
resources/preprocessed/Interpolated/2020-07-02_11.17.39_Belly.csv:[58359,60023,61923,63575,65307,66947,68647,70339,72119,73871,75735,77491,79331,81215,83119,85071,86923,88911,90419,92275,93643,96067,98567,101195,103903,107507]
resources/preprocessed/Interpolated/Andre_liegestuetzen3_13_10_2020_Chest.csv:[33623,35223,36878,38488,40093,41718,43403,45088,46818,48563,50678,52793,55043,57478,60233,62908,64838]
resources/preprocessed/Interpolated/2020-07-02_11.17.39_Chest.csv:[58387,60119,61931,63599,65299,66951,68667,70351,72147,73907,75763,77515,79335,81219,83127,85087,86899,89563,91447,93619,96095,98539,101151,102639,103875,107519]
resources/preprocessed/Interpolated/Jan_liegestuetzen1_13_10_2020_Belly.csv:[86080,88770,90795,92415,94490,96340,98495,100290,102465,104145,106350,108000,110230,111910,114155,115870,118135,119865,122090,123855,126160,127760,129885,131455,133710,135255,137505,139025,141205,142760,144965,146510,148845,152945,156870,158380,161205,162770,165620,168910,172555,174440,176430,180980]
resources/preprocessed/Interpolated/2020-07-02_11.17.39_LeftArm.csv:[58227,59907,61931,63571,65275,66903,68687,70375,72143,73791,75779,77431,79179,80527,82267,84131,86023,87723,90491,92507,94731,95987,97223,98567,100795,102075,103831,107579]
resources/preprocessed/Interpolated/2020-07-02_14.59.59_Belly.csv:[73999,76023,77795,79403,81779,84235,86575,88419,89883,91503,94223,97143,99131]
resources/preprocessed/Interpolated/Andre_Squats_13_10_2020_LeftArm.csv:[62381,64186,67041,68876,72111,74456,77421,82501,87546,90606,92546,97766,102691,104861,107656,110601,112601,117291,120431,123141,126521,128906,131221,133676,136016,138406,140871,143371,145741,148161,150446,152881,155366,157756]
resources/preprocessed/Interpolated/2020-07-02_14.07.33_Chest.csv:[7005,10101,12645,13989,15289,17845,19161,20465,21837,23265,24609,25961,27321,28741,30213,31625,33061,34493,35973,37469,38969,40653,42349,44117]
resources/preprocessed/Interpolated/2020-07-02_11.17.39_RightArm.csv:[58339,59955,61191,62851,64587,66199,67879,69555,71383,73155,74919,76631,78511,80415,82267,84123,86187,88119,90379,92387,93679,95963,97227,98611,100791,102015,103875,107611]
resources/preprocessed/Interpolated/Andre_liegestuetzen3_13_10_2020_RightArm.csv:[32783,34433,36043,37683,39268,40888,42488,44188,45878,47628,49463,51678,53763,55988,57653,60308,63073]
resources/preprocessed/Interpolated/2020-07-02_12.50.00_LeftArm.csv:[17723,19051,20907,22783,24963,26935,29027,30919,32875,34971,37203,39367,41727,43783,45983,48383,50887,53935,55295,57499,60247,62995]
resources/preprocessed/Interpolated/2020-07-02_14.20.28_Chest.csv:[62695,64883,67087,68783,70451,73379,75739,77019,78427,79859,81419,83163]
resources/preprocessed/Interpolated/2020-07-02_14.07.33_RightArm.csv:[10685,12017,13977,16565,19729,21809,23253,25945,27301,28741,30221,31629,33069,34529,35973,37481,38965,40645,42333]
resources/preprocessed/Interpolated/Lukas_liegestuetzen1_13_10_2020_RightArm.csv:[40105,41760,43560,45240,46985,48715,50475,52310,54205,56110,57920,59750,61665,63470,65270,67220,69120,71030,72820,74560,76315,77980,79780,81660]
resources/preprocessed/Interpolated/2020-07-02_14.07.33_Belly.csv:[10097,12637,13973,15281,17845,19165,20449,21821,23237,24585,25941,27297,28713,30193,31597,33025,34445,35937,37421,38929,40605,42309,44117]
resources/preprocessed/Interpolated/Andre_liegestuetzen1_13_10_2020_RightArm.csv:[18796,20551,22326,23981,25681,27316,29831,31401,33031,34621,36281,37886,39511,41101,42791,44456,46156,47896,49676,51401,53321,55291,57411,59666,62686,65411]
resources/preprocessed/Interpolated/2020-07-02_12.50.00_RightArm.csv:[16043,17727,19047,20935,22783,24959,26935,28999,30919,32875,34975,37175,39379,41723,43763,45971,48399,50907,53211,55195,57531,60187,62995]
resources/preprocessed/Interpolated/Andre_Squats2_13_10_2020_Belly.csv:[47500,49725,52020,54275,56555,58940,61315,63675,65960,67960,69505,73365,75450,78830,82260,86120,88965,92215,94435,96080,99170,101525,103215,106105,110020,113300,117130,119265,122790,125985,127535,130675,135400,139870,144720,149670,151445,154130,158910,163605,166845,168670,171965,173870,178645,181690,183470,186685,188700,193520,196530,198365,201280,203120,207790,212610]
resources/preprocessed/Interpolated/2020-07-02_12.50.00_Chest.csv:[16759,18995,20867,22727,24923,26883,28967,30907,32831,34939,37195,39343,41691,43747,45939,48351,50855,53147,54987,57499,60115,62995]
resources/preprocessed/Interpolated/2020-07-02_13.00.09_Chest.csv:[26999,28927,30799,32655,34547,36439,38523,40395,42471,44539,46999,49151,51523,53003,54335,57227,60091,62411]
resources/preprocessed/Interpolated/2020-07-02_13.00.09_RightArm.csv:[26999,28883,30771,32547,35655,37411,39251,41539,43483,45299,47031,48927,51391,53955,55423,57391,60267]
resources/preprocessed/Interpolated/2020-07-02_15.13.22_Chest.csv:[24163,26011,27691,29559,31651,33659,34979,37203,39439,41651,44267,46907,49763,52551,55647,59163,60471,63011,64291,65747]
resources/preprocessed/Interpolated/Andre_liegestuetzen1_13_10_2020_Belly.csv:[17791,19651,21436,23146,24841,26516,28186,29861,31416,33026,34616,36266,37896,39521,41116,42796,44451,46146,47846,49601,51386,53266,55246,57421,59606,62501,65361]
resources/preprocessed/Interpolated/2020-07-02_15.31.36_Belly.csv:[72847,75219,76559,78323,80239,81735,83739,85827,87263,89203,90575,92715,94987,97247,99607,101919,104459,107131,109779,112543]
resources/preprocessed/Interpolated/Jan_liegestuetzen2_13_10_2020_LeftArm.csv:[20541,23271,25946,28691,32891,39051,40676,42511,44446,46716,49086]
resources/preprocessed/Interpolated/2020-07-02_15.31.36_Chest.csv:[72499,74739,77263,79447,81791,83667,85791,87255,89263,90627,92731,94987,97251,99631,101967,104531,106435,107903,109191,110623,112571]
resources/preprocessed/Interpolated/Andre_Squats_13_10_2020_RightArm.csv:[62336,64171,66831,68461,72081,74321,77416,82576,87386,92541,97746,102686,107621,110586,112526,117291,120321,121956,126521,128901,131241,133671,136011,138406,140871,143376,145741,148151,150451,152891,155361,157756]
resources/preprocessed/Interpolated/2020-07-02_14.14.32_Chest.csv:[32939,34491,36923,38827,40107,41451,42783,44179,45583,46931,48299,49671,51099,52519,53915,55391,56911,58591,60423,62443,64879]
resources/preprocessed/Interpolated/2020-07-02_15.31.36_LeftArm.csv:[72559,74175,75967,79311,81055,83651,85879,87243,89235,91467,92771,95147,96739,98159,100423,102023,104511,106343,107875,109815,112587]
resources/preprocessed/Interpolated/2020-07-02_15.31.36_RightArm.csv:[72615,73851,76955,79575,80879,83571,85775,87243,89263,91495,93559,94975,97235,99191,100583,101999,104583,106315,108007,111327,112615]
resources/preprocessed/Interpolated/Andre_Squats2_13_10_2020_Chest.csv:[47500,49730,52040,54275,56555,58950,61320,63680,65950,67950,69470,73330,75455,78810,82260,86085,88980,92095,94465,96070,99160,100715,103210,105155,110030,113240,117125,119310,122840,126010,127515,130685,135375,139895,144710,149715,154135,158915,163650,166850,168670,171960,173875,178655,183485,186670,188685,193520,196525,198370,201280,203080,207785,212570]
resources/preprocessed/Interpolated/2020-07-02_14.07.33_LeftArm.csv:[10085,11381,12641,13933,15277,17817,19177,20429,21801,23261,25209,27273,28725,30185,31593,33001,34441,35897,37433,38933,40509,42329,43937]
resources/preprocessed/Interpolated/Andre_Squats2_13_10_2020_RightArm.csv:[47500,49710,52050,54260,56545,58930,61305,63665,65960,67965,69625,73395,75410,77040,78670,80260,82240,83910,86035,88850,91180,93085,96100,97975,100845,103265,105230,109955,113155,117150,119315,122525,126075,130610,135330,139845,144640,147745,149455,151470,154130,158935,161670,163520,166860,168670,172010,173800,177675,179925,181760,183480,186715,188565,191750,193535,196575,198350,199900,202955,207805,209435,212535]
resources/preprocessed/Interpolated/Andre_liegestuetzen1_13_10_2020_LeftArm.csv:[17821,19606,21401,23141,24841,26516,28176,29836,31416,33046,34601,36286,37906,39511,41151,42806,44471,46161,47881,49636,51386,53341,55306,57421,59661,62581,65391]
resources/preprocessed/Interpolated/2020-07-02_13.00.09_LeftArm.csv:[28183,30023,31891,33619,35503,37587,39527,41531,43463,45939,48083,50539,51815,53931,55543,57423,60143]
resources/preprocessed/Interpolated/Andre_liegestuetzen3_13_10_2020_LeftArm.csv:[33633,36038,37663,39258,40873,42473,44173,45853,47613,49438,51678,53763,55993,57648,60353,63018]
resources/preprocessed/Interpolated/Lukas_liegestuetzen1_13_10_2020_LeftArm.csv:[40110,41765,43545,45215,46985,48695,50445,52290,54180,56100,57880,59725,61655,63445,65235,67195,69100,71010,72810,74545,76290,77975,79765,81630]
resources/preprocessed/Interpolated/Andre_Squats2_13_10_2020_LeftArm.csv:[49735,52050,54275,56555,58955,61315,63675,65965,68005,69610,71185,73345,75385,76935,78790,82180,83890,86170,88765,91240,93415,96050,98230,99985,101615,103200,105200,109970,113140,117260,119435,122525,126060,129210,131985,133870,136385,139835,144690,146870,149635,151410,154125,156970,158855,162230,164900,166970,168695,172060,173755,177750,179935,181775,183470,186770,188535,193480,196715,198300,199850,201415,203180,207760,209270,212640]
resources/preprocessed/Interpolated/Andre_Squats_13_10_2020_Belly.csv:[62371,64226,67031,72036,74416,77466,82516,87411,92581,97766,102721,107621,112561,117286,121981,124816,126531,128911,131251,133681,136021,138426,140886,143401,145761,148201,150486,152901,155391,157786]
resources/preprocessed/Interpolated/Andre_liegestuetzen2_13_10_2020_Chest.csv:[40591,43316,45721,47361,49106,50761,52481,54171,55966,57816,59611,61451,63401,65326,67486,69691,72161,74821,77706,79996]
resources/preprocessed/Interpolated/Andre_liegestuetzen2_13_10_2020_LeftArm.csv:[40611,43306,45701,47341,49116,50756,52476,54151,55976,57831,59606,61466,63386,65396,67511,69761,72226,74891,78081]
resources/preprocessed/Interpolated/Lukas_liegestuetzen3_13_10_2020_LeftArm.csv:[12156,15481,17351,19251,21241,23556,26796]
resources/preprocessed/Interpolated/Andre_liegestuetzen1_13_10_2020_Chest.csv:[17806,19651,21441,23146,24856,26526,28196,29861,31431,33046,34621,36281,37911,39526,41136,42811,44461,46156,47871,49621,51391,53291,55241,57391,59591,62511,65341]
resources/preprocessed/Interpolated/Andre_liegestuetzen2_13_10_2020_RightArm.csv:[43311,44911,46521,48246,49911,51576,53261,54991,56786,58621,60431,62256,64276,66246,68381,70616,72286,74951,78071,79976]
resources/preprocessed/Interpolated/2020-07-02_12.50.00_Belly.csv:[16779,18995,20863,22755,24911,26879,29007,30903,32847,34927,37207,39347,41687,43759,45911,48351,50847,53127,55031,57503,60107,62995]
resources/preprocessed/Interpolated/Andre_liegestuetzen3_13_10_2020_Belly.csv:[32793,34438,36038,37668,39253,40863,42463,44163,45853,47613,49433,51678,53758,55978,58333,60148,62883,64783]
resources/preprocessed/Interpolated/Andre_Squats_13_10_2020_Chest.csv:[62361,64231,67036,72051,74401,77511,82571,87476,92581,97806,102751,107656,112586,117306,121991,126536,128906,131256,133686,136026,138426,140891,143396,145751,148176,150476,152906,155376,157771]
resources/preprocessed/Interpolated/Jan_liegestuetzen1_13_10_2020_LeftArm.csv:[85600,88695,90270,92450,94600,96265,98550,100235,102610,104150,106280,108005,110160,111840,114255,118235,119740,122005,123790,126265,130090,133475,135145,137615,141300,144940,146490,148965,153040,156940,161370,165595,168935,172600,176505,179855,181920]
