resources/preprocessed/Interpolated/Lukas_liegestuetzen3_13_10_2020_RightArm.csv:[11331,13691,16431,20441,23171,24906,26651,28321]
resources/preprocessed/Interpolated/Lukas_liegestuetzen3_13_10_2020_Chest.csv:[11901,13546,17661,21296,23086,24556,26321,28326]
resources/preprocessed/Interpolated/Lukas_liegestuetzen3_13_10_2020_Belly.csv:[10996,13021,14996,16811,18696,22421,23926,25691,28531]
resources/preprocessed/Interpolated/Lukas_liegestuetzen2_13_10_2020_RightArm.csv:[36060,40245,42935,44705,46405,48175,49840,51500,53170,54770,56315,57950,59675,61525,63405,65960,69430,72635]
resources/preprocessed/Interpolated/Lukas_liegestuetzen2_13_10_2020_LeftArm.csv:[36080,39725,41930,43540,45230,47005,50335,51990,53650,55290,56870,58575,60215,63425,66055,69430,71490,72970]
resources/preprocessed/Interpolated/Lukas_liegestuetzen2_13_10_2020_Chest.csv:[36105,38585,41290,44430,45820,47775,50095,52485,55260,57345,59450,61285,64310,67615,69585,71500,73995]
resources/preprocessed/Interpolated/Lukas_liegestuetzen2_13_10_2020_Belly.csv:[36385,38145,40675,43585,45105,47870,49825,51830,54685,56750,58520,60580,62855,66420,67910,69410,71555,73905]
resources/preprocessed/Interpolated/Lukas_liegestuetzen1_13_10_2020_Belly.csv:[38165,40770,42560,45870,47895,49730,53340,55315,58150,59785,62475,64455,66480,69130,72530,74745,79030,81635,83995]
resources/preprocessed/Interpolated/Jan_liegestuetzen3_13_10_2020_RightArm.csv:[34000,37105,40030,42225,44315,46420,47900,49545,51280,53155,56385]
resources/preprocessed/Interpolated/Jan_liegestuetzen3_13_10_2020_LeftArm.csv:[34345,37200,40080,43610,46430,47925,49555,51290,53455,56225]
resources/preprocessed/Interpolated/Jan_liegestuetzen3_13_10_2020_Belly.csv:[35470,37990,40805,42640,44505,47280,48870,50555,52420,54370,56090]
resources/preprocessed/Interpolated/Jan_liegestuetzen2_13_10_2020_RightArm.csv:[16996,22881,25626,27646,29766,31836,34691,36266,37781,39441,41191,42981,45341,47251,50281]
resources/preprocessed/Interpolated/Jan_liegestuetzen2_13_10_2020_Chest.csv:[17596,20841,22931,26261,27706,29711,31846,35361,37691,39476,41256,43226,45336,47816,50066]
resources/preprocessed/Interpolated/Jan_liegestuetzen2_13_10_2020_Belly.csv:[16996,18736,21061,23086,25066,29826,32066,35176,37121,38841,40496,42306,44231,46511,48256,50451]
resources/preprocessed/Interpolated/2020-07-02_14.59.59_LeftArm.csv:[74111,76451,78795,81123,83591,85935,88355,90863,93523,95583,96959,99995]
resources/preprocessed/Interpolated/Andre_liegestuetzen2_13_10_2020_Belly.csv:[39996,41766,43626,45301,47806,49421,51156,52806,54596,56366,58141,59891,61736,64466,66431,68571,70731,73341,75471,78741]
resources/preprocessed/Interpolated/Jan_liegestuetzen1_13_10_2020_RightArm.csv:[85000,87230,90880,94800,98685,100200,101590,103880,106515,109270,111675,114155,115700,118150,119605,122365,126310,129830,131325,133870,137620,141245,144420,146470,148820,153020,156935,158355,161270,165570,168580,169965,172170,173625,176425,180650,183995]
resources/preprocessed/Interpolated/2020-07-02_14.59.59_Chest.csv:[74079,75703,79359,81219,83611,85979,88015,89543,90891,93623,94883,96547,98367,99995]
resources/preprocessed/Interpolated/2020-07-02_15.13.22_Belly.csv:[23003,24691,25815,27687,31695,34811,36627,38843,40435,42607,45203,46355,47819,49123,50271,51883,53135,54927,56735,58399,60295,61967,64235]
resources/preprocessed/Interpolated/2020-07-02_15.13.22_RightArm.csv:[23003,25099,26879,28591,30639,32239,34327,36551,38831,41111,42299,43611,44799,46263,49019,51859,54935,56259,57439,58979,62183,63631,65927]
resources/preprocessed/Interpolated/Lukas_liegestuetzen1_13_10_2020_Chest.csv:[38300,40550,42450,44135,47645,49455,51935,54010,55535,57110,58850,62205,64430,68350,70085,72250,74710,77165,78975,80685,82735]
resources/preprocessed/Interpolated/Jan_liegestuetzen1_13_10_2020_Chest.csv:[84900,86875,90150,91545,94280,96925,98515,99930,102430,104115,106405,107895,109855,111645,113785,115565,117810,119310,121870,123880,125790,128235,131490,133310,135040,136980,138925,140655,143395,146385,148245,150010,151560,154220,156390,158245,160850,162460,165255,167540,169920,172225,173875,176045,178755,180530,182750]
resources/preprocessed/Interpolated/2020-07-02_14.20.28_RightArm.csv:[61995,66155,70103,73627,74807,76111,77535,79091,80583,82363,84007]
resources/preprocessed/Interpolated/2020-07-02_14.20.28_Belly.csv:[61995,63747,65287,66887,68475,70123,71299,73619,74835,76151,77475,78975,80479,81695,83583]
resources/preprocessed/Interpolated/2020-07-02_14.14.32_RightArm.csv:[32019,34735,36495,37799,39067,40327,41695,43051,44415,45835,47147,48559,49947,51371,52807,54255,55683,56803,58443,60259,62295,64667]
resources/preprocessed/Interpolated/2020-07-02_15.13.22_LeftArm.csv:[23003,25167,26315,28171,30199,32227,34323,36623,38843,41131,43619,44807,46267,49079,51811,54823,56267,58259,59731,62147,63667,66067]
resources/preprocessed/Interpolated/2020-07-02_14.14.32_Belly.csv:[32055,33915,35191,37091,38631,39923,41443,43683,44963,46671,48151,49659,50947,53331,55195,56359,57699,59599,61015,63435,64751]
resources/preprocessed/Interpolated/2020-07-02_14.59.59_RightArm.csv:[74031,76507,77659,78839,81163,83579,85967,88371,90875,93547,96391,98403]
resources/preprocessed/Interpolated/Jan_liegestuetzen3_13_10_2020_Chest.csv:[34785,36310,40700,42195,46420,47975,49780,51235,53335,55725]
resources/preprocessed/Interpolated/2020-07-02_14.20.28_LeftArm.csv:[62887,65559,68939,70615,71767,74123,76047,77439,78951,80427,82359,83959]
resources/preprocessed/Interpolated/2020-07-02_13.00.09_Belly.csv:[27355,29231,31255,33263,34671,36099,38215,40415,42211,44715,47063,48667,51671,53991,56667,59995,61939]
resources/preprocessed/Interpolated/2020-07-02_14.14.32_LeftArm.csv:[32003,34739,36063,37767,39059,40343,42575,43975,45847,47107,48539,49931,51347,52703,54219,55663,57447,58979,60251,62263,64091]
resources/preprocessed/Interpolated/2020-07-02_11.17.39_Belly.csv:[58559,60603,64043,66147,68243,70099,71867,73095,74891,76127,77251,79015,80995,82743,84731,86699,88783,90107,91411,93323,95683,97611,98791,100815,102199,104051,106827]
resources/preprocessed/Interpolated/Andre_liegestuetzen3_13_10_2020_Chest.csv:[31003,32753,34363,36073,38298,39928,42063,43778,46138,49613,51268,53943,56228,58918,60713,62268,65138]
resources/preprocessed/Interpolated/2020-07-02_11.17.39_Chest.csv:[59259,60643,62171,63579,64923,67031,68763,70355,71787,73967,75671,78047,79623,81211,83119,85167,86931,89307,93655,96003,98027,99303,101119,103851,106235,107599]
resources/preprocessed/Interpolated/Jan_liegestuetzen1_13_10_2020_Belly.csv:[85055,86690,88295,91815,93420,95810,97395,99040,101595,103905,106540,110670,114465,118330,120210,124860,128700,130240,133885,136150,137650,141300,143685,145265,148975,151305,153095,155625,157040,159510,161415,164630,167820,169660,171440,174850,176485,178295,180965,183840]
resources/preprocessed/Interpolated/2020-07-02_11.17.39_LeftArm.csv:[58879,60671,62275,64031,65747,67467,69087,70883,72639,74459,76323,78083,79923,81755,83655,84991,86871,88303,91395,93579,96003,98487,101047,103691,106127,107303]
resources/preprocessed/Interpolated/2020-07-02_14.59.59_Belly.csv:[75843,77919,80395,82091,83703,85979,87339,89859,92431,93603,94867,96495,97659,99995]
resources/preprocessed/Interpolated/Andre_Squats_13_10_2020_LeftArm.csv:[60996,62976,64866,67811,71161,72681,74821,76651,79126,81901,84186,86076,87761,89911,91926,93611,95371,98701,102061,105161,106761,108161,110451,112811,115191,116621,118906,121256,123446,125836,128206,130676,132266,133721,135381,136946,138516,140241,142786,145126,147526,149881,152366,154776,156511]
resources/preprocessed/Interpolated/2020-07-02_14.07.33_Chest.csv:[7065,8765,10053,12605,13861,15289,17945,19929,21249,22777,24573,25873,27333,28765,30225,33757,36209,37393,39241,40753,42061,43421]
resources/preprocessed/Interpolated/2020-07-02_11.17.39_RightArm.csv:[58851,60591,61803,64023,65719,67423,69063,70859,72671,74423,76279,78063,79903,81783,83631,85019,86867,88315,91347,93603,95983,98499,101075,103699,107335]
resources/preprocessed/Interpolated/Andre_liegestuetzen3_13_10_2020_RightArm.csv:[31003,33538,35653,37263,38908,40438,42063,43793,45488,47258,48943,50628,52778,54983,57453,59458,62863,65498]
resources/preprocessed/Interpolated/2020-07-02_12.50.00_LeftArm.csv:[16003,17619,19027,20327,22787,24955,26995,28519,30479,32479,35083,37351,39479,41827,43343,46163,47959,49207,50471,51739,53151,55799,57431,59323,61023,62191]
resources/preprocessed/Interpolated/2020-07-02_14.20.28_Chest.csv:[61995,64467,67203,70475,72283,73995,75859,77199,78327,79551,81695,83611]
resources/preprocessed/Interpolated/2020-07-02_14.07.33_RightArm.csv:[7005,9913,11593,12921,14217,15557,16853,18125,19417,20725,22125,23605,24869,26241,27609,29017,30517,31909,33409,34861,36329,37781,39353,41013,42217,43329]
resources/preprocessed/Interpolated/Lukas_liegestuetzen1_13_10_2020_RightArm.csv:[38230,40285,42535,44350,46090,47850,49580,51405,53285,55225,57075,58855,60800,62640,64440,66395,68215,70125,71985,73750,75490,77175,78955,80845,83995]
resources/preprocessed/Interpolated/2020-07-02_14.07.33_Belly.csv:[7025,9557,10993,12481,14765,16501,19977,21313,22721,24569,26769,28153,29649,31509,32857,34309,37161,38793,40473,41977,43309]
resources/preprocessed/Interpolated/Andre_liegestuetzen1_13_10_2020_RightArm.csv:[16996,19611,21386,23131,24781,26456,28221,29811,31386,32981,34586,36241,37881,39466,41076,42726,44796,46566,48286,50001,51816,53206,55211,57356,59516,61816,65241,66986]
resources/preprocessed/Interpolated/2020-07-02_12.50.00_RightArm.csv:[16111,17691,19051,20339,22803,24967,26479,28467,30551,32447,35131,37367,39507,41887,43371,46195,47919,49247,50511,53151,55119,57455,60107,62683]
resources/preprocessed/Interpolated/Andre_Squats2_13_10_2020_Belly.csv:[47560,49805,52130,54280,56690,59055,61345,63800,66895,68775,70345,72345,75070,77590,79875,83035,85785,88140,90130,92940,94405,96980,100230,102585,104850,107110,108960,111280,113410,115420,118250,120500,123115,125765,127970,129640,132555,134760,136790,139295,141515,143765,146440,147975,150350,153605,155795,158375,160705,163075,165370,166895,168805,171180,173010,175535,179045,181710,184060,186360,188025,190395,192780,195230,197250,199260,202790,204535,205950,208380,210425,212870]
resources/preprocessed/Interpolated/2020-07-02_12.50.00_Chest.csv:[16663,19735,22043,23439,24607,26219,28103,30059,31347,33643,35687,37323,40387,41823,42931,44611,46779,49467,52439,55315,57587,60363,62879]
resources/preprocessed/Interpolated/2020-07-02_13.00.09_Chest.csv:[27399,28815,30191,31387,33159,35115,37095,38567,39683,41139,42475,43867,45407,47715,50003,51807,53259,55191,56711,58043,60083,61595]
resources/preprocessed/Interpolated/2020-07-02_13.00.09_RightArm.csv:[27455,29487,31311,33239,34531,35707,37055,38979,41099,43079,44499,46923,49167,51647,54327,57231,60107,62331]
resources/preprocessed/Interpolated/2020-07-02_15.13.22_Chest.csv:[23003,25231,26367,28051,30039,31523,32787,34067,36615,37975,40235,42667,45239,47827,49071,50543,51807,53315,55095,56787,58367,60235,61967,64167,65755]
resources/preprocessed/Interpolated/Andre_liegestuetzen1_13_10_2020_Belly.csv:[16996,18831,21436,23556,25336,27056,29536,31576,33846,36781,39126,41496,44851,46521,48226,50091,51841,53646,55726,58076,59991,62921,65841]
resources/preprocessed/Interpolated/2020-07-02_15.31.36_Belly.csv:[72499,74811,77551,78675,80251,81839,83503,85079,86383,88671,91431,93599,95579,98263,99791,101319,102759,105123,106399,107719,109223,110395,111991,113263]
resources/preprocessed/Interpolated/Jan_liegestuetzen2_13_10_2020_LeftArm.csv:[17271,20866,23486,26166,30371,34666,36186,37781,39481,41211,43091,45326,47236,49131,50996]
resources/preprocessed/Interpolated/2020-07-02_15.31.36_Chest.csv:[72595,74791,76023,77295,80055,81983,83379,86395,87663,89163,91395,93607,94931,96699,98927,100363,101839,103907,105307,106419,107919,109111,110359,113279]
resources/preprocessed/Interpolated/Andre_Squats_13_10_2020_RightArm.csv:[60996,62941,64871,67391,69831,71291,72681,74851,76941,79136,81871,84136,86846,88946,91796,93351,95431,97096,99321,102111,104301,106806,109386,111271,112761,115451,118221,120061,122211,124681,127556,130666,132321,134716,137006,139511,142051,144461,147551,149881,152326,154096,156536,158931]
resources/preprocessed/Interpolated/2020-07-02_14.14.32_Chest.csv:[32011,34615,35779,37071,38383,39635,40963,42283,43719,45139,47043,48351,49639,51123,52831,54075,55743,57151,58931,60527,62391,64775]
resources/preprocessed/Interpolated/2020-07-02_15.31.36_LeftArm.csv:[72699,74811,77767,80235,81751,83547,84967,86395,87887,89951,92163,94391,97207,98963,101303,103895,106423,109095,111775]
resources/preprocessed/Interpolated/2020-07-02_15.31.36_RightArm.csv:[72435,76515,78675,81803,83491,85043,86391,88355,89963,92683,94411,97155,98987,101331,103863,106423,109107,111083,112427,113975]
resources/preprocessed/Interpolated/Andre_Squats2_13_10_2020_Chest.csv:[47500,49865,51430,53665,55995,58410,60765,63120,65495,68785,70855,72315,74845,76440,78415,81640,84805,86900,89885,92140,94130,95635,100060,102865,104860,106795,109755,111660,113640,115675,118225,121340,123085,124985,127860,129780,131245,133305,135855,138000,140755,142600,144045,145435,147585,150345,153670,155160,156860,159765,161695,163370,165385,167000,168805,170230,173405,175445,176975,178395,180445,182540,184510,186930,189485,191165,193135,195225,197905,199500,202750,204540,206135,208685,211065,213630]
resources/preprocessed/Interpolated/2020-07-02_14.07.33_LeftArm.csv:[7005,9929,11593,12861,14201,15505,16865,18129,19349,20717,22117,23549,24873,26221,27625,29053,30529,31893,33345,34789,36297,37717,39301,40953,43141]
resources/preprocessed/Interpolated/Andre_Squats2_13_10_2020_RightArm.csv:[47500,49705,51450,53670,55365,58305,60715,63105,65540,68610,72450,73990,75995,77620,79625,81265,82945,84625,86585,88390,89975,91910,93960,96040,98965,100550,103255,105460,107600,110170,111635,113650,115360,117745,120980,123390,124945,126360,128380,129760,132070,134555,136845,139065,141470,142850,144975,147520,148935,151005,153510,155905,158145,159960,161750,164060,165490,166885,168865,170300,173290,175500,176880,178880,180320,181775,183845,185380,186870,188860,190305,192745,195125,197500,201330,203010,204550,206075,208575,210830,212680]
resources/preprocessed/Interpolated/Andre_liegestuetzen1_13_10_2020_LeftArm.csv:[16996,19586,21081,22796,24776,26461,28636,30226,31806,33346,35046,36666,38311,39856,41526,43241,44851,46601,48321,50126,51916,53751,55201,57316,59496,61826,65221,66996]
resources/preprocessed/Interpolated/2020-07-02_13.00.09_LeftArm.csv:[27519,29547,31335,33183,35103,37083,38979,41083,43099,44527,46207,47675,49123,51631,54391,57203,60059,62391]
resources/preprocessed/Interpolated/Andre_liegestuetzen3_13_10_2020_LeftArm.csv:[31098,33903,35628,37278,38908,40468,42098,43858,45558,47318,49203,50638,52493,55008,57453,59508,61353,62823]
resources/preprocessed/Interpolated/Lukas_liegestuetzen1_13_10_2020_LeftArm.csv:[38255,40395,42525,44175,46090,47790,49435,51380,53260,55190,57080,58835,60785,62600,64400,65780,68205,70125,71980,73720,75505,77165,78960,80825,83995]
resources/preprocessed/Interpolated/Andre_Squats2_13_10_2020_LeftArm.csv:[47500,49785,51430,53710,55940,58350,60745,63125,65405,68640,70145,72300,73910,75920,77455,79635,82930,84685,86630,88380,90005,92080,93885,97115,99025,100610,103045,106345,109455,113175,114870,116260,118015,120025,121625,123505,126765,128240,129620,131065,132955,134495,136900,139235,141460,142900,145395,147535,149905,153565,155965,157805,159270,162540,164155,168065,170200,172840,174345,176955,180345,182935,185315,186800,188730,190110,192875,195100,197570,202090,204380,206860,208685,211105,212830]
resources/preprocessed/Interpolated/Andre_Squats_13_10_2020_Belly.csv:[60996,63041,66311,68491,71706,74141,77176,79116,82196,84206,87146,89146,92066,94276,96956,99236,102206,104416,107196,109296,111746,114136,116596,119076,121626,123546,126596,128921,131396,133806,136126,138541,141036,143491,145891,148146,150606,153026,155406,157916]
resources/preprocessed/Interpolated/Andre_liegestuetzen2_13_10_2020_Chest.csv:[40071,42361,45476,47291,50581,52381,54116,56326,59436,61366,64361,67131,68921,71131,73046,75271,77661]
resources/preprocessed/Interpolated/Andre_liegestuetzen2_13_10_2020_LeftArm.csv:[39996,42876,44461,46041,47776,49561,51091,52876,54621,56371,58366,60071,61896,63351,64971,67321,69636,72051,74741,77756,79621]
resources/preprocessed/Interpolated/Lukas_liegestuetzen3_13_10_2020_LeftArm.csv:[11331,13691,17631,19606,23261,24911,26656,28796]
resources/preprocessed/Interpolated/Andre_liegestuetzen1_13_10_2020_Chest.csv:[16996,19236,21126,23571,25296,26926,28616,30476,32811,34406,36686,38361,40011,41516,43176,44806,46516,48246,49996,51831,53731,55721,57316,59171,63051,65216,66996]
resources/preprocessed/Interpolated/Andre_liegestuetzen2_13_10_2020_RightArm.csv:[39996,42451,44016,45686,47341,49076,50701,52436,54111,55926,57791,59531,61381,63366,65241,67461,69671,72091,74766,76471,78661]
resources/preprocessed/Interpolated/2020-07-02_12.50.00_Belly.csv:[16575,18791,20115,21339,22667,24739,26471,29547,31595,33579,35655,37975,40035,42283,44527,46695,47855,49351,51715,53103,54627,56719,58283,59863,62547]
resources/preprocessed/Interpolated/Andre_liegestuetzen3_13_10_2020_Belly.csv:[30998,32823,34413,37053,38633,40193,41928,43783,45403,47228,49018,51243,52658,55563,57858,59888,61438,63228,65183]
resources/preprocessed/Interpolated/Andre_Squats_13_10_2020_Chest.csv:[60996,64756,66241,68436,71196,73271,75166,77011,78516,80236,81971,83616,86981,88556,90176,92001,94291,97191,98786,102231,103646,105346,107011,108676,110406,113496,115116,116891,118891,121471,123541,125701,128251,130696,133751,135426,137846,140411,142841,145166,147576,149916,152326,154751,157211]
resources/preprocessed/Interpolated/Jan_liegestuetzen1_13_10_2020_LeftArm.csv:[84915,86710,88485,90890,94640,96125,98620,100080,101605,103935,106555,110275,114145,115670,118080,119505,122340,125595,127210,129000,131050,133310,134860,137390,141100,142480,144990,146380,148730,150850,152775,154285,156870,161145,162585,165225,168565,172235,174190,176020,180785,182710]
