resources/preprocessed/Interpolated/Lukas_liegestuetzen3_13_10_2020_RightArm.csv:[11011,12381,14126,15726,16911,18166,19436,20911,22356,23761,25236,26991,28421,28731]
resources/preprocessed/Interpolated/Lukas_liegestuetzen3_13_10_2020_Chest.csv:[11151,12301,14116,15701,16821,18156,19431,20851,22256,23731,25261,26986,28676]
resources/preprocessed/Interpolated/Lukas_liegestuetzen3_13_10_2020_Belly.csv:[11176,12416,14146,15746,16821,18056,19481,20811,22261,23641,25211,26911,28586]
resources/preprocessed/Interpolated/Lukas_liegestuetzen2_13_10_2020_RightArm.csv:[36040,37055,38790,40225,41760,43275,45035,46805,48520,50210,51895,53435,55065,56615,58345,60000,61830,63165,64435,65815,66370,67530,68685,69080,70565,71845,72875]
resources/preprocessed/Interpolated/Lukas_liegestuetzen2_13_10_2020_LeftArm.csv:[36050,37155,38600,40260,41835,43320,45060,46745,48420,50110,51755,53605,55050,56585,58295,60065,61855,63185,64495,66255,67535,68835,69330,70545,71800,73210]
resources/preprocessed/Interpolated/Lukas_liegestuetzen2_13_10_2020_Chest.csv:[36005,37075,38755,40285,41805,43270,45080,46760,48420,50210,51770,53455,55060,56585,58220,60000,61830,63230,64280,65860,66350,67540,68655,69020,69355,70490,71875,73165]
resources/preprocessed/Interpolated/Lukas_liegestuetzen2_13_10_2020_Belly.csv:[36035,37145,38745,40245,41840,43310,45175,46700,48485,50200,51785,53460,55080,56590,58215,59875,61785,62760,63225,64330,65390,65830,66360,67530,68640,69085,69420,70495,71785,72610,73170]
resources/preprocessed/Interpolated/Lukas_liegestuetzen1_13_10_2020_Belly.csv:[38000,39590,41185,43040,44795,46465,48260,49995,51865,53665,55585,57365,59230,61215,63020,64675,66675,68575,70550,72240,73980,75715,77500,79200,81095,82250,82770,83300,83995]
resources/preprocessed/Interpolated/Jan_liegestuetzen3_13_10_2020_RightArm.csv:[34485,35110,36260,37685,39215,40590,42005,43465,44880,46175,47610,49240,50840,52655,53760,54750,55850,56130,56910]
resources/preprocessed/Interpolated/Jan_liegestuetzen3_13_10_2020_LeftArm.csv:[34035,34820,35205,35620,36185,37635,39240,40585,42030,43440,44885,46275,47685,49270,51030,51735,52790,53670,54810,55930,56955]
resources/preprocessed/Interpolated/Jan_liegestuetzen3_13_10_2020_Belly.csv:[34045,35140,36240,37710,39115,40545,41910,43375,44835,46130,47610,49160,50960,51730,52670,53690,54700,56275]
resources/preprocessed/Interpolated/Jan_liegestuetzen2_13_10_2020_RightArm.csv:[17096,18421,19381,20736,22101,23321,24841,26126,27521,28866,30201,31621,32996,34366,35961,37436,39216,40851,42581,44506,45496,45806,46901,48171,49111,49501,50281,50956]
resources/preprocessed/Interpolated/Jan_liegestuetzen2_13_10_2020_Chest.csv:[17046,17391,18241,19326,20781,22116,23476,24826,26081,27391,28891,30176,31601,33006,34421,35981,37451,39216,40771,41696,42591,43556,44516,45841,46901,48111,49121,49471,50006,50421]
resources/preprocessed/Interpolated/Jan_liegestuetzen2_13_10_2020_Belly.csv:[16996,17921,19286,20756,22141,23421,24761,26091,27396,28821,30181,31581,32996,34421,35946,37471,39081,40766,41551,42581,43481,44521,45796,46826,48606,49986,50416,50941]
resources/preprocessed/Interpolated/2020-07-02_14.59.59_LeftArm.csv:[73999,74999,75291,76163,77215,77771,78779,79835,81091,81915,82291,83455,84515,85963,86703,88359,89167,89503,90835,91991,92675,93551,94571,95395,96187,97543,98211,99123,99787]
resources/preprocessed/Interpolated/Andre_liegestuetzen2_13_10_2020_Belly.csv:[39996,41136,42801,44376,46001,47741,49416,51061,52776,54496,56281,58101,59891,61731,63726,65726,67861,70096,71036,72591,73641,75391,76606,78696,79956]
resources/preprocessed/Interpolated/Jan_liegestuetzen1_13_10_2020_RightArm.csv:[84900,85545,86735,88260,90195,91945,95875,99910,101600,101875,103695,106040,107665,111395,115435,116515,119375,121815,123420,124605,125390,126440,127290,131080,134785,137220,138595,142270,143995,146160,147635,149940,151355,154010,155425,155810,157350,158075,159455,159870,160290,162330,163915,166210,167425,167970,169220,169690,170820,171805,173270,175495,176815,178610,179430,180180,181280,182935,183910]
resources/preprocessed/Interpolated/2020-07-02_14.59.59_Chest.csv:[74143,74947,75651,76483,77199,77779,78763,79527,79899,81119,81903,82263,83531,84435,85911,86727,87091,88351,89171,89483,90895,92071,93507,94391,94751,95431,96371,97307,97615,98251,99291]
resources/preprocessed/Interpolated/2020-07-02_15.13.22_Belly.csv:[23411,23751,24011,25403,25767,27195,29111,31123,33167,35295,36515,37455,38775,39567,40431,41851,42239,43555,44355,45555,46255,46991,47983,48955,49807,51759,52663,53091,54815,55967,56359,57151,58303,59171,60171,60987,61991,63039,63915,64603,66063]
resources/preprocessed/Interpolated/2020-07-02_15.13.22_RightArm.csv:[23267,24067,25395,25615,27199,28231,29055,31127,32195,33151,34307,35267,36575,37651,38823,39571,39867,41159,42267,43591,44403,44935,45595,46295,47067,47491,48191,48971,49895,50927,51787,52643,53219,53799,54751,55939,56355,57263,58207,59331,59919,60155,60731,62011,62219,63475,63855,64655,65619,66023]
resources/preprocessed/Interpolated/Lukas_liegestuetzen1_13_10_2020_Chest.csv:[38135,39650,41355,43100,44750,46545,48175,50020,51775,53660,55635,57445,59215,61205,62990,64670,66610,68550,70620,72380,73960,75715,77420,79195,81080,83275,83850]
resources/preprocessed/Interpolated/Jan_liegestuetzen1_13_10_2020_Chest.csv:[84915,85650,86730,88225,91940,95795,99770,103745,107515,111415,115365,119350,120885,123345,127280,128655,130920,134645,138480,139700,142215,143855,146015,147575,149885,151420,153900,155690,157815,159870,162220,163915,164590,166165,167925,169615,170915,171525,173065,175445,176900,178135,179420,179970,181410,182855,183805]
resources/preprocessed/Interpolated/2020-07-02_14.20.28_RightArm.csv:[62007,62455,63795,64951,65995,66951,68335,69223,70343,71031,71667,72847,73411,74019,74603,75043,76479,77911,79395,80923,81887,82679,83451,83719]
resources/preprocessed/Interpolated/2020-07-02_14.20.28_Belly.csv:[62343,63003,63755,64927,65959,67119,68275,69391,70487,71631,72883,74003,75207,76451,77939,79331,80895,82631]
resources/preprocessed/Interpolated/2020-07-02_14.14.32_RightArm.csv:[32435,33087,33991,35175,36403,37651,38923,40171,41535,42955,44243,45751,47015,48443,49795,51215,52623,54015,55499,57051,58731,59479,60543,61255,61755,62619,63691,64955]
resources/preprocessed/Interpolated/2020-07-02_15.13.22_LeftArm.csv:[23279,24063,25511,27235,28131,29191,30267,31223,32279,33227,34343,35471,36599,37567,38835,39615,40259,41887,42179,42883,43591,44423,44971,45587,46283,47067,47495,48191,48847,49871,51731,52715,53111,53799,54735,55819,56427,57203,57963,58431,59279,60083,61763,62127,63203,64107,64739,65683]
resources/preprocessed/Interpolated/2020-07-02_14.14.32_Belly.csv:[32563,33227,33987,35127,36399,37663,38947,40227,41519,42835,44307,45671,47047,48431,49751,51187,52623,54027,55447,57015,58675,60567,62567,63403,64975]
resources/preprocessed/Interpolated/2020-07-02_14.59.59_RightArm.csv:[74135,75115,75527,76507,77243,77799,78827,79951,81127,82303,83507,84387,84675,85915,86763,87123,88411,89195,89535,90895,92011,93519,94767,95471,96311,97459,98315,99119,99835]
resources/preprocessed/Interpolated/Jan_liegestuetzen3_13_10_2020_Chest.csv:[34010,34500,35170,36230,37690,39170,40595,42020,43515,44770,46205,47685,49260,51045,51770,52685,53735,54800,56140,56560,56990]
resources/preprocessed/Interpolated/2020-07-02_14.20.28_LeftArm.csv:[61995,62431,62751,63731,64903,65967,66851,67091,67691,68079,68323,68783,69387,70319,70563,71459,72647,72883,73403,74007,74923,75267,76443,77883,79383,80079,80875,82711,83739]
resources/preprocessed/Interpolated/2020-07-02_13.00.09_Belly.csv:[27131,27799,29415,31439,32903,35267,37179,39075,40631,41023,41259,43015,44907,45475,47447,49471,50003,51859,52663,55019,55355,56271,57487,58351,59339,59767,60179,60563,61523,62383]
resources/preprocessed/Interpolated/2020-07-02_14.14.32_LeftArm.csv:[32511,33139,33959,35071,36367,37603,38947,40231,41559,42927,44295,45631,46991,48383,49731,51235,52567,53931,55415,56191,57087,58735,59315,59695,60507,61667,62535,64119,64907]
resources/preprocessed/Interpolated/2020-07-02_11.17.39_Belly.csv:[58795,60731,62327,64171,65759,67435,69115,70879,72855,74587,76219,78059,79807,81871,83715,85631,87135,87755,88871,90039,91703,94283,96163,96751,98851,99479,101631,101903,102803,103915,104879,105839,106371,107703]
resources/preprocessed/Interpolated/Andre_liegestuetzen3_13_10_2020_Chest.csv:[30998,32333,33898,35568,37213,38728,40373,42013,43683,45373,47203,48968,51198,53263,55598,57923,59263,59558,60708,62108,63368,64983]
resources/preprocessed/Interpolated/2020-07-02_11.17.39_Chest.csv:[58963,60763,62351,64135,65711,67467,69131,70867,72871,74499,76279,78095,80043,81859,83603,83903,85707,87191,87763,88871,89903,92139,94307,95327,96131,96811,99479,101619,102275,104035,104843,106419,107767]
resources/preprocessed/Interpolated/Jan_liegestuetzen1_13_10_2020_Belly.csv:[85650,86780,88330,91985,95810,97120,99860,100995,103855,104840,106290,107590,108610,111425,115425,116485,119505,120630,123375,124755,127310,128425,131045,132415,134890,136055,138580,139750,142330,143635,146020,147340,149825,151645,153980,155275,157910,159205,159520,159860,161575,162320,163820,164165,166215,167340,167855,169635,170990,173165,174310,175415,176780,178345,179425,179945,181465,182805,183760]
resources/preprocessed/Interpolated/2020-07-02_11.17.39_LeftArm.csv:[58303,58847,59951,60891,62343,64099,65059,65763,67491,69291,70119,71015,71911,72839,74331,76243,77303,78059,78347,79119,80203,80999,81907,83543,83811,84815,85583,87259,88799,90131,92075,94295,95443,96179,96787,97915,98207,99367,100879,101647,102283,103923,104923,105703,106047,106735,107747]
resources/preprocessed/Interpolated/2020-07-02_14.59.59_Belly.csv:[74159,74919,75695,76447,77239,77983,78803,79547,79823,81119,81867,82219,83539,84443,85903,86683,88291,89127,89455,90835,91687,92075,92639,93531,94339,95383,96315,97415,99143,99547,99815]
resources/preprocessed/Interpolated/Andre_Squats_13_10_2020_LeftArm.csv:[61151,63051,64241,66446,68866,71651,74066,76941,79251,82101,84311,86991,88916,89416,92141,94016,96921,97401,99146,99826,102231,104366,107151,109021,112211,114456,116861,118681,119196,121481,123306,123806,124851,126161,127126,128541,129496,130831,131916,133286,134281,135581,136676,137931,139076,140441,141601,142986,144051,145386,146401,147756,148891,149996,151156,152391,153621,154921,156016,157356,158481]
resources/preprocessed/Interpolated/2020-07-02_14.07.33_Chest.csv:[7005,7709,8961,10209,11501,12749,14169,15413,16669,18029,19253,20593,22009,23445,24733,26045,27481,28893,30369,31741,33181,34653,36069,37609,39121,40757,42457,43385]
resources/preprocessed/Interpolated/2020-07-02_11.17.39_RightArm.csv:[58819,59995,60815,62363,63719,64287,65667,67359,69143,70111,71011,72675,72883,74479,76203,78091,79127,79987,81759,83643,83903,84823,85707,87859,88799,89971,91871,93303,94131,94515,96799,99163,99483,101627,102751,104159,104887,105767,106019,106771,107091,107739]
resources/preprocessed/Interpolated/Andre_liegestuetzen3_13_10_2020_RightArm.csv:[30998,32343,33863,35593,37203,38743,40358,41993,43698,45393,47068,48998,51183,53268,55643,56823,57953,59133,59493,60713,62053,62403,63468,64973]
resources/preprocessed/Interpolated/2020-07-02_12.50.00_LeftArm.csv:[16291,16527,16911,18715,19567,19927,20391,22283,23299,24491,25459,26555,27511,28523,28739,29571,30479,31559,32367,33535,34459,35607,36871,37879,38839,40031,41147,41399,42371,43271,44483,45591,46655,47815,49227,50483,51731,52731,53563,54623,55591,55959,57231,58051,58471,59843,60631,61347,61779,62007,62759]
resources/preprocessed/Interpolated/2020-07-02_14.20.28_Chest.csv:[62015,62347,62971,63763,64931,66051,67183,68279,69399,70531,71667,72891,74043,75259,76507,77939,79391,80931,82699]
resources/preprocessed/Interpolated/2020-07-02_14.07.33_RightArm.csv:[7017,7465,9001,10225,11509,12761,14137,15425,16757,17961,18265,19185,20605,21969,23401,24717,26077,27373,28837,30353,31769,33161,33825,34681,36101,37609,39113,40017,40733,41521,42425,43745]
resources/preprocessed/Interpolated/Lukas_liegestuetzen1_13_10_2020_RightArm.csv:[38140,39635,41250,43200,44760,46610,48160,50020,51770,53770,55640,57455,59385,61245,62910,64860,66820,68535,69760,70620,72370,74010,75715,75985,77580,79455,81100,83245,83850]
resources/preprocessed/Interpolated/2020-07-02_14.07.33_Belly.csv:[7005,7233,7693,8977,10229,11529,12733,14109,15385,16689,17965,19273,20589,21925,23381,24693,26041,27417,28869,30329,31701,33133,34577,36089,37569,39105,40725,41373,42417,43357,44117]
resources/preprocessed/Interpolated/Andre_liegestuetzen1_13_10_2020_RightArm.csv:[17051,18316,20121,22021,23556,25291,26781,28566,30251,31766,33276,34876,36536,38221,39921,41401,43031,44676,46381,48286,49901,51651,53586,55591,57811,60061,61091,63086,64121,64446,65721,66996]
resources/preprocessed/Interpolated/2020-07-02_12.50.00_RightArm.csv:[16419,16655,17831,18695,19859,20559,22359,23307,24599,25455,26399,27507,28655,29575,30523,31587,32383,33327,33583,34559,35623,36699,37951,38899,40043,41283,43343,44515,45519,46707,47855,48115,49267,49959,50315,50579,51767,52803,53635,54659,55579,56387,58055,58731,60327,60639,61307,62119,62827]
resources/preprocessed/Interpolated/Andre_Squats2_13_10_2020_Belly.csv:[47555,49320,50375,51575,52710,53790,54900,56185,57205,58460,59550,60885,61955,63260,64290,65555,69060,72055,72945,74245,76375,77310,79900,83315,84735,86850,89405,90790,91770,94025,96515,97285,98780,99980,101095,104120,105750,107230,107605,108490,110965,112890,115670,118215,119840,123305,124740,125510,128190,130115,132215,133105,134950,136790,139435,141345,143205,144370,146450,149285,150455,151405,153680,155545,157300,158440,160245,160780,161375,161785,162285,163250,165120,165605,166980,167270,168190,169505,169945,170365,170875,173350,175330,177020,178250,180335,183030,185125,185430,188365,190510,191980,193070,195330,197055,198010,200100,201400,201735,202690,204505,206135,207400,209785,210805,211180,212300,213815]
resources/preprocessed/Interpolated/2020-07-02_12.50.00_Chest.csv:[16335,16699,17887,18695,19915,20527,22299,23307,24547,26479,28587,30455,32423,34495,35683,36691,37939,38887,40059,41215,43275,44551,45519,46731,47879,49283,50543,51803,52699,53587,54695,55515,55995,57835,58575,60631,61291,62043,62995]
resources/preprocessed/Interpolated/2020-07-02_13.00.09_Chest.csv:[27123,27779,29431,31379,32987,35103,37147,38887,39115,41319,42995,44891,45603,47423,47791,49459,50039,52111,52595,54951,57527,58127,58375,59299,60479,61587,62395]
resources/preprocessed/Interpolated/2020-07-02_13.00.09_RightArm.csv:[27171,27851,29599,30919,31587,32683,33563,34751,35379,37003,37803,38119,38803,39339,40603,41251,43031,44731,45567,47471,47843,49599,50051,51307,51963,52911,53959,54891,55387,55675,56107,56471,57659,58459,59403,60431,61559,62407]
resources/preprocessed/Interpolated/2020-07-02_15.13.22_Chest.csv:[23127,23687,24047,25631,27223,29039,31235,33259,35315,36575,37427,38167,38855,39591,41903,42347,43599,44335,44975,45599,46271,46959,47479,48187,48959,49895,50907,51807,52591,53091,53859,54767,55903,56435,57247,58271,59303,60131,60779,62119,63219,63483,63879,64759,65995]
resources/preprocessed/Interpolated/Andre_liegestuetzen1_13_10_2020_Belly.csv:[16996,18331,20061,21831,23466,25211,26806,28576,30146,31676,33291,34951,36566,38231,39731,41451,43021,44736,46441,48141,49901,51656,53571,55581,57726,60036,61086,63076,64026,65766,66996]
resources/preprocessed/Interpolated/2020-07-02_15.31.36_Belly.csv:[72271,73355,74163,75143,75427,75811,76143,77035,77963,79591,79975,80295,80615,81859,82487,83211,84751,85991,86911,88731,89923,90987,93171,95331,97399,97683,100115,101267,102083,102387,103171,103851,104787,106371,107399,108251,109083,109839,111023,111823,112791,113559]
resources/preprocessed/Interpolated/Jan_liegestuetzen2_13_10_2020_LeftArm.csv:[17346,18226,19381,20776,22116,23481,24826,26136,27491,28826,30156,31571,33061,34416,35981,37531,39246,40791,41681,42686,43536,44576,45696,46866,48196,49041,49496,49781,50051,50961]
resources/preprocessed/Interpolated/2020-07-02_15.31.36_Chest.csv:[72271,72983,73323,74327,74867,75971,76307,77031,77599,78275,78655,79851,80535,81947,82567,83235,84459,84759,86067,86815,88811,89999,91067,93159,94387,95439,96663,97663,98939,100107,101327,102115,102503,103123,103847,104963,106403,107451,108303,109131,109859,110155,110995,111771,112947,113663]
resources/preprocessed/Interpolated/Andre_Squats_13_10_2020_RightArm.csv:[61386,63081,64231,66346,66636,68631,69796,71631,73796,76931,78986,80446,82151,84266,87061,89381,92051,93996,97321,98786,100421,102216,104421,107181,109041,109626,112111,113686,114446,116831,118526,119256,121521,123336,123851,124886,126131,127176,128491,129516,129901,130786,132036,133331,134306,134696,135581,136721,137971,139096,140426,141576,142941,144046,145306,146421,147741,149081,149966,151146,152476,153641,154931,155991,157256,158476]
resources/preprocessed/Interpolated/2020-07-02_14.14.32_Chest.csv:[32567,33183,34019,35143,36391,37687,38963,40251,41599,42967,44347,45683,47071,48475,49819,51219,52631,54067,55507,57159,58759,60559,62631,64995]
resources/preprocessed/Interpolated/2020-07-02_15.31.36_LeftArm.csv:[72271,72587,72895,73443,74227,74963,76127,76971,77543,78459,78747,79795,80575,81939,83179,83819,85103,86247,86839,87959,88783,89987,91087,92007,92323,92895,93183,94487,95267,96683,97559,99015,99875,101307,102087,102495,103131,103815,104615,105111,106367,107447,108219,109179,110003,110883,111691,112899]
resources/preprocessed/Interpolated/2020-07-02_15.31.36_RightArm.csv:[72271,72559,72899,73879,74443,75071,75775,76927,77491,78251,78915,79795,80515,81843,82131,82443,82991,83231,84463,84699,85099,86099,86839,87751,88787,90023,90975,92063,92863,93087,94407,95107,95399,97627,98991,99663,100235,101335,102543,103111,103535,103855,105131,106387,107483,108299,109167,110251,110979,111763,112895,113779]
resources/preprocessed/Interpolated/Andre_Squats2_13_10_2020_Chest.csv:[47550,49325,50370,51660,52730,53840,54895,56115,57200,58510,59560,60895,61940,63285,64300,65555,69015,72960,74230,76480,79895,83350,84715,86905,90725,91570,93975,96515,96940,98760,101060,104050,105780,106735,107125,107485,108555,110935,112785,115610,118160,119890,123325,124625,125515,128175,129680,130190,132210,133080,134905,136795,139480,141370,144265,146445,149350,151410,153645,155780,157350,158445,160250,160785,161395,161790,163220,165600,166965,167285,168185,170380,173335,175590,177005,178395,180330,183035,185435,188350,190525,191955,193135,195355,198025,200110,201660,202695,204510,206160,207395,209560,210820,211185,212075,213995]
resources/preprocessed/Interpolated/2020-07-02_14.07.33_LeftArm.csv:[7049,7465,7897,8929,10329,11469,12657,14161,15441,16665,17913,19317,20505,21909,23441,24661,26017,27365,28921,30337,31661,33097,34529,36005,37553,39085,40797,42485,43333,43761,44117]
resources/preprocessed/Interpolated/Andre_Squats2_13_10_2020_RightArm.csv:[47500,49255,50350,51655,52715,53785,54890,56125,57190,58510,59585,60890,61960,63170,64280,65525,67115,69145,70970,72100,72945,74215,76525,79820,82450,83430,84595,85385,86935,89295,90725,91585,94005,96425,97540,98535,99360,99835,101075,103440,104295,105425,106405,107180,108535,110115,111545,112675,114675,116790,118180,119835,120670,122605,123610,124695,125615,127535,128195,130290,132420,133120,134855,136665,136950,139335,141530,144200,146425,149025,151600,153710,155855,157430,158470,159805,160265,160740,161415,161795,163205,164660,165625,168210,169965,170370,170995,171375,172190,173315,174805,175520,175900,176775,177885,178365,180040,180825,181900,183010,185195,185780,188085,190665,193180,194390,195690,196770,198005,200525,201290,202480,203210,204510,206160,207380,208355,209840,210835,212055,213390,213870]
resources/preprocessed/Interpolated/Andre_liegestuetzen1_13_10_2020_LeftArm.csv:[17001,18281,19996,21991,23526,25126,26791,28576,30136,31681,33321,34961,36591,38201,39866,41426,43106,44711,46471,48176,49866,51611,53676,55626,57746,60091,61201,61571,63101,64111,65686,66896]
resources/preprocessed/Interpolated/2020-07-02_13.00.09_LeftArm.csv:[27087,27763,28631,29639,30871,31503,32059,32387,33123,34255,35055,36215,37215,38923,40151,41031,41311,42255,43031,44875,45531,47523,48983,50123,50939,51303,52515,54163,54971,56123,56431,56879,57719,58171,59279,60431,61627,61867,62235]
resources/preprocessed/Interpolated/Andre_liegestuetzen3_13_10_2020_LeftArm.csv:[30998,32313,33888,35658,37153,38763,40363,42018,43673,45353,47158,48928,49833,51273,53363,55598,56443,57913,59153,59493,60753,61813,63548,65198]
resources/preprocessed/Interpolated/Lukas_liegestuetzen1_13_10_2020_LeftArm.csv:[38015,39680,41170,43010,44645,46480,48190,49990,51725,53645,55590,57380,59180,61195,62995,64685,66780,68570,68830,70645,72400,73960,75710,76020,77400,79185,81085,82115,82795]
resources/preprocessed/Interpolated/Andre_Squats2_13_10_2020_LeftArm.csv:[47730,49340,50390,51630,52730,53895,54875,56030,57205,58545,59570,60940,61955,63300,64290,65600,66900,69190,71950,72910,74150,76495,79820,82555,83385,84740,86890,89535,90725,91600,92795,93915,96455,97590,98220,98550,99730,100200,101105,103400,104135,105740,106655,107030,108500,110165,110570,111350,112750,113505,114265,115305,118170,119670,120620,122595,123455,123710,124755,125585,127305,127600,128105,129640,130310,132200,132775,134855,136615,136985,139425,141300,141760,144155,146430,147395,148990,149310,151635,153655,155435,157555,158370,159835,160765,161750,163180,164635,165050,165725,166985,168215,170365,171030,171365,173275,174825,175370,175860,176835,177970,180095,180775,183135,185185,185800,187095,187985,188535,190165,190580,191060,191605,193085,195615,197955,200135,201800,202780,204535,205860,206220,207420,208325,209840,210830,211205,212105,213995]
resources/preprocessed/Interpolated/Andre_Squats_13_10_2020_Belly.csv:[61151,63061,64236,66436,68536,68896,69961,71581,74036,76971,78966,82051,84156,85521,87011,89216,92141,94086,95871,96356,97301,99286,100596,100866,101306,102271,104306,106241,107101,109276,111046,112041,114116,116841,118766,119106,121631,123786,125181,126111,127146,128481,129486,130876,131931,133266,134276,135616,136691,138066,139091,140496,141601,143016,144046,145391,146406,147781,148691,150141,151131,152581,153566,155001,155986,157401,158476,158871]
resources/preprocessed/Interpolated/Andre_liegestuetzen2_13_10_2020_Chest.csv:[41111,42866,44486,46001,47791,49401,51136,52756,54556,56281,58076,59951,61731,63726,65651,67791,70066,72591,75396,76396,77391,78161,78841,79986]
resources/preprocessed/Interpolated/Andre_liegestuetzen2_13_10_2020_LeftArm.csv:[41291,42791,44486,46001,47841,49391,51116,52746,54536,56191,58211,59951,61791,63886,65626,65941,67996,70206,71126,72761,73616,75486,76386,78836,79641]
resources/preprocessed/Interpolated/Lukas_liegestuetzen3_13_10_2020_LeftArm.csv:[11126,12491,14086,15746,16806,17971,19421,20966,22291,23776,25371,25936,27051,28691]
resources/preprocessed/Interpolated/Andre_liegestuetzen1_13_10_2020_Chest.csv:[16996,18291,20156,21866,23521,25271,26866,28571,30226,31761,33371,34971,36621,38196,39866,41446,43076,44736,46536,48161,49891,51636,53611,55576,57661,60036,61546,63091,64121,65716,66876]
resources/preprocessed/Interpolated/Andre_liegestuetzen2_13_10_2020_RightArm.csv:[40136,41301,42901,44376,45971,47801,49461,51176,52811,54451,56346,58231,60006,61711,63856,65731,67846,70266,71361,72616,73921,75341,76421,76761,78181,78811,79996]
resources/preprocessed/Interpolated/2020-07-02_12.50.00_Belly.csv:[16363,18691,20527,22375,23363,24503,26479,28571,30491,32383,34519,35699,36799,38903,40047,41259,43471,45559,46739,47879,49307,50547,52727,53503,54707,55427,57695,58667,60559,61291,62059,62995]
resources/preprocessed/Interpolated/Andre_liegestuetzen3_13_10_2020_Belly.csv:[30998,32368,33928,35548,37143,38723,40378,41958,43688,45343,47103,48918,51193,53288,55518,57903,59273,60698,61763,63498,64918]
resources/preprocessed/Interpolated/Andre_Squats_13_10_2020_Chest.csv:[61131,63116,64246,66641,68531,69951,71581,74036,76966,79171,80606,82106,84271,86966,89221,90926,92176,94041,95921,97386,99281,100611,102356,104361,107236,109291,112126,114221,116836,119061,121556,123641,125141,126146,127151,128476,129551,130856,131986,133291,134296,135601,136706,138056,139106,140446,141596,143006,144031,145326,146406,147756,150126,151131,152511,153626,154961,155986,157371,158486,158866]
resources/preprocessed/Interpolated/Jan_liegestuetzen1_13_10_2020_LeftArm.csv:[84925,85640,86870,88160,89350,90225,92000,95780,99755,101640,102815,103640,106220,107680,111435,115275,119380,120960,123375,125230,125605,126445,127250,128660,130865,134690,136030,138570,139730,142260,143870,146055,147575,148095,148510,149855,151360,153960,155615,157785,159765,162260,163915,164335,166165,167685,169625,171535,173005,175180,176940,177925,179440,179875,181605,182790,183765]
