resources/preprocessed/Interpolated/Lukas_liegestuetzen3_13_10_2020_RightArm.csv:[11011,12381,13451,14126,15076,15726,16911,17546,18791,19436,20276,20911,21631,22356,23121,23761,24621,26366,27971]
resources/preprocessed/Interpolated/Lukas_liegestuetzen3_13_10_2020_Chest.csv:[11151,12301,13481,14116,15016,15701,16821,17451,18156,18801,19431,20196,20851,21576,22256,23126,24621,25261,26341,26986,27916]
resources/preprocessed/Interpolated/Lukas_liegestuetzen3_13_10_2020_Belly.csv:[11176,12416,13476,14146,14981,15746,16821,18056,18821,19481,20191,21566,22261,22986,23641,24646,26251,26911,27856]
resources/preprocessed/Interpolated/Lukas_liegestuetzen2_13_10_2020_RightArm.csv:[36040,37055,37825,38790,39500,40225,41015,41760,42570,43275,44340,45035,45970,46805,47760,48520,49360,50210,51145,51895,52805,53435,54425,55065,55985,56615,57540,58345,59375,61200,61830,63810,65190,67530,68485,71220,72460]
resources/preprocessed/Interpolated/Lukas_liegestuetzen2_13_10_2020_LeftArm.csv:[36050,37155,37880,38600,39460,40260,41030,41835,42630,43320,44435,46075,46745,47725,48420,49405,50110,51130,52840,53605,54440,55975,57565,58295,59390,60065,61150,61855,62560,64495,67535,68380,71175,72585]
resources/preprocessed/Interpolated/Lukas_liegestuetzen2_13_10_2020_Chest.csv:[36005,37075,37875,38755,39465,40285,41045,41805,42580,43270,44340,45080,46100,46760,47755,48420,49380,50210,51135,51770,52820,53455,54435,55970,57560,58220,59215,60000,61180,61830,63230,64280,65515,67540,68390,70490,71245,71875,72535]
resources/preprocessed/Interpolated/Lukas_liegestuetzen2_13_10_2020_Belly.csv:[36035,37145,37885,38745,39520,40245,41060,41840,42600,43310,44345,45175,46115,47785,48485,49465,50200,51165,52840,54450,55080,55975,57615,59370,61150,61785,63225,64330,66090,66910,68640,70495,71190,72445]
resources/preprocessed/Interpolated/Lukas_liegestuetzen1_13_10_2020_Chest.csv:[38135,39650,40340,41355,42030,43100,43950,44750,45665,46545,47425,48175,49175,50020,50930,51775,52805,53660,54735,55635,56710,57445,58405,59215,60305,61205,62270,62990,63960,64670,65950,66610,67745,68550,69670,70620,71550,72380,73320,73960,75085,75715,76770,77420,78555,79195,80415,81080,82650]
resources/preprocessed/Interpolated/Lukas_liegestuetzen1_13_10_2020_Belly.csv:[38000,39590,40345,41185,42115,43040,43960,44795,45705,46465,47455,48260,49190,49995,50940,51865,52815,53665,54720,55585,56625,57365,58400,59230,60385,61215,62290,63020,63965,64675,65985,66675,67750,68575,69685,70550,71610,72240,73355,75065,75715,76825,77500,78565,79200,80460,81095,82250,83300]
resources/preprocessed/Interpolated/Jan_liegestuetzen3_13_10_2020_RightArm.csv:[34015,36260,36925,37685,38500,39215,39935,40590,41345,42005,42775,43465,44135,44880,45550,46980,47610,48600,49240,50215,52020,52655,54060,54750,55415]
resources/preprocessed/Interpolated/Jan_liegestuetzen3_13_10_2020_LeftArm.csv:[34250,36185,37010,38440,39240,39960,41360,42030,42775,43440,44145,44885,45645,46275,47065,48650,50330,51030,52030,52790,54160,54810,55450]
resources/preprocessed/Interpolated/Jan_liegestuetzen3_13_10_2020_Belly.csv:[34045,36240,37085,38630,39865,40545,41340,42795,44175,44835,45505,47090,48515,49160,50335,52045,54200,55315]
resources/preprocessed/Interpolated/Jan_liegestuetzen2_13_10_2020_RightArm.csv:[17641,19381,20031,20736,21476,22641,23321,24151,24841,25496,26126,26756,27521,28156,28866,29526,30201,30996,32376,33736,34366,35336,36811,38591,40121,40851,41951,42581,43881,45191,47541]
resources/preprocessed/Interpolated/Jan_liegestuetzen2_13_10_2020_Chest.csv:[17046,19326,20076,20781,21491,22801,23476,24126,24826,25456,26766,28151,28891,29546,30176,30986,32376,33006,33756,34421,35256,35981,36826,38596,40141,40771,41956,42591,43886,44516,45146,46901,47571]
resources/preprocessed/Interpolated/Jan_liegestuetzen2_13_10_2020_Belly.csv:[16996,19286,20051,20756,21436,22141,22796,24141,25436,26091,26731,27396,28186,28821,29561,30946,31581,32391,33796,35321,36826,37471,38546,40151,42001,43831,44521,46826]
resources/preprocessed/Interpolated/Andre_liegestuetzen3_13_10_2020_RightArm.csv:[30998,32343,33218,33863,34788,35593,36378,37203,38013,38743,39553,40358,41268,41993,42928,43698,44648,45393,46443,48113,48998,50318,51183,52273,53268,54678,55643,57953,60713]
resources/preprocessed/Interpolated/2020-07-02_14.20.28_RightArm.csv:[62335,63795,64471,65511,66451,67835,68723,69731,70343,70883,71667,72343,72847,74019,75043,75979,77359,77911,78807,79395,80371,80923,82111,82679,83719]
resources/preprocessed/Interpolated/2020-07-02_14.20.28_Belly.csv:[62343,63003,63755,64427,65483,66607,67119,67767,68275,68891,69987,71131,72331,72883,73503,74683,75207,75963,77331,77939,78839,80279,80895,82067,82631,83999]
resources/preprocessed/Interpolated/2020-07-02_14.14.32_RightArm.csv:[32163,33991,34563,35175,35811,36403,37143,37651,38415,38923,39667,40171,40991,41535,42383,42955,43735,44243,45115,45751,46443,47015,47871,48443,49207,49795,50643,51215,52083,52623,53507,54015,54999,56455,57051,57855,58731,59967,60543,62027,62619,63183]
resources/preprocessed/Interpolated/2020-07-02_15.13.22_LeftArm.csv:[23031,25511,26335,27235,28363,29191,30223,31223,32443,33227,34343,35471,36339,37567,39115,41383,42179,43815,44971,46283,47495,49363,49871,51231,53111,54299,56427,60083,61251,63595]
resources/preprocessed/Interpolated/2020-07-02_14.14.32_Belly.csv:[32563,33227,33987,34627,35831,36399,37115,37663,38379,38947,39655,40227,41007,41519,42315,42835,43743,44307,45103,45671,46459,47047,47823,48431,49227,49751,50651,51187,52039,52623,53475,54027,54919,55447,56447,57015,58155,58675,59971,60567,61951,62567,64411,64975]
resources/preprocessed/Interpolated/2020-07-02_14.59.59_RightArm.csv:[74135,75527,76507,77243,78943,79951,80751,82303,83099,84387,86155,86763,88683,89535,90895,92011,93139,94767,95899,97459,98747]
resources/preprocessed/Interpolated/2020-07-02_14.20.28_Chest.csv:[62347,63763,64411,64931,65495,66051,66651,67183,67811,68895,69399,70035,71163,71667,72375,72891,73543,74723,75259,75959,76507,77367,77939,78811,79391,80343,80931,82131,82699,83995]
resources/preprocessed/Interpolated/2020-07-02_14.07.33_RightArm.csv:[7165,10225,10849,11509,12253,12761,13513,14137,14841,15425,16141,16757,17453,18685,19973,20605,21405,21969,22829,23401,24213,24717,25565,26077,26865,27373,28333,28837,29845,30353,31249,31769,32673,34161,34681,35605,37061,37609,38597,39113,40205,40733,41925,42925]
resources/preprocessed/Interpolated/Lukas_liegestuetzen1_13_10_2020_RightArm.csv:[38140,39635,40340,41250,42020,43200,43920,44760,45680,46610,47390,48160,49025,50020,50950,51770,52705,53770,54690,55640,56720,57455,58400,59385,60355,61245,62280,62910,64030,64860,65975,66820,67730,68535,69610,70620,71545,72370,73325,74010,75085,75715,76735,77580,78540,79455,80435,81100,82620]
resources/preprocessed/Interpolated/2020-07-02_14.07.33_Belly.csv:[7429,8369,8977,9649,10229,10897,11529,12225,12733,13533,14109,14841,15385,16165,16689,17433,17965,18737,19273,20021,20589,21413,21925,22841,23381,24177,24693,25533,26041,26853,27417,28305,28869,29789,30329,31181,31701,32633,33985,34577,35541,36089,37069,38509,39105,40189,40725,41909,42417,42985,43957]
resources/preprocessed/Interpolated/2020-07-02_13.00.09_RightArm.csv:[27171,29599,30343,31587,32191,33315,35379,36079,37003,37939,38803,39959,42035,48475,50051]
resources/preprocessed/Interpolated/Jan_liegestuetzen3_13_10_2020_Chest.csv:[34010,36230,37065,38470,39170,39965,40595,41255,42020,42840,43515,44145,45580,47060,48635,50350,51045,52055,52685,54135,54800,56140]
resources/preprocessed/Interpolated/2020-07-02_14.20.28_LeftArm.csv:[62751,63731,64403,65463,65967,66851,68079,68599,69387,70319,70867,71459,72047,72883,74007,74923,75939,76443,77047,77883,78679,79383,80287,80875,81655,82711,83523]
resources/preprocessed/Interpolated-Revised/Jan_liegestuetzen1_13_10_2020_edited_Belly.csv:[72091,73227,74458,75084,75774,76410,77161,78257,79048,80339,81570,82286,82957,83587,84238,85539,86760,87461,88587,89218,89849,91040,91720,93067,94363,95674,97076,98622,100274,100915,102101,103968,105204,106836,108582]
resources/preprocessed/Interpolated/2020-07-02_12.50.00_LeftArm.csv:[16411,21159,22283,22799,24491,25139,26555,28523,29063,30479,31431,33043,35111,36871,39667,41879,43987,45591]
resources/preprocessed/Interpolated/2020-07-02_13.00.09_Chest.csv:[27363,28435,29431,30367,31379,32271,32987,34131,35103,36003,37147,38051,39115,39991,41319,42047,42995,44123,44891,46527,47791,48751,49459,51147,52595,53927,54951,56775,57527]
resources/preprocessed/Interpolated/2020-07-02_12.50.00_Chest.csv:[16019,18695,19327,20527,21179,22299,23023,24547,25347,26479,27367,28587,29403,30455,31431,32423,33499,34495,35315,36691,37759,38887,39595,41215,42311,43275,44403,45519,46415,47879,48851,50543,51659,52699,54531,55515,57091,57835,59667,60631,62683]
resources/preprocessed/Interpolated-Revised/Jan_liegestuetzen1_13_10_2020_edited_LeftArm.csv:[72101,73177,73943,75149,76270,76916,77596,78978,79663,80344,81575,82862,83557,84889,86120,87356,88052,88682,89844,90529,91605,92286,93047,94358,95014,95649,96325,97146,98602,100274,102061,104103,105239,106810,108307]
resources/preprocessed/Interpolated-Revised/Jan_liegestuetzen1_13_10_2020_edited_RightArm.csv:[72141,73207,73833,74463,75119,76415,77041,77736,78958,80239,80920,81620,82857,83517,84223,84849,86070,86831,87461,88567,89268,89954,90584,91690,92316,92952,93582,94353,95679,97116,97746,98582,99208,100274,100900,103252,104663,106270,107426]
resources/preprocessed/Interpolated/Andre_Squats2_13_10_2020_Belly.csv:[47555,49320,50060,51575,52335,53790,54555,56185,56820,58460,59205,60885,61590,63260,63965,65555,67615,69060,70290,72945,73705,76375,78355,79900,81815,83315,86850,88500,91145,93025,94025,95625,96515,102765,104120,105750,109595,112890,116685,118215,119840,122450,125510,127015,130115,131550,134950,135985,136790,137570,139435,140620,141345,142320,144370,145520,149285,151040,153680,154960,156525,157665,158440,159580,163250,164465,166260,166980,168190,169320,173350,174665,178250,179545,183030,184470,188365,189415,190510,193070,194325,198010,199405,201900,202690,203885,205400,206135,207400,208955,209785,210805,212300,213495]
resources/preprocessed/Interpolated/2020-07-02_13.00.09_Belly.csv:[27367,28443,29415,30375,31439,32259,32903,34123,35267,36015,37179,38075,39075,40011,41023,42079,43015,44075,44907,47447,48735,49471,51159,51859,53743,55019,56791,57487]
resources/preprocessed/Interpolated/2020-07-02_14.14.32_LeftArm.csv:[32003,33959,34571,35835,36367,37095,37603,38399,38947,39707,40231,41055,41559,42295,42927,43699,44295,45123,45631,46443,46991,47879,48383,49195,49731,50583,51235,52071,53415,53931,54927,56371,57087,58163,58735,59583,60507,61475,64119,64907]
resources/preprocessed/Interpolated-Revised/Jan_liegestuetzen1_13_10_2020_edited_Chest.csv:[72101,73212,74463,75094,76455,77741,78367,79033,79703,80910,81600,82877,83527,84223,85459,86821,88037,89263,90539,91675,92401,93027,94353,94984,95684,97081,97761,98592,99223,100234,102096,103762,104663,105980,106846,108948]
resources/preprocessed/Interpolated/2020-07-02_11.17.39_Belly.csv:[58227,58795,59559,60731,61435,62327,63131,64171,64899,65759,66543,67435,68227,69115,69915,70879,71687,72855,73415,74587,75295,76219,77107,78059,78911,79807,80819,81871,82723,83715,84667,85631,86479,87755,88419,90039,91043,91703,93211,94283,95623,96751,98119,98851,100719,101903,104379]
resources/preprocessed/Interpolated/Andre_liegestuetzen3_13_10_2020_Chest.csv:[30998,32333,33208,33898,34818,35568,36468,37213,38068,38728,39718,40373,41293,42013,43053,43683,44643,45373,46393,47203,48113,48968,50328,51198,52263,53263,54608,55598,57033,57923,59803,60708,62328,63368]
resources/preprocessed/Interpolated/2020-07-02_11.17.39_Chest.csv:[58227,58963,59827,60763,61439,62351,63123,64135,64903,65711,66551,67467,68215,69131,69891,70867,71743,72871,73491,74499,75311,76279,77095,78095,78931,80043,80799,81859,82687,83903,84643,85707,86471,87763,88407,89903,91019,92139,93219,94307,95603,96811,98095,99479,100699,102275,103411,104035,107767]
resources/preprocessed/Interpolated/2020-07-02_11.17.39_LeftArm.csv:[58303,59419,59951,61427,62343,63171,64099,64871,65763,66483,67491,68211,69291,69871,71015,71715,72839,73347,74331,75283,76243,76811,80203,80779,81907,82679,83811,84663,85583,86227,87259,89187,90131,91003,92075,93203,94295,95271,100375,101647,103423,104511]
resources/preprocessed/Interpolated/2020-07-02_14.59.59_Belly.csv:[74159,75695,76215,77239,79023,79547,81119,81867,83219,84443,86159,86683,87995,89127,91115,92075,93531,94339,95895,96731,97415,98767]
resources/preprocessed/Interpolated/Andre_Squats_13_10_2020_LeftArm.csv:[61151,63051,63741,66446,68226,71651,72896,74066,75186,76941,78331,79251,82101,83301,86991,88296,92141,93221,94016,97401,98531,102231,103421,107151,108331,109021,112211,113201,116861,118001,121481,122761,126161,126876,128541,129271,130831,131571,133286,133981,135581,136376,137931,138676,140441,141151,142986,144051,145386,146141,147756,148446,149996,150856,152391,153211,154921,155636,157356,158141]
resources/preprocessed/Interpolated/2020-07-02_14.07.33_Chest.csv:[7201,8409,8961,9633,10209,10849,11501,12217,12749,13569,14169,14861,15413,16169,17429,18029,18729,19253,20009,20593,21429,22009,22841,23445,24193,24733,25541,26045,26885,27481,28313,28893,29805,30369,31197,31741,32677,33181,34085,34653,35561,36069,37085,37609,38553,39121,40265,41949,42457,43049,44065]
resources/preprocessed/Interpolated/2020-07-02_11.17.39_RightArm.csv:[58235,59495,60815,61415,62363,63203,64287,64843,65667,66447,67359,68151,69143,69919,71011,71679,72883,73399,74479,75351,76203,77159,78091,79187,79987,80831,81759,82751,83643,84647,85707,86443,87859,89971,91003,91871,93367,94131,95575,96799,99163,100403,101627,103403,104159]
resources/preprocessed/Interpolated/2020-07-02_14.59.59_Chest.csv:[74143,75651,76279,77199,79027,81119,81903,83531,84435,86135,86727,88655,89171,91079,92071,93207,94751,95903,96747,97307,98791]
resources/preprocessed/Interpolated/2020-07-02_14.59.59_LeftArm.csv:[73999,74999,76279,77771,78379,79835,81091,81915,83823,84515,85671,87859,89503,91079,91991,93171,94571,96743,97543,98611]
resources/preprocessed/Interpolated/2020-07-02_12.50.00_RightArm.csv:[16151,20559,21211,22359,23015,24599,25147,26399,27415,28655,29455,30523,31419,32383,33079,34559,35143,36699,37743,38899,40415,41283,42295,43343,45519,46451]
resources/preprocessed/Interpolated/Andre_liegestuetzen1_13_10_2020_RightArm.csv:[17451,18316,19186,20121,20971,22021,22656,23556,24376,25291,26056,26781,27631,28566,29411,30251,30961,31766,32641,33276,34246,34876,35726,36536,37446,38221,39086,39921,40626,41401,42406,44051,45761,47416,48286,49296,51021,51651,52936,53586,54881,55591,56871,57811,59096,60061]
resources/preprocessed/Interpolated/Andre_liegestuetzen2_13_10_2020_Belly.csv:[40191,41136,42081,42801,43611,44376,45201,46001,46911,47741,48616,49416,50286,51061,52136,52776,53756,54496,55606,56281,57391,58101,59241,59891,61086,61731,63051,63726,64876,65726,67056,67861,69281,70096,71671,72591,74321,75391,76146]
resources/preprocessed/Interpolated/2020-07-02_15.13.22_Belly.csv:[23663,25767,26435,27195,28287,29111,30263,31123,32375,33167,34511,35295,36775,37455,38971,39567,41019,42239,43847,44355,46503,47487,48631,49807,51331,52143,52663,54395,56175,59171]
resources/preprocessed/Interpolated/2020-07-02_15.13.22_RightArm.csv:[23795,25615,26403,27199,27899,29055,30339,31127,32431,33151,34599,35267,36827,37651,39051,39867,41331,42267,43591,44403,46295,47067,48971,49895,52055,53219,54411,56355,59919,60443]
resources/preprocessed/Interpolated/2020-07-02_15.13.22_Chest.csv:[23203,25631,26463,27223,28355,29039,30235,31235,32435,33259,34587,35315,36759,37427,39007,39591,41051,42347,43831,44335,46271,46959,48959,49895,51419,52087,52591,54395,55903,57735,59303,61459,63219]
resources/preprocessed/Interpolated/Andre_liegestuetzen1_13_10_2020_Belly.csv:[16996,18331,19211,20061,21101,21831,22706,23466,24461,25211,26076,26806,27761,28576,29436,30146,31021,31676,32626,33291,34141,34951,35906,36566,37486,38231,39096,39731,40636,41451,42346,43021,44061,44736,45736,46441,47406,48141,49261,49901,50981,51656,52911,53571,54841,55581,56986,57726,59141,60036,62021,63076,64836,65766]
resources/preprocessed/Interpolated/2020-07-02_15.31.36_Belly.csv:[72387,88731,90111,90987,92287,93171,94599,95331,96899,99191,100115,101575,102387,104051,104787,105995,107399,109083,109839,111823,112791,113975]
resources/preprocessed/Interpolated/Jan_liegestuetzen2_13_10_2020_LeftArm.csv:[17346,19381,20776,21491,22776,23481,24826,26136,27491,28826,29531,31016,32461,33796,35321,35981,36796,37531,38621,40166,42061,43951,45141,47561]
resources/preprocessed/Interpolated/2020-07-02_15.31.36_Chest.csv:[72271,88811,90239,91067,92279,93159,94583,95439,96859,97663,99231,100107,101539,102503,103847,104963,106015,107451,108779,109367,111771,112947,113975]
resources/preprocessed/Interpolated/Andre_Squats_13_10_2020_RightArm.csv:[61386,63081,64231,66346,68031,71631,73001,73796,75296,76931,78281,78986,82151,83321,87061,88371,92051,93251,93996,97321,98506,102216,103536,107181,108371,109041,112111,113181,116831,117951,121521,122651,126131,126846,128491,129276,130786,131651,133331,133961,135581,136391,137971,138751,140426,141166,142941,143646,145306,145996,147741,148461,149966,150851,152476,153191,154931,155641,157256,158081]
resources/preprocessed/Interpolated/2020-07-02_14.14.32_Chest.csv:[32039,34019,34615,35143,35839,36391,37123,37687,38427,38963,39699,40251,41019,41599,42339,42967,43755,44347,45115,45683,46463,47071,47887,48475,49247,49819,50683,51219,52123,52631,53483,54067,54991,55507,56479,57159,58179,58759,60003,60559,61983,62631,64499]
resources/preprocessed/Interpolated/2020-07-02_15.31.36_LeftArm.csv:[72407,89707,91087,92283,93183,94487,95267,96347,97179,99227,99875,101307,102495,104119,105983,107447,108803,110003,111403,112899,113875]
resources/preprocessed/Interpolated/2020-07-02_15.31.36_RightArm.csv:[72271,90975,91879,92863,94595,95399,96851,97627,98807,100235,102543,103355,105131,105887,106819,107483,108783,110251,111483,112895,113779]
resources/preprocessed/Interpolated/Andre_Squats2_13_10_2020_Chest.csv:[47550,48375,49325,50065,51660,53840,54535,56115,56815,58510,59185,60895,61585,63285,63915,65555,67600,69015,70350,72960,73645,76480,78320,79895,81825,83350,86905,88535,91570,93005,93975,95635,96515,102760,104050,105780,109595,110935,112785,116675,118160,119890,122460,123325,125515,127035,128175,130190,131565,134905,136080,136795,137575,139480,140625,141370,142335,144265,145485,146445,149350,151035,153645,154965,155780,156505,157640,158445,159585,160785,163220,164475,165600,166270,167490,168185,169395,173335,174660,175590,178395,179540,180330,183035,184485,188350,189445,190525,193135,194505,198025,199400,201915,202695,203885,205425,206160,207395,208940,210185,210820,212075,213570]
resources/preprocessed/Interpolated/2020-07-02_14.07.33_LeftArm.csv:[7173,9613,10329,10957,11469,12157,13561,14161,14809,15441,16165,17409,17913,18753,19317,20001,20505,21397,21909,22829,23441,24157,24661,25509,26017,26861,27365,28289,28921,29761,30337,31165,32609,34029,35493,36005,37057,38485,39085,40065,40797,41869,42485,43333]
resources/preprocessed/Interpolated/Andre_Squats2_13_10_2020_RightArm.csv:[47500,49255,50100,51655,52360,53785,54545,56125,56820,58510,59155,60890,61700,63170,63950,65525,67445,69145,70290,72945,73830,76525,78240,79820,81790,83430,84245,86935,88380,90725,92755,94005,95650,96425,97540,102815,104295,105425,109165,112675,117025,119835,122060,125615,126970,130290,131495,134855,135990,136665,139335,140585,141530,144200,145510,149025,150985,152050,153710,155025,155855,157605,158470,159570,163205,164460,168210,169400,173315,174610,177885,179500,183010,184430,188085,189650,193180,194280,198005,199490,200525,202480,203940,205455,206160,207380,209000,209840,210835,212055,213995]
resources/preprocessed/Interpolated/Andre_liegestuetzen1_13_10_2020_LeftArm.csv:[17001,18281,19151,19996,21091,21991,22746,23526,24496,25126,26166,27756,28576,29296,30136,31001,31681,32601,33321,34181,34961,35781,36591,37561,38201,39096,39866,40771,41426,42326,43106,44066,44711,45851,47546,48176,49256,50976,51611,52956,53676,54931,55626,56906,57746,59211,60091]
resources/preprocessed/Interpolated/2020-07-02_13.00.09_LeftArm.csv:[27087,29639,30291,31503,32555,33123,33743,35987,37215,38339,38923,40371,43031,48471,48983,50123,52515,53499]
resources/preprocessed/Interpolated/Andre_liegestuetzen3_13_10_2020_LeftArm.csv:[30998,32313,33248,33888,34853,35658,36518,37153,38098,38763,39643,40363,41233,42018,43048,44558,45353,46433,47158,48198,48928,50398,51273,52328,53363,54768,55598,57078,57913,59978,60753]
resources/preprocessed/Interpolated/Lukas_liegestuetzen1_13_10_2020_LeftArm.csv:[38015,39680,41170,42070,43010,43950,44645,45690,46480,47415,48190,49095,49990,50925,51725,52795,53645,54705,55590,56560,57380,58355,59180,60335,61195,62170,62995,63875,64685,65920,66780,67770,68830,69665,70645,71565,72400,73325,73960,75085,76775,78555,79185,80365,81085]
resources/preprocessed/Interpolated/Andre_Squats2_13_10_2020_LeftArm.csv:[47730,49340,50045,51630,52310,53895,56030,56840,58545,59570,60940,61580,63300,64830,65600,66525,69190,70660,72910,73555,76495,78250,79820,81730,83385,84130,86890,88390,89535,93915,95560,96455,102715,103400,107030,109575,112750,116950,119670,121970,125585,126930,130310,131470,134855,136040,137640,139425,140570,141300,142355,144155,145475,146430,149310,150940,151635,153655,154885,158370,159545,160430,162040,163180,164435,166420,168215,169345,173275,174715,177970,179470,183135,184455,187985,189355,190580,193085,194615,197955,199335,201980,202780,203895,204535,207420,208960,209840,210495,212105,213560]
resources/preprocessed/Interpolated/Andre_Squats_13_10_2020_Belly.csv:[61151,63061,63806,66436,67926,71581,72856,74036,75016,76971,78301,82051,83281,87011,88351,89216,92141,93411,96521,98521,102271,103441,107101,108341,109276,112041,113361,114116,116841,118041,118766,121631,122661,126111,126766,128481,129166,130876,131561,133266,135616,136316,138066,138696,140496,141171,143016,143651,145391,146071,147781,148451,150141,150796,152581,153231,155001,155656,157401,158076]
resources/preprocessed/Interpolated/Andre_Squats_13_10_2020_Chest.csv:[61131,61926,63116,63806,66641,67926,71581,72876,74036,75001,76966,78286,79171,82106,83306,84271,86966,88366,89221,92176,93396,97386,98526,101136,102356,103606,107236,108366,109291,112126,113376,114221,116836,118116,119061,121556,122696,123641,126146,126786,128476,129196,130856,131576,133291,133921,135601,136321,138056,138691,140446,141171,143006,143646,145326,146031,147756,148466,150126,150811,152511,153221,154961,155641,157371,158076]
resources/preprocessed/Interpolated/Andre_liegestuetzen2_13_10_2020_Chest.csv:[40301,41111,42046,42866,43586,44486,45286,46001,46876,47791,48586,49401,50381,51136,52101,52756,53666,54556,55596,56281,57351,58076,59206,59951,61016,61731,62991,63726,65021,65651,67096,67791,69266,70066,71651,72591,74251,75396,77251,78841]
resources/preprocessed/Interpolated/Andre_liegestuetzen2_13_10_2020_LeftArm.csv:[40121,41291,42006,42791,43536,44486,45296,46001,46926,47841,48591,49391,50381,51116,52071,52746,53671,54536,55561,56191,57486,58211,59216,59951,60996,61791,63021,63886,64996,65626,67121,67996,69381,70206,72761]
resources/preprocessed/Interpolated/Lukas_liegestuetzen3_13_10_2020_LeftArm.csv:[11126,12491,13146,14086,15031,15746,16806,17541,18791,19421,20271,20966,21606,22291,23156,24741,25371,26431,27931]
resources/preprocessed/Interpolated/Andre_liegestuetzen1_13_10_2020_Chest.csv:[16996,18291,19306,20156,21031,21866,22696,23521,24446,25271,26136,26866,27811,28571,29411,30226,31001,31761,32611,33371,34206,34971,35906,36621,37561,38196,39091,39866,40631,41446,42411,43076,44041,44736,45756,46536,47446,48161,49241,49891,51006,51636,52916,53611,54831,55576,56986,57661,59201,60036,61981,63091,64846,65716]
resources/preprocessed/Interpolated/Andre_liegestuetzen2_13_10_2020_RightArm.csv:[40281,41301,41971,42901,43586,44376,45181,45971,46886,47801,48666,49461,50386,51176,52026,52811,53731,54451,55581,56346,57226,58231,59071,60006,61081,61711,63051,63856,64921,65731,67106,67846,69261,70266,72616,76141]
resources/preprocessed/Interpolated/2020-07-02_12.50.00_Belly.csv:[16051,18691,19351,20527,21175,22375,22951,24503,25339,26479,27363,28571,29451,30491,31495,32383,33491,34519,35335,36799,37751,38903,39747,41259,42307,43471,44415,45559,46471,47879,49151,50547,51671,52727,54547,55427,57099,57695,59667,60559]
resources/preprocessed/Interpolated/Andre_liegestuetzen3_13_10_2020_Belly.csv:[30998,32368,33143,33928,34738,35548,36503,37143,38088,38723,39753,41303,41958,42978,43688,44668,45343,46463,47103,48138,48918,50348,51193,52283,53288,54618,55518,57043,57903,59428,60698,62358,63498]
