resources/preprocessed/Interpolated/Lukas_liegestuetzen3_13_10_2020_RightArm.csv:[10996,12881,14681,17336,19281,20711,22141,23526,25116,26816,28306]
resources/preprocessed/Interpolated/Lukas_liegestuetzen3_13_10_2020_Chest.csv:[12136,13916,15491,16776,18601,20701,22136,23536,25091,26816]
resources/preprocessed/Interpolated/Lukas_liegestuetzen3_13_10_2020_Belly.csv:[12161,13936,15486,17356,19291,20691,22141,23526,25096,26796]
resources/preprocessed/Interpolated/Lukas_liegestuetzen2_13_10_2020_RightArm.csv:[36945,38380,39975,41510,43050,44710,46480,48235,49910,51610,53260,54830,56405,58040,59735,61630,64210,65720,67375,70340,71675,73995]
resources/preprocessed/Interpolated/Lukas_liegestuetzen2_13_10_2020_LeftArm.csv:[37565,39195,40705,42265,43770,45550,47235,49000,50670,52340,53975,55525,57095,58750,60420,62275,64200,65720,67380,70355,72125]
resources/preprocessed/Interpolated/Lukas_liegestuetzen2_13_10_2020_Chest.csv:[37590,39195,40720,42265,43785,45565,47250,49000,50675,52325,53970,55550,57105,58755,60430,62295,64200,65695,67375,68845,70335,71685]
resources/preprocessed/Interpolated/Lukas_liegestuetzen2_13_10_2020_Belly.csv:[37610,39180,40720,42270,43780,45560,47235,48990,50670,52305,53945,55540,57095,58750,60425,62295,64225,65680,67385,71620]
resources/preprocessed/Interpolated/Lukas_liegestuetzen1_13_10_2020_Belly.csv:[39320,40830,42620,44420,46175,47895,49670,51440,53315,55245,57100,58910,60875,62720,64480,66420,68255,70140,72050,73820,75570,77270,79030,80910,83090]
resources/preprocessed/Interpolated/Jan_liegestuetzen3_13_10_2020_RightArm.csv:[34285,36725,38125,39645,41025,42450,43920,45295,46680,48110,49665,51410,53225,54560]
resources/preprocessed/Interpolated/Jan_liegestuetzen3_13_10_2020_LeftArm.csv:[34000,36655,38125,39655,41045,42450,43925,45280,46700,48110,49690,51465,53205,54585,56870]
resources/preprocessed/Interpolated/Jan_liegestuetzen3_13_10_2020_Belly.csv:[35995,37525,38965,40430,41815,43275,44710,46070,47505,49080,50810,52600,54550]
resources/preprocessed/Interpolated/Jan_liegestuetzen2_13_10_2020_RightArm.csv:[17126,19816,21191,22541,23881,25231,26551,27906,29306,30656,32076,33476,34896,36446,37991,39636,41276,43146,45036,46691,49121,50816]
resources/preprocessed/Interpolated/Jan_liegestuetzen2_13_10_2020_Chest.csv:[19821,21211,22571,23941,25246,26586,27936,29326,30716,32101,33506,34916,36461,38011,39661,41321,43161,44416,46696,49211]
resources/preprocessed/Interpolated/Jan_liegestuetzen2_13_10_2020_Belly.csv:[19806,21221,22586,24626,25946,27286,28696,30091,31466,32876,34291,35801,37366,39016,40676,42476,44376,46656,49726]
resources/preprocessed/Interpolated/2020-07-02_14.59.59_LeftArm.csv:[73999,75771,78151,79491,81179,82687,84263,85999,87431,89079,91575,94279,97179,99023]
resources/preprocessed/Interpolated/Andre_liegestuetzen2_13_10_2020_Belly.csv:[40621,42516,44071,45726,47361,49116,50766,52481,54176,55971,57811,59611,61446,63396,65321,67476,69621,72151,74816,77846,79181]
resources/preprocessed/Interpolated/Jan_liegestuetzen1_13_10_2020_RightArm.csv:[86150,88785,91210,94715,96325,98645,100355,102690,104150,106355,108040,110285,111865,114230,115805,118190,119825,122615,126280,127760,129920,131485,133870,135265,137530,139005,141380,142755,145145,146555,149010,150410,153155,154415,157110,158390,159725,161445,162735,165700,169005,171005,172715,174765,176535,178460,181130,182790]
resources/preprocessed/Interpolated/2020-07-02_14.59.59_Chest.csv:[73999,75971,77795,79415,81779,84271,86591,89059,91531,94251,97151,99199]
resources/preprocessed/Interpolated/2020-07-02_15.13.22_Belly.csv:[23267,24323,26019,27683,28707,30675,32827,34895,37199,39427,41635,44255,46891,49731,52551,55587,59103,62975,66011]
resources/preprocessed/Interpolated/2020-07-02_15.13.22_RightArm.csv:[23003,25099,26883,28415,29523,30759,32859,35051,37227,39455,41719,44291,45339,46943,49783,52547,55675,56803,59207,60443,61699,63059,64227,65719]
resources/preprocessed/Interpolated/Lukas_liegestuetzen1_13_10_2020_Chest.csv:[39270,40825,42580,44410,46150,47890,49670,51440,53310,55210,57110,58895,60845,62680,64465,66420,68245,70120,72040,73790,75550,77265,79010,80900,83055]
resources/preprocessed/Interpolated/Jan_liegestuetzen1_13_10_2020_Chest.csv:[85000,86645,88680,90800,92395,94610,96300,98490,100250,102460,104140,106330,107965,110195,111825,114195,115780,118150,119765,122190,123775,126140,127710,129860,131400,133675,135145,137510,138890,141180,142655,144970,146445,148850,150260,152950,154310,156915,158240,160465,162600,165605,168920,172575,176460,179320,180975,182725]
resources/preprocessed/Interpolated/2020-07-02_14.20.28_RightArm.csv:[61995,63675,64879,66487,68179,69295,70847,72063,73295,74471,76379,77783,79259,80719,82539,83963]
resources/preprocessed/Interpolated/2020-07-02_14.20.28_Belly.csv:[62703,64303,65431,66535,68187,69311,70431,71579,72763,73947,75123,76383,77759,79235,80703,82519,84007]
resources/preprocessed/Interpolated/2020-07-02_14.14.32_RightArm.csv:[32003,34491,35619,36887,38175,39435,40691,42031,43391,44791,46195,47567,48919,50303,51691,53099,54495,55971,57535,59227,60427,62455,64887]
resources/preprocessed/Interpolated/2020-07-02_15.13.22_LeftArm.csv:[23099,25199,26779,28699,30623,31635,32835,34995,36739,37983,39455,41731,44283,45343,46951,49775,52543,55671,59195,60499,61667,63015,65607]
resources/preprocessed/Interpolated/2020-07-02_14.14.32_Belly.csv:[32031,34487,35643,36911,38207,39475,40771,42079,43431,44823,46219,47579,48923,50287,51703,53103,54551,55987,57575,59207,60379,62367,64807]
resources/preprocessed/Interpolated/2020-07-02_14.59.59_RightArm.csv:[73999,75031,77171,79371,81887,84295,86587,89135,91619,93499,95119,97175,99123]
resources/preprocessed/Interpolated/Jan_liegestuetzen3_13_10_2020_Chest.csv:[34040,36735,38165,39670,41060,42460,43940,45340,46720,48135,49715,51475,53245,54575]
resources/preprocessed/Interpolated/2020-07-02_14.20.28_LeftArm.csv:[61995,63667,64859,68651,69787,70891,72043,73243,74415,75583,76939,78347,79799,81331,83095]
resources/preprocessed/Interpolated/2020-07-02_13.00.09_Belly.csv:[26999,28143,29859,31771,33391,34547,35583,37515,38555,40407,41411,42451,44519,46999,49135,51599,53115,54163,55427,57215,60091,62411]
resources/preprocessed/Interpolated/2020-07-02_14.14.32_LeftArm.csv:[32003,34459,35587,36867,38143,39415,40699,42043,43367,44791,46183,47503,48899,50271,51671,53075,54423,55907,57639,59199,60995,62467,64875]
resources/preprocessed/Interpolated/2020-07-02_11.17.39_Belly.csv:[58359,60023,61183,62779,64555,66195,67899,69539,71299,73167,74907,76619,78491,80311,82239,84111,85991,88087,90419,91427,93643,94679,96067,97163,98567,101195,102391,103903,105943,107507]
resources/preprocessed/Interpolated/Andre_liegestuetzen3_13_10_2020_Chest.csv:[31883,33623,35223,36878,38488,40093,41718,43403,45088,46818,48563,50678,52793,55043,57478,60233,62908,64838]
resources/preprocessed/Interpolated/2020-07-02_11.17.39_Chest.csv:[58387,60119,61191,62799,64539,66195,67899,69583,71363,73175,74891,76671,78503,80375,82275,84123,86043,87971,89563,91447,93619,94671,96095,97223,98539,101151,102639,103875,105967,107519]
resources/preprocessed/Interpolated/Jan_liegestuetzen1_13_10_2020_Belly.csv:[85020,86690,88770,90795,92415,94490,96340,98495,100290,102465,104145,106350,108000,110230,111910,114155,115870,118135,119865,122090,123855,126160,127760,129885,131455,133710,135255,137505,139025,141205,142760,144965,146510,148845,150285,152945,154365,156870,158380,161205,162770,165620,168910,172555,174440,176430,178155,180980,182725]
resources/preprocessed/Interpolated/2020-07-02_11.17.39_LeftArm.csv:[58227,59907,61931,63571,65275,66903,67963,69655,71375,73163,74811,76603,78603,80527,82267,84131,86023,87723,88855,90491,92507,93615,94731,95987,97223,98567,99735,100795,102075,103831,107579]
resources/preprocessed/Interpolated/2020-07-02_14.59.59_Belly.csv:[73999,76023,77795,79403,81779,84235,86575,88419,89883,91503,94223,97143,99131]
resources/preprocessed/Interpolated/Andre_Squats_13_10_2020_LeftArm.csv:[61591,63491,67041,68876,72111,73386,75591,77421,78726,80361,82501,83801,85381,87546,89876,92546,94436,97766,102691,104861,107656,109516,112601,114826,117291,119701,121916,124246,126521,128906,131221,133676,136016,138406,140871,143371,145741,148161,150446,152881,155366,157756]
resources/preprocessed/Interpolated/2020-07-02_14.07.33_Chest.csv:[7005,8085,9473,10717,12025,13337,14669,15945,17161,18553,19797,21117,22489,23949,25285,26613,27993,29413,30885,32285,33717,35149,36629,38085,39621,40653,42349,44117]
resources/preprocessed/Interpolated/2020-07-02_11.17.39_RightArm.csv:[58339,59955,61191,62851,64587,66199,67879,69555,71383,73155,74919,76631,78511,80415,82267,84123,86187,88119,90379,91491,93679,94691,95963,97227,98611,99695,100791,102015,103875,107611]
resources/preprocessed/Interpolated/Andre_liegestuetzen3_13_10_2020_RightArm.csv:[31003,32783,34433,36043,37683,39268,40888,42488,44188,45878,47628,49463,51678,53763,55103,57653,60308,63073,64793]
resources/preprocessed/Interpolated/2020-07-02_12.50.00_LeftArm.csv:[16395,17723,19051,20907,22783,24963,26935,29027,30919,32875,34971,37203,38223,39367,41727,43783,45983,48383,50887,53935,55295,57499,60247,62995]
resources/preprocessed/Interpolated/2020-07-02_14.20.28_Chest.csv:[62695,64323,65447,66547,68199,69323,70451,71595,72783,73963,75143,76395,77779,79251,80727,82535,84007]
resources/preprocessed/Interpolated/2020-07-02_14.07.33_RightArm.csv:[7493,10017,11337,12649,13977,15265,16565,17857,19109,20409,21809,23253,24601,25945,27301,28741,30221,31629,33069,34529,35973,37481,38965,40645,42333,43649]
resources/preprocessed/Interpolated/Lukas_liegestuetzen1_13_10_2020_RightArm.csv:[39280,40785,42505,44360,46115,47875,49565,51425,53210,55170,57125,58875,60815,62675,64420,66430,68235,70060,72045,73780,75525,77245,78980,80895,82620]
resources/preprocessed/Interpolated/2020-07-02_14.07.33_Belly.csv:[8145,9465,10693,12029,13325,14649,15945,17177,18525,19805,21109,22449,23921,25261,26581,27953,29401,30849,32245,33689,35101,36601,38037,39585,40605,42309,44117]
resources/preprocessed/Interpolated/Andre_liegestuetzen1_13_10_2020_RightArm.csv:[17816,19611,21401,23141,24821,26506,28161,29831,31401,33031,34621,36281,37886,39511,41101,42791,44456,46156,47896,49676,51401,53321,55291,57411,59666,62686,65411]
resources/preprocessed/Interpolated/2020-07-02_12.50.00_RightArm.csv:[16043,17727,19047,20935,22783,24959,26935,28999,30919,31955,33847,34975,37175,38187,39379,41723,42763,44935,45971,48399,50907,53211,55195,57531,60187,62995]
resources/preprocessed/Interpolated/Andre_Squats2_13_10_2020_Belly.csv:[47500,49725,52020,54275,56555,58940,61315,63675,65960,67960,69505,73365,75450,76820,78830,80325,82260,83735,86120,88965,92215,93470,96080,98095,100620,103215,105160,110020,112125,117130,119265,122790,125985,127535,130675,132035,135400,137985,139870,141880,144720,146885,149670,151445,154130,155425,156910,158910,160935,163605,164955,166845,168670,171020,173870,175945,178645,179930,181690,183470,184905,186685,188700,190750,193520,194800,196530,198365,199800,201280,203120,204380,207790,209215,210750,212610,213995]
resources/preprocessed/Interpolated/2020-07-02_12.50.00_Chest.csv:[16759,18995,20867,22727,24923,26883,28967,30907,32831,33867,34939,37195,39343,41691,43747,44783,45939,48351,49355,50855,51967,53147,54987,56011,57499,60115,62995]
resources/preprocessed/Interpolated/2020-07-02_13.00.09_Chest.csv:[26999,28195,29887,31759,33463,34547,36439,37467,38523,40395,41575,43447,44539,46999,49151,51523,53003,54335,57227,60091,62411]
resources/preprocessed/Interpolated/2020-07-02_13.00.09_RightArm.csv:[26999,28163,30035,31903,33203,35655,37411,39251,40431,41539,43483,44571,47031,48927,49943,51391,53955,55423,57391,60267,61479]
resources/preprocessed/Interpolated/2020-07-02_15.13.22_Chest.csv:[24163,26011,27691,28727,30691,32819,34979,37203,39439,41651,42711,44267,46907,49763,52551,55647,59163,60471,63011,64291,65747]
resources/preprocessed/Interpolated/Andre_liegestuetzen1_13_10_2020_Belly.csv:[17791,19651,21436,23146,24841,26516,28186,29861,31416,33026,34616,36266,37896,39521,41116,42796,44451,46146,47846,49601,51386,53266,55246,57421,59606,62501,65361,66986]
resources/preprocessed/Interpolated/2020-07-02_15.31.36_Belly.csv:[72847,75219,76559,78323,79399,81735,83739,85827,87263,88347,90575,92715,94987,97247,99607,101919,104459,107131,109779,112543,113975]
resources/preprocessed/Interpolated/Jan_liegestuetzen2_13_10_2020_LeftArm.csv:[19801,21156,22541,23911,25946,27906,29301,30696,32066,33496,34891,36436,37976,39641,41311,43141,44446,46716,49086,50781]
resources/preprocessed/Interpolated/2020-07-02_15.31.36_Chest.csv:[72499,74739,75923,77263,79447,81791,83667,85791,87255,88419,90627,92731,94987,97251,99631,101967,104531,106435,107903,109191,110623,112571,113975]
resources/preprocessed/Interpolated/Andre_Squats_13_10_2020_RightArm.csv:[61566,63476,66831,68461,72081,73466,75691,77416,78711,80346,82576,87386,88856,90471,92541,94451,97746,102686,103946,105571,107621,109481,112526,115411,117291,119746,121956,124786,126521,128901,131241,133671,136011,138406,140871,143376,145741,148151,150451,152891,155361,157756]
resources/preprocessed/Interpolated/2020-07-02_14.14.32_Chest.csv:[32939,34491,35655,36923,38223,39495,40783,42099,43475,44859,46259,47595,48963,50355,51747,53151,54615,56035,57683,59279,60423,62443,64879]
resources/preprocessed/Interpolated/2020-07-02_15.31.36_LeftArm.csv:[72559,74175,75967,77967,79311,81055,82395,83651,85879,87243,88395,90067,91467,92771,95147,96739,98159,100423,102023,104511,106343,107875,109815,112587,113975]
resources/preprocessed/Interpolated/2020-07-02_15.31.36_RightArm.csv:[72271,73851,74903,76955,79575,80879,83571,84603,85775,87243,88431,90099,91495,93559,94975,97235,99191,100583,101999,104583,106315,108007,109191,111327,112615]
resources/preprocessed/Interpolated/Andre_Squats2_13_10_2020_Chest.csv:[47500,49730,52040,54275,56555,58950,61320,63680,65950,67950,69470,70760,73330,75455,76825,78810,80270,82260,83740,86085,88980,92095,93435,96070,99160,100715,103210,105155,110030,112170,117125,119310,122840,126010,127515,130685,131990,135375,137995,139895,141935,144710,146880,149715,154135,155425,156900,158915,160910,163650,164960,166850,168670,171005,173875,175975,178655,179945,181680,183485,184920,186670,188685,189945,191640,193520,194860,196525,198370,199805,201280,203080,204390,207785,209230,210730,212570,213995]
resources/preprocessed/Interpolated/2020-07-02_14.07.33_LeftArm.csv:[7493,9437,10725,12033,13933,15277,16577,17817,19177,20429,21801,23261,24565,25917,27273,28725,30185,31593,33001,34441,35897,37433,38933,40509,42329,43937]
resources/preprocessed/Interpolated/Andre_Squats2_13_10_2020_RightArm.csv:[47500,49710,52050,54260,56545,58930,61305,63665,65960,67965,69625,73395,75410,77040,78670,80260,82240,83910,86035,87345,88850,91180,93085,94400,96100,97975,100845,103265,105230,107595,109955,113155,115000,117150,119315,122525,126075,127385,130610,131905,133915,135330,137985,139845,142010,144640,146945,149455,151470,154130,155480,156955,158935,161670,163520,166860,168670,170520,172010,173800,175095,177675,179925,181760,183480,184910,186715,188565,189940,191750,193535,196575,198350,199900,202955,204415,207805,209435,210780,212535,213995]
resources/preprocessed/Interpolated/Andre_liegestuetzen1_13_10_2020_LeftArm.csv:[17821,19606,21401,23141,24841,26516,28176,29836,31416,33046,34601,36286,37906,39511,41151,42806,44471,46161,47881,49636,51386,53341,55306,57421,59661,62581,65391,66996]
resources/preprocessed/Interpolated/2020-07-02_13.00.09_LeftArm.csv:[26999,28183,30023,31891,33619,35503,37587,38739,40475,41531,43463,44495,45939,48083,50539,51815,53011,55543,57423,60143,61571]
resources/preprocessed/Interpolated/Andre_liegestuetzen3_13_10_2020_LeftArm.csv:[31873,33633,35233,36888,38498,40093,41733,43413,45083,46828,48588,50758,52803,55133,57648,60353,63018,64763]
resources/preprocessed/Interpolated/Lukas_liegestuetzen1_13_10_2020_LeftArm.csv:[38195,40110,41765,43545,45215,46985,48695,50445,52290,54180,56100,57880,59725,61655,63445,65235,67195,69100,71010,72810,74545,76290,77975,79765,81630,83415]
resources/preprocessed/Interpolated/Andre_Squats2_13_10_2020_LeftArm.csv:[48800,50435,52050,54275,56555,58955,61315,63675,65965,68005,69610,71185,73345,75385,76935,78790,80275,82180,83890,86170,88765,91240,93415,96050,98230,99985,101615,103200,105200,109970,113140,117260,119435,122525,126060,127335,129210,130690,131985,133870,135310,138030,139835,141830,144690,146870,149635,151410,154125,156970,158855,162230,163630,164900,166265,168695,170880,173755,175195,177750,179935,181225,183470,184895,186770,188535,189900,191470,193480,194895,196715,198300,199850,201415,203180,207760,209270,210910,212640,213995]
resources/preprocessed/Interpolated/Andre_Squats_13_10_2020_Belly.csv:[61561,63491,67031,68351,72036,73456,75436,77466,78781,80311,82516,83826,87411,88811,90371,92581,93861,97766,99031,102721,103981,105426,107621,109686,112561,117286,119376,121981,124051,126531,128911,131251,133681,136021,138426,140886,143401,145761,148201,150486,152901,155391,157786]
resources/preprocessed/Interpolated/Andre_liegestuetzen2_13_10_2020_Chest.csv:[40591,42506,44061,45721,47361,49106,50761,52481,54171,55966,57816,59611,61451,63401,65326,67486,69691,72161,74821,77706,79206]
resources/preprocessed/Interpolated/Andre_liegestuetzen2_13_10_2020_LeftArm.csv:[40611,42496,44051,45701,47341,49116,50756,52476,54151,55976,57831,59606,61466,63386,65396,67511,69761,72226,74891,78081,79931]
resources/preprocessed/Interpolated/Lukas_liegestuetzen3_13_10_2020_LeftArm.csv:[11251,12906,14631,17351,19251,20691,22106,23556,25091,26796,28316]
resources/preprocessed/Interpolated/Andre_liegestuetzen1_13_10_2020_Chest.csv:[17806,19651,21441,23146,24856,26526,28196,29861,31431,33046,34621,36281,37911,39526,41136,42811,44461,46156,47871,49621,51391,53291,55241,57391,59591,62511,65341,66996]
resources/preprocessed/Interpolated/Andre_liegestuetzen2_13_10_2020_RightArm.csv:[40666,42426,44046,45681,47316,49086,50751,52456,54136,55961,57791,59586,61436,63456,65256,67526,69786,72286,74951,78071,79976]
resources/preprocessed/Interpolated/2020-07-02_12.50.00_Belly.csv:[16779,18995,20863,22755,24911,26879,29007,30903,32847,33875,34927,37207,39347,41687,43759,44783,45911,48351,49423,50847,52039,53127,55031,57503,60107,62995]
resources/preprocessed/Interpolated/Andre_liegestuetzen3_13_10_2020_Belly.csv:[30998,32793,34438,36038,37668,39253,40863,42463,44163,45853,47613,49433,50693,52803,55003,57458,60148,62883,64783]
resources/preprocessed/Interpolated/Andre_Squats_13_10_2020_Chest.csv:[61561,63491,67036,68296,72051,73471,75456,77511,78776,80296,82571,87476,88811,90401,92581,97806,102751,107656,109696,112586,117306,119391,121991,124011,126536,128906,131256,133686,136026,138426,140891,143396,145751,148176,150476,152906,155376,157771]
resources/preprocessed/Interpolated/Jan_liegestuetzen1_13_10_2020_LeftArm.csv:[84900,86685,88695,90270,92450,94600,96265,98550,100235,102610,104150,106280,108005,110160,111840,114255,115750,118235,119740,122005,123790,126265,127740,130090,131415,133475,135145,137615,141300,142645,144940,146490,148965,150275,153040,154350,156940,158285,160390,162650,165595,168935,172600,176505,179235,180980,182715]
