resources/preprocessed/Interpolated/Lukas_liegestuetzen3_13_10_2020_RightArm.csv:[10996,11976,12866,13691,14671,15351,16431,17681,18976,19856,20441,21211,21856,22711,23171,24156,24906,25676,26651,27491,28526]
resources/preprocessed/Interpolated/Lukas_liegestuetzen3_13_10_2020_Chest.csv:[10996,11901,13546,15191,15611,16071,16436,16661,16821,17421,17661,18426,18971,19286,19486,20426,20666,21806,22621,23086,24556,25291,25486,26321,27496,27701,28271,28711]
resources/preprocessed/Interpolated/Lukas_liegestuetzen3_13_10_2020_Belly.csv:[10996,12391,12601,13716,14371,14736,15121,15296,16376,16561,16811,18001,18231,19246,20106,20441,20776,21256,21621,22711,23111,23716,24056,24566,24841,25346,25691,26236,26626,27511,27761,27966,28296,28796]
resources/preprocessed/Interpolated/Lukas_liegestuetzen2_13_10_2020_RightArm.csv:[36000,36755,37555,38305,39160,39885,40725,41425,42260,42745,42935,43780,44000,44705,45650,46405,47285,48175,49040,49625,49840,50780,51295,51500,52385,53170,53960,54770,55605,56060,56315,57065,57950,58895,59675,60515,61525,62300,62495,64070,64880,66420,67195,67920,68670,70150,71485,72635,73785]
resources/preprocessed/Interpolated/Lukas_liegestuetzen2_13_10_2020_LeftArm.csv:[36000,36655,37615,38285,39725,41300,42780,43835,44690,46265,47485,48175,48985,49835,50825,51260,51520,52385,53175,54075,54660,56115,57140,57970,58955,59590,60475,60695,61515,62520,64035,64920,65430,66140,66305,67165,68030,68295,68710,70110,71490,72305,73405,73795]
resources/preprocessed/Interpolated/Lukas_liegestuetzen2_13_10_2020_Chest.csv:[36000,36690,37545,37925,38670,39675,40810,41290,42950,43320,43785,44430,45020,45515,46330,46980,47465,47775,48265,48790,48980,49480,49875,50370,51160,51635,51890,52100,52365,53030,53565,53800,54010,54595,55020,55525,56060,56725,57040,57795,58250,58725,59450,59985,60250,61285,61705,62135,63035,63885,64770,65585,66625,66965,67385,67830,68290,68845,69985,70210,71500,72600,73355,73765]
resources/preprocessed/Interpolated/Lukas_liegestuetzen2_13_10_2020_Belly.csv:[36000,36995,38145,38815,38980,39315,39680,40440,41340,42425,42950,44340,45310,45595,46020,46345,46785,47050,47495,47870,48905,49085,49420,49600,49825,50270,50620,50980,51125,51335,51530,52105,52435,53190,53345,53915,54285,54685,55690,56025,57410,57805,58870,59375,59635,60350,61185,62240,62585,63110,63900,64730,65595,66195,66340,67020,67420,67910,68290,68835,69220,70010,70315,70590,71555,72375,72785,73090,73270,73805,73995]
resources/preprocessed/Interpolated/Lukas_liegestuetzen1_13_10_2020_Belly.csv:[38000,39130,40770,41745,42560,42965,43490,44255,44485,45870,46950,47895,49730,51655,52045,52575,53340,54060,54540,54980,55315,56210,56965,57530,57920,58285,58725,58960,60615,60825,61390,61725,62475,63330,64455,65435,66480,67040,67210,68185,68640,69130,69395,70135,70845,71800,72125,72530,73335,73810,74065,74495,75450,76105,76635,76955,77945,78685,79030,79435,79965,80340,80725,80925,81265,81735,82825,83010]
resources/preprocessed/Interpolated/Jan_liegestuetzen3_13_10_2020_RightArm.csv:[35915,37105,38650,38860,40030,41470,42960,44315,45665,47140,48750,50540,52295,54230,55275,56385]
resources/preprocessed/Interpolated/Jan_liegestuetzen3_13_10_2020_LeftArm.csv:[34000,35905,37200,38185,38610,40080,41445,42925,44330,45670,47085,48720,50545,52305,53300,54195,55475,56225]
resources/preprocessed/Interpolated/Jan_liegestuetzen3_13_10_2020_Belly.csv:[34270,34545,35050,35470,35795,36225,37255,38795,39135,39610,40180,41580,42370,43290,44505,45295,45855,46065,47280,48055,48870,49725,50555,51445,52420,54370,55235,56790]
resources/preprocessed/Interpolated/Jan_liegestuetzen2_13_10_2020_RightArm.csv:[17141,17371,18276,19046,20261,21581,22881,24241,25626,26946,28391,29766,31171,32621,34041,35421,37081,38796,40411,42251,44121,46386,47586,47876,48556,49776,50836]
resources/preprocessed/Interpolated/Jan_liegestuetzen2_13_10_2020_Chest.csv:[16996,17841,18756,20026,20166,21561,22931,24266,25481,27031,28406,29711,31131,32611,34076,35361,37081,38836,39566,40391,42266,44121,46456,47486,48971,49781,50676]
resources/preprocessed/Interpolated/Jan_liegestuetzen2_13_10_2020_Belly.csv:[16996,17376,17636,17821,18526,18736,20326,21686,23086,24411,25176,25706,26541,26991,27271,27981,28501,29826,30676,31241,31476,32671,34066,34331,34856,35591,36026,36431,37121,37946,38841,40496,42306,42711,44231,44911,46511,47406,49006,49446,50451]
resources/preprocessed/Interpolated/2020-07-02_14.59.59_LeftArm.csv:[73999,74787,75907,77047,78243,79419,80363,81687,82759,84159,85347,86503,87499,88943,89887,91439,92471,92859,94103,95055,95583,96959,97923,98351,98467,99543]
resources/preprocessed/Interpolated/Andre_liegestuetzen2_13_10_2020_Belly.csv:[40106,40416,40911,41766,42021,42491,43626,43921,44476,44966,45301,45696,46496,46901,47301,48406,48596,49091,50251,51756,53441,53786,55236,55466,56991,57376,57786,58766,59186,59476,59956,60781,61091,62371,62596,63141,63366,64141,64466,64851,65246,66001,66431,67366,67536,68321,68571,69901,70486,70731,71721,72071,73341,73801,74786,76366,77326,77581,78066,78541,79501,79821,79996]
resources/preprocessed/Interpolated/Jan_liegestuetzen1_13_10_2020_RightArm.csv:[84900,85170,86665,87230,89730,89925,90880,93715,94800,97645,98070,98685,100840,101590,102475,105415,106515,109270,109795,110300,113255,113755,114155,117280,118150,121370,122365,123895,125365,126310,127415,127925,129045,129275,129830,132830,133145,133870,136585,137035,137620,139755,140305,140535,140710,141245,143215,143430,144130,144420,144935,147150,148005,148415,148820,152065,152455,153020,156935,158765,158990,160310,160720,161270,163370,163640,165570,166880,167210,167760,168580,168880,170470,172170,172500,173870,174250,174765,176085,176245,176425,178240,178525,179140,179705,180120,180650,180850,182105,182440,182850,183230,183900]
resources/preprocessed/Interpolated/2020-07-02_14.59.59_Chest.csv:[73999,74223,74663,74815,75007,75703,77203,77751,78103,78659,79359,80063,80807,81723,82087,82299,83107,84127,84263,84715,85159,85523,86483,86887,87123,88015,88443,88887,89319,89543,90515,91543,91899,92227,93035,93223,94583,94883,95847,96143,97555,99063]
resources/preprocessed/Interpolated/2020-07-02_15.13.22_Belly.csv:[23791,23971,25187,25815,26923,27687,28687,29607,30635,31695,32795,33723,34583,34811,35867,37211,37367,38259,39411,39655,40079,40435,41867,42023,42607,43303,44123,45203,45859,46867,47119,47819,48423,49627,49887,50271,50487,51391,52451,52867,53135,53435,54115,54335,55487,55599,55999,56735,57867,58979,59643,60295,61275,61867,62083,62851,64235,64803,65523,65723,66091]
resources/preprocessed/Interpolated/2020-07-02_15.13.22_RightArm.csv:[23591,24219,25099,25995,26879,27847,28591,29675,30639,31727,32747,33843,34903,36059,37103,38287,39303,40615,41615,43019,44115,45311,45735,46831,47879,48387,49595,50627,51063,52403,53547,54015,55427,56763,57439,58979,60279,61063,62859,64195,65095,66095]
resources/preprocessed/Interpolated/Lukas_liegestuetzen1_13_10_2020_Chest.csv:[38000,39165,40400,40550,42100,42450,42930,43180,43480,44135,45705,46105,46595,47075,47645,49455,50160,50605,51390,52625,53080,54780,54915,55770,56355,56530,56705,56915,57110,57620,58000,58635,58850,60095,60370,60700,61065,61820,62030,62205,63605,63970,64430,64980,65495,65800,66355,67440,67815,68225,68415,68785,69330,69805,70085,71035,71630,71770,73070,73340,73540,73835,74080,75270,75470,75970,76810,77165,77550,77910,78480,78975,79210,79380,79745,80110,80790,81025,81560,81790,82735,83995]
resources/preprocessed/Interpolated/Jan_liegestuetzen1_13_10_2020_Chest.csv:[85160,85490,85915,86305,86875,87295,88415,89560,90150,90380,90890,91945,92200,94100,94280,96330,98095,98515,99630,100515,100805,101305,101620,102125,102430,102605,102830,105120,105460,105860,106405,107250,108320,109855,110100,110425,110595,110830,112875,113470,113785,116055,116900,117810,118325,120515,120830,121430,121870,122415,122805,123260,124165,124520,125790,126870,129110,129425,133310,133710,134015,135390,136980,137985,139050,139605,140655,141420,142790,143010,144545,145445,147015,147445,148245,148970,149415,150800,151280,152445,154970,156390,158835,159335,159780,160640,160850,161135,161360,163110,163410,163845,164130,165255,167075,168525,170555,171365,172225,174495,176045,178265,178755,179865,180150,180530,182065,183495]
resources/preprocessed/Interpolated/2020-07-02_14.20.28_RightArm.csv:[62387,63499,64511,65575,66735,67883,68975,70103,71247,72443,73627,74807,76111,77067,77535,78359,78551,79091,79707,80003,80583,81411,82363,83079,84007]
resources/preprocessed/Interpolated/2020-07-02_14.20.28_Belly.csv:[62707,63007,63379,64259,65287,65679,66475,66887,67543,67903,68247,68679,69019,69339,69855,70123,70499,70859,71299,71707,72047,72483,72859,73299,73619,74551,74835,75491,75663,76151,76279,76591,77015,77475,78339,78975,79383,79639,79775,80479,81267,82207,82419,83087,83719,84007]
resources/preprocessed/Interpolated/2020-07-02_14.14.32_RightArm.csv:[32743,33699,34735,35531,36079,36811,37219,37347,38459,39747,40731,41155,41279,42039,42595,43431,43999,44875,45415,46211,46599,47555,48127,48935,49343,49499,50371,50795,50923,51767,52335,53179,53747,55059,55199,56167,56803,58443,59203,59679,60259,61023,61587,62295,63111,63951,64667]
resources/preprocessed/Interpolated/2020-07-02_15.13.22_LeftArm.csv:[23643,23799,23963,25167,25747,26083,26799,27479,27715,28727,29671,30703,31643,32711,33711,34879,35999,37115,38287,38415,39379,40219,40647,41583,42755,43119,44183,45399,45739,46791,47871,48359,49635,50571,51135,52375,53487,53955,55483,56767,57439,58955,60263,60783,61047,62851,64159,64843,64967]
resources/preprocessed/Interpolated/2020-07-02_14.14.32_Belly.csv:[32911,33643,34179,34431,34855,34959,35191,35559,36255,36691,36823,37675,37887,38631,39323,39923,40683,41443,42635,43287,44067,44595,45391,45787,46023,46671,47459,48151,48559,48835,49659,50007,50331,50947,51679,52139,52263,52391,52803,52991,53831,54631,55195,55787,56215,56871,58671,58983,59363,59787,60131,60355,61067,61247,61675,62007,62375,63007,63263,63635,63935,64339,64583,64751,64943]
resources/preprocessed/Interpolated/2020-07-02_14.59.59_RightArm.csv:[74831,75831,77027,78239,79331,80427,80579,81791,82807,82975,84211,85419,86523,87623,88891,90363,91459,92315,92623,92919,94147,95127,95663,96935,97935,98071,98403,99715]
resources/preprocessed/Interpolated/Jan_liegestuetzen3_13_10_2020_Chest.csv:[34000,34620,35660,37140,38520,40135,41580,42835,44425,45820,47170,48805,50595,52360,53175,54300,55440,56810]
resources/preprocessed/Interpolated/2020-07-02_14.20.28_LeftArm.csv:[62167,62395,62631,63459,64523,65559,66727,67859,68939,70099,71251,72427,73607,74787,76047,77439,78951,80427,81391,81675,82359,83115,83535,83959]
resources/preprocessed/Interpolated/2020-07-02_13.00.09_Belly.csv:[26999,28147,29231,29463,29803,30047,30747,31759,32731,33723,34463,34671,35683,36479,36899,37075,37347,37719,38431,38655,39111,39255,39603,40415,41071,41727,42631,43199,43387,43607,43795,44715,46239,47063,47711,47895,49283,49983,50199,50755,51671,52983,53279,54495,55031,55691,56103,57287,58175,59275,59523,60603,61263,61939,62407]
resources/preprocessed/Interpolated/2020-07-02_14.14.32_LeftArm.csv:[32723,33703,34335,34739,35495,36063,36783,37187,37343,38455,39723,40707,41111,41255,42015,42575,43403,43803,43975,44839,45251,45379,46507,47523,47943,48083,48895,49291,49455,50755,51739,52295,53139,53543,53695,55035,56707,58367,59591,60251,61479,62263,63003,63795,64611]
resources/preprocessed/Interpolated/2020-07-02_11.17.39_Belly.csv:[58227,59075,59379,60103,61099,61863,62123,62571,62763,63207,63651,64539,65475,66147,66979,67175,67831,68675,69535,70651,71439,72359,73095,74043,74891,75847,76127,76543,76747,77747,78495,79551,80407,81495,82263,83135,83691,84247,85223,86147,87251,88243,89487,90639,91411,91987,92167,92735,93839,95011,96203,96663,96931,97055,97611,98791,100343,101323,103067,103395,103783,104051,104967,105319,105539,105735,106007,106183,106611,106891,107603]
resources/preprocessed/Interpolated/Andre_liegestuetzen3_13_10_2020_Chest.csv:[31778,32753,33548,34023,34363,35178,35438,35948,36433,36713,37193,37538,38298,38793,39543,39928,41088,41438,41963,42363,42523,42943,43203,44513,44843,45353,45648,45883,46738,47663,48128,48463,48963,49178,49373,50343,50623,51453,51913,52338,52638,53168,53698,54568,55378,55888,56898,57338,57838,58108,58918,59633,59918,61228,62268,62593,63118,63563,64273,64803,65138]
resources/preprocessed/Interpolated/2020-07-02_11.17.39_Chest.csv:[58227,58711,59551,59743,59991,60163,60955,61259,61647,62231,62851,62987,63435,63579,64503,65311,66307,67031,67851,68763,69503,69619,70355,71275,72299,73063,73967,74887,75671,75851,76579,77659,78515,79623,80371,81211,82351,83119,83595,84183,85167,86023,86931,88183,88511,89307,90055,90651,91499,92179,92399,92659,93231,93655,94851,96003,97515,98687,100147,101119,102759,103851,105047,105167,106171,106375,107415,107599]
resources/preprocessed/Interpolated/Jan_liegestuetzen1_13_10_2020_Belly.csv:[85055,85280,85640,85885,86125,87265,88295,88700,89575,89845,90755,91250,92575,93145,93420,93735,94565,94895,96255,96515,98275,98530,99040,100460,101230,101455,102485,102875,103390,103905,105070,105530,106540,107425,108480,108820,109195,109705,109945,110230,110470,110670,112140,113475,113910,114465,114690,116075,117370,117635,117860,118330,120210,120985,121405,122315,122660,123430,124210,125500,126255,126565,127870,129325,130240,131780,132935,133885,134270,135525,136730,137650,139330,140380,140740,141300,142175,143015,144430,145265,146950,148190,148975,149735,150650,152270,152570,153095,154670,155435,156255,157040,157895,158375,158630,159670,160600,161415,163195,163420,164530,165555,166855,168935,169845,170375,170575,171245,172175,172485,173825,174225,176485,177795,178295,179850,180565,180965,182115,183065,183360,183915]
resources/preprocessed/Interpolated/2020-07-02_11.17.39_LeftArm.csv:[58291,59427,60111,61207,61843,62867,63527,64551,65251,66235,66887,67943,68591,69619,70275,71427,72063,73191,73855,75039,75687,76823,77475,78623,79431,80491,81179,82399,82675,83059,84335,84991,86235,86871,88303,89455,90647,91395,92783,93579,95123,96003,97707,98487,100407,101047,103047,103691,105143,105667,105915,106647,107303]
resources/preprocessed/Interpolated/2020-07-02_14.59.59_Belly.csv:[74147,74527,74967,75843,77003,77919,78155,79419,80395,81923,82091,82531,82759,84247,84823,85179,86587,86771,86899,87339,88131,88527,89151,89279,89443,89655,89859,90015,91579,92431,94231,94411,94867,95095,95323,97003,97255,97475,97659,98075,98543,98899,99375,99703]
resources/preprocessed/Interpolated/Andre_Squats_13_10_2020_LeftArm.csv:[62326,63711,64866,65876,66871,67161,67611,67811,68951,69361,69621,72681,74821,77891,79991,80211,81111,82811,84891,85131,86836,87761,87911,89911,93611,94371,95371,96976,98211,98701,99841,100191,103031,105161,108161,108991,109271,110451,112811,115191,116756,117781,118261,119441,119731,119961,122221,122911,123561,124651,126571,127481,128926,129406,129841,131351,132266,133721,134631,136086,136946,138516,139436,140971,142031,143426,144356,145846,146916,148186,149206,150606,151581,153056,154046,155516,156511,157831,158896]
resources/preprocessed/Interpolated/2020-07-02_14.07.33_Chest.csv:[7005,7981,8113,8765,10053,11245,11401,11789,12605,13289,13861,14517,14673,15289,16589,17753,17945,18905,19069,19521,19733,20429,21877,23309,23933,24573,25245,25713,25873,26597,26733,27037,27333,27729,27873,28013,28765,29341,29513,30225,30945,31325,31673,31897,32233,32573,32805,32937,33621,33757,34225,34545,34825,35273,35705,35845,36805,37185,37393,38333,38625,38913,40013,40433,40649,40753,42061,42845,44085]
resources/preprocessed/Interpolated/2020-07-02_11.17.39_RightArm.csv:[58351,59407,59559,60011,61195,61459,61803,62871,63211,63515,64559,64831,65207,66231,66511,66871,67935,68275,68559,69619,69899,70255,71435,71683,72023,73191,73471,73811,75035,75323,75663,76819,77107,77439,78643,79395,80527,80823,81155,82411,82735,83027,84335,84643,85019,86243,86571,86867,88315,89427,90667,91039,91347,92811,93603,95131,95983,97723,98499,100423,100779,101075,103107,103699,105119,106647,107335]
resources/preprocessed/Interpolated/Andre_liegestuetzen3_13_10_2020_RightArm.csv:[31788,32823,33193,33538,34418,35163,36078,36573,36823,37678,38103,38453,39293,40018,40948,41453,41648,42548,43323,44273,45023,45993,46768,47763,48273,48498,49493,49723,50628,51783,52013,52778,53798,54983,56103,56523,57453,58453,60168,61303,61553,61898,62863,64238,65238]
resources/preprocessed/Interpolated/2020-07-02_12.50.00_LeftArm.csv:[16431,16723,17619,19027,19755,20895,21679,22787,23847,24955,25891,26995,27871,29047,29967,31043,31923,33051,33999,35083,36143,37351,38307,39479,40691,41827,42739,43955,44931,46163,47291,48687,49775,51235,52291,54103,55087,56751,57431,59323,60095,62191,62995]
resources/preprocessed/Interpolated/2020-07-02_14.20.28_Chest.csv:[62723,63011,63383,63999,64971,65263,65671,66111,66463,66703,67575,68235,69371,70475,71667,72783,73995,74859,75171,75383,76431,76683,77735,78031,78327,78983,79299,79551,80411,80795,80923,81159,82019,82195,82583,83111,83795,83983]
resources/preprocessed/Interpolated/2020-07-02_14.07.33_RightArm.csv:[7841,8693,9369,9913,10605,11177,11921,12289,12465,13269,13657,13817,14557,15101,15837,16033,16421,17525,17689,18441,18765,18985,19733,20277,21105,21657,22521,23113,24253,24445,25605,26597,27001,27157,28477,29497,30037,30917,31309,31473,32761,32909,34153,34337,35665,35825,37177,38233,38801,39617,40377,41209,42217,42861,44117]
resources/preprocessed/Interpolated/Lukas_liegestuetzen1_13_10_2020_RightArm.csv:[38050,39180,40285,40775,41795,42210,42535,43555,44350,45370,46090,46655,47110,47850,48890,49580,50560,51405,52385,53285,54210,55225,56125,57075,57950,58855,59845,60800,61710,62640,63565,64440,65250,66395,67355,68215,69105,69690,70125,71115,71985,72930,73750,74785,75490,76415,77175,78165,78955,79790,80845,81850,83790]
resources/preprocessed/Interpolated/2020-07-02_14.07.33_Belly.csv:[7905,8721,9085,10089,10277,11733,12481,13277,13861,15177,15669,16501,17653,18077,18433,18665,19045,19357,20469,21749,22369,23213,23933,24569,25193,25781,26541,27277,27905,28017,28641,28953,29205,29997,30765,31509,32133,32857,33721,34309,34853,35681,36157,36869,37161,38793,39361,39573,39693,40157,40473,41229,41409,41661,41977,42513,42861,43469,43813,44117]
resources/preprocessed/Interpolated/Andre_liegestuetzen1_13_10_2020_RightArm.csv:[17781,18831,19271,19611,20636,21136,21386,22356,22801,23131,24026,24781,25716,26186,26456,27346,27816,28221,29076,29501,29811,30641,31386,32201,32981,33801,34326,34586,35466,35921,36241,37096,37591,37881,38731,39466,40306,41076,41971,42726,43651,44161,44356,45331,45841,46061,47056,47561,48701,49311,49556,50616,51086,52451,53206,54351,55211,56241,56401,57356,58666,59516,60976,61236,62466,63651,64191,65241,66521,66986]
resources/preprocessed/Interpolated/2020-07-02_12.50.00_RightArm.csv:[16003,16623,17691,19051,19391,19767,20911,21639,22803,23795,24967,25895,26999,27835,29063,29963,31091,31919,33051,33931,35131,36123,37367,38255,39507,40655,41887,42695,44023,44915,46195,47279,48727,49783,51271,52235,54147,55119,56779,57195,57455,59411,60107,62303,62995]
resources/preprocessed/Interpolated/Andre_Squats2_13_10_2020_Belly.csv:[47500,48460,48950,49220,49805,50815,51180,52130,53000,53380,53950,54280,55280,55840,56690,57595,58255,59055,60070,61345,62455,63800,64825,65765,66180,66720,66895,67655,69930,70345,70645,71785,72085,72610,72785,72955,73135,73510,74020,74305,74545,74800,75070,77245,77590,78840,79050,80940,81195,81480,81765,81915,82140,83910,84315,84690,85785,88140,90960,91455,91985,92175,92565,92940,93360,94280,95160,95415,95610,97890,98235,98430,98745,99405,99870,100230,101205,102585,103935,104850,105090,105570,107110,107670,108960,109710,109950,110655,111960,112230,112770,113160,113910,114195,114735,115110,116095,116445,116700,117255,117610,119125,119520,120500,120870,121530,121875,122660,123205,124080,124760,125000,125765,126135,126525,127335,127545,128455,128745,129780,130925,133480,133715,134020,135740,137665,138535,140260,142370,142685,143870,144425,144810,145315,147590,147975,149825,150100,150350,151330,151570,151880,152210,152685,152995,153385,154585,155065,156935,157570,157775,159010,159780,160070,161380,161910,162355,162790,163240,164100,164420,166045,166545,166895,167870,168805,169285,169485,170480,170840,171180,171920,172380,173145,174005,174215,176425,176955,177870,178185,178765,179045,181000,181325,181710,181860,182415,183170,184060,186360,186755,187165,187325,189065,189205,191345,192865,193940,194595,194860,196115,198010,198500,199885,200205,200555,201890,202155,203625,205180,205950,208380,210425,211775,212055,212870,213565]
resources/preprocessed/Interpolated/2020-07-02_12.50.00_Chest.csv:[16091,16343,16499,16879,17759,18583,19127,19455,19735,20007,21271,21879,22043,22651,22983,23935,24107,24663,25107,25987,26219,26575,27151,27503,27851,28103,28447,28779,28911,29183,29595,30059,30343,30739,31111,31215,31439,31587,32151,33143,33467,34155,35179,36415,37191,37503,37775,38331,39143,39367,39591,40899,41503,41739,41943,42071,42335,42931,43739,44119,45011,45163,46011,46275,47495,48463,48811,49127,49387,50063,50463,50683,50915,51043,51323,52439,53587,53811,54047,54271,54667,55315,56235,57163,57587,57803,58951,59215,59619,60363,61539,62383,62779,62995]
resources/preprocessed/Interpolated/2020-07-02_13.00.09_Chest.csv:[26999,28019,28423,28815,29835,30191,30419,30731,31255,31899,32311,32763,33871,34171,34583,35547,35811,36143,36595,37731,38567,39683,40639,41799,42723,42879,43611,43867,44303,44783,46119,47223,48079,48755,49227,49479,50551,50835,51807,53259,54595,55751,56711,57455,58175,58463,58755,59483,60727,61163,61595]
resources/preprocessed/Interpolated/2020-07-02_13.00.09_RightArm.csv:[26999,28127,28979,29983,30759,31879,32599,33767,34127,34531,35707,36387,37627,38383,39663,40391,41743,42415,43831,44151,44499,46243,46571,46923,48475,49167,50819,51647,53435,54327,56387,57231,58827,59175,59419,60735,62411]
resources/preprocessed/Interpolated/2020-07-02_15.13.22_Chest.csv:[23595,23811,23999,24171,24639,24971,25231,25863,26879,27451,27579,28779,29203,29443,30791,31523,32787,33599,34763,34903,35767,36683,37307,37975,38707,39491,40235,41759,42487,42667,43083,43451,44151,45239,45787,46003,46735,47827,48431,49775,50543,51143,51463,52387,53315,54431,54591,55019,55751,56787,57363,57803,59111,59251,60235,61467,61847,62227,62899,63531,64167,65199,65487,65755,66075]
resources/preprocessed/Interpolated/Andre_liegestuetzen1_13_10_2020_Belly.csv:[17746,17911,18831,19596,20586,20746,21081,21436,22356,22621,24026,24881,25711,26076,26546,27356,28211,29536,30751,31136,31576,31956,32251,32701,33026,33846,34066,34371,34606,36006,37631,39126,40286,41031,42106,42501,42666,43611,44111,45396,45971,47396,47571,48926,49301,51021,52566,52736,54136,54406,55076,55231,56371,56836,57371,58651,58926,59131,60726,61081,61321,62051,62301,62461,63556,64341,64606,65231,66641]
resources/preprocessed/Interpolated/2020-07-02_15.31.36_Belly.csv:[72499,73735,74935,75335,75511,76279,76707,77071,77839,78067,78243,78419,79479,80743,81151,81551,81839,82111,82515,82703,83503,84555,85475,85667,85875,87099,87875,88171,88427,89223,89831,90259,90555,91431,91583,92711,93147,93599,95083,96031,97179,97367,98263,99435,100299,100551,101243,102043,102759,104603,104823,105123,105419,106059,106519,107259,107719,107843,108831,109783,110167,110395,110755,111219,112495,113263]
resources/preprocessed/Interpolated/Jan_liegestuetzen2_13_10_2020_LeftArm.csv:[17001,18831,19011,20301,21596,22856,24191,25536,26916,28376,29641,31021,32496,33951,35456,37016,38726,40376,42196,44126,46321,47671,47986,48426,49856,50391,50631]
resources/preprocessed/Interpolated/2020-07-02_15.31.36_Chest.csv:[72595,73743,73935,74207,74575,74979,75403,75603,75739,76023,76715,77835,78475,79419,80055,80831,81983,83379,84759,85527,85791,86931,88443,88551,89163,90047,90295,90591,90767,91395,92783,93607,94323,94931,95899,97399,97703,97835,98083,99767,100139,100363,101083,101839,102463,102787,103403,104355,105307,105787,106523,106975,107211,107919,108647,109615,110359,111631,112423,113279]
resources/preprocessed/Interpolated/Andre_Squats_13_10_2020_RightArm.csv:[62261,63726,64871,65876,66871,67391,67556,69141,69831,72681,74851,76436,77891,78421,80231,82931,85271,86676,87851,88401,88651,89571,93101,93351,95431,98251,98761,99436,100256,103036,105336,106541,108171,108621,110421,110591,112761,113531,114661,115451,117701,118221,120061,122211,124681,126571,127556,128851,129976,131351,132321,133731,134716,136131,137006,138521,139511,141011,142051,143501,144461,145891,146381,146936,148196,149226,150646,151571,153016,154096,155411,156536,157851,158931]
resources/preprocessed/Interpolated/2020-07-02_14.14.32_Chest.csv:[32979,33231,33567,34091,34291,35147,36411,36851,37551,37791,38147,38719,38883,39283,40135,41499,42919,43223,44107,45651,45887,46247,46523,46943,47543,47983,48351,48555,48891,49639,50111,50391,50847,51123,51423,52199,52571,52831,53623,54683,55431,56211,56563,57151,58015,58307,58591,59139,59671,60527,60891,61991,62391,63011,63695,63899,64343,64775]
resources/preprocessed/Interpolated/2020-07-02_15.31.36_LeftArm.csv:[72699,73735,75823,76507,77767,78519,79247,79359,80235,80979,81751,83547,84891,85499,85651,85843,87159,88383,89259,90515,91451,91799,92623,92751,93659,93803,95015,95783,96099,96251,97207,98471,99527,100343,100775,101891,102871,103411,104383,105359,106999,107959,108475,109731,110667,111099,112443,113287,113899]
resources/preprocessed/Interpolated/2020-07-02_15.31.36_RightArm.csv:[72283,72435,72815,73739,74139,74331,74555,74935,75399,75983,76515,77911,78587,79175,80147,80707,81803,83491,83675,84539,85587,85771,87207,88355,89283,90515,91671,92683,93847,94923,96203,97155,98543,99455,100759,101851,103291,104395,105807,107011,108023,108447,109671,110739,111083,112427,113295,113975]
resources/preprocessed/Interpolated/Andre_Squats2_13_10_2020_Chest.csv:[48540,48750,49865,50805,52150,53135,54340,55350,56635,57645,59055,60110,61385,62475,63750,64795,66715,67565,69835,70855,73720,74845,77320,77530,77770,78415,80770,81100,81640,84805,85645,87940,88735,88910,90835,92140,93295,95635,97900,99040,100060,102865,104860,106080,106425,107805,108090,108405,109755,111660,112830,113640,113880,114420,114750,115080,116735,117845,119615,119855,120105,120345,120625,121165,121340,122470,123740,124570,125500,126340,127100,128420,129140,130405,131245,133305,135855,138000,138170,140755,142600,145435,147585,150345,152295,155160,156860,157170,157965,158155,159155,159765,161695,163060,164410,166050,167000,168805,169605,171185,171905,172835,174200,174690,176305,176975,177795,178055,179140,179565,181255,181685,182710,182990,184510,186265,186930,188015,188940,189485,191165,192620,192990,193885,194340,196120,197210,197470,198550,198710,199500,200560,201280,202145,203835,206135,207010,208685,210695,211065,211420,213630]
resources/preprocessed/Interpolated/2020-07-02_14.07.33_LeftArm.csv:[7921,8681,9357,9929,10613,11177,11933,12297,12469,13697,13813,14537,15097,15837,16453,17145,17593,18685,18837,19717,20285,21097,21657,22505,23069,24277,25609,26993,27129,28377,29897,30025,31313,32697,34153,35629,37117,38201,38613,38765,40345,42021,42833,43685,44069]
resources/preprocessed/Interpolated/Andre_Squats2_13_10_2020_RightArm.csv:[48575,49705,50935,52030,53115,54335,55365,56560,57650,58940,60120,61340,62480,63730,64850,66565,69880,70480,73990,77620,81265,84625,88135,88390,88825,91910,93355,95095,95575,96040,97470,98965,100915,102115,103255,105460,106120,106435,108835,110170,110380,110935,112545,112810,113410,113650,113875,115360,115570,116060,116530,116740,117250,117745,117970,120435,121605,122515,123390,123910,124345,125810,126360,127460,128380,130995,132985,133375,135520,138025,140080,142850,144815,144975,147520,149900,151890,154530,157035,159160,159960,161750,164060,166885,168865,169610,171225,171785,173965,174770,176880,178880,181775,183845,186870,188860,191525,191675,193905,196390,198565,200440,200640,201330,203010,203805,206075,208355,208575,210830,212680,213360,213700]
resources/preprocessed/Interpolated/Andre_liegestuetzen1_13_10_2020_LeftArm.csv:[17761,18851,19371,19586,20631,21081,21401,22351,22796,23061,24051,24486,24776,25731,26161,26461,27366,27836,28151,29076,29496,29801,30621,31131,31361,32231,32711,33826,34261,35476,35876,36226,37591,38741,39141,40326,40786,41026,41991,42701,43651,44181,44376,45331,45751,46051,47076,47571,48816,49281,49511,50586,51001,52461,52971,54396,54911,55201,56521,57316,58686,59101,59496,60861,61226,62441,64286,65221,66356,66996]
resources/preprocessed/Interpolated/2020-07-02_13.00.09_LeftArm.csv:[26999,28143,29027,29979,30787,31875,32643,33731,34547,35703,36455,37671,38383,39659,40411,41747,42447,43819,44527,46207,46899,48295,49123,50763,51631,53327,54391,56199,57203,58779,59419,60771]
resources/preprocessed/Interpolated/Andre_liegestuetzen3_13_10_2020_LeftArm.csv:[30998,31798,32823,33188,33543,34443,34788,35128,36108,36463,37708,38138,38438,39308,39738,40043,40958,41413,42618,43063,43313,44323,44718,45013,46008,46538,46763,47773,48238,48503,49488,49918,50348,50638,51793,52493,54178,55008,56008,56528,57453,58763,60158,61353,61818,62823,64048,64403,65253]
resources/preprocessed/Interpolated/Lukas_liegestuetzen1_13_10_2020_LeftArm.csv:[38000,39160,40395,41800,42525,43635,44175,45370,46090,47105,47650,47790,48885,49435,50580,51380,52530,53260,54250,55190,56275,57080,57975,58835,60055,60785,61760,62600,63535,64400,65370,66395,67390,68205,68720,69250,70125,71215,71980,73000,73720,74795,75505,76460,77165,78200,78960,80015,80825,81955,82335,82810]
resources/preprocessed/Interpolated/Andre_Squats2_13_10_2020_LeftArm.csv:[48565,49785,50930,52025,53170,54335,55380,56600,57695,58980,60140,61345,62320,62505,63720,64705,66205,66415,66750,70145,71740,72500,73910,74215,74680,75120,76550,77455,80980,81310,84685,88380,88920,92080,94885,95260,95575,97305,99025,99685,102160,102655,103045,104305,104650,105145,105475,106345,106525,108610,109455,110040,111040,111820,112545,112795,113785,114235,116015,116260,118015,118840,120025,120205,120425,120585,121625,122005,122430,123505,125670,126765,127220,127770,128240,128600,131065,132955,135620,137820,140170,142900,145180,145395,147535,149905,150235,151685,154660,157050,158115,159270,159955,160155,161335,161525,161895,163495,164155,164525,165885,166280,166820,167070,168780,169735,170925,171415,171975,173040,174345,176110,176955,178940,179090,181370,183855,186465,186800,187500,188730,190950,192735,193915,196200,198650,200170,201280,203020,205435,206165,207985,208685,210015,210400,211105,212830,213900]
resources/preprocessed/Interpolated/Andre_Squats_13_10_2020_Belly.csv:[62021,62711,63651,64756,65446,65646,66116,66526,66946,67556,69161,69341,70441,72466,72751,73206,74926,75341,78031,80011,80996,81351,83051,83341,84971,85711,86111,86961,88051,90161,90871,91071,91951,93061,95171,96181,97321,98301,99351,100181,101131,103181,105231,106171,108191,110241,112281,113001,115061,115861,117861,118031,119861,120291,120791,122421,124271,124491,125551,125701,126596,127921,128921,130041,131396,132546,133806,134836,136126,137246,138541,139751,141036,142111,143491,144521,145206,145891,147211,148146,149306,150606,151776,153026,154321,155406,156581,157916,158996]
resources/preprocessed/Interpolated/Andre_liegestuetzen2_13_10_2020_Chest.csv:[40071,40251,40421,40851,41781,42016,42361,42801,43306,43956,44466,44956,45476,46271,46556,47291,48001,48926,49526,50581,51631,52381,53366,54116,55131,55331,55831,56771,57691,58666,58846,59436,60361,61366,61716,61961,62226,62496,63001,63361,63731,64171,64871,65176,65641,66211,66756,67131,67566,67976,68296,69201,69556,70546,71686,72236,73046,73896,74216,74726,75021,75751,75906,76721,77661,78341,78591,79076,79521,79836]
resources/preprocessed/Interpolated/Andre_liegestuetzen2_13_10_2020_LeftArm.csv:[40466,41706,42141,42456,43291,43701,44946,45376,46581,47011,47316,48711,50451,51701,52176,52381,53851,55156,55636,55866,56996,57736,58816,59286,60646,61156,61356,62556,63101,63351,64526,64971,65321,66546,67321,68791,69296,69636,70706,71176,71696,72051,73236,73726,74741,76081,76666,77756,79446,79621]
resources/preprocessed/Interpolated/Lukas_liegestuetzen3_13_10_2020_LeftArm.csv:[11006,11971,12946,13691,15286,16421,17631,18896,20416,21861,23261,24911,25701,26656,27481,28191]
resources/preprocessed/Interpolated/Andre_liegestuetzen1_13_10_2020_Chest.csv:[17531,18286,19041,19236,19621,21126,22566,22736,24551,26191,26471,26971,27951,29451,29861,31106,31381,31921,32276,32811,34406,35971,36241,37121,37606,37896,38666,39106,39421,39926,40156,41041,42156,42731,43581,44256,45871,47186,47486,48866,49286,49461,50731,51281,52131,52466,53121,54011,54276,55096,56366,57051,57316,57666,58166,58521,59171,60571,60746,61461,61671,61966,62241,62476,63676,64426,65216,66386,66776,66996]
resources/preprocessed/Interpolated/Andre_liegestuetzen2_13_10_2020_RightArm.csv:[40766,41716,42161,42451,43291,43716,44016,44921,45356,45686,46561,47076,47341,48316,49076,49966,50426,50701,51641,52436,53361,54111,55161,55926,56881,57791,58801,59316,59531,60491,61381,62306,62551,63366,64326,65241,66561,67461,68541,69671,70646,70806,72091,73316,74766,75981,76471,77771,78031,79291,79456]
resources/preprocessed/Interpolated/2020-07-02_12.50.00_Belly.csv:[16067,16511,16711,16951,17559,18791,18943,19755,20619,21799,22083,22247,22667,22847,23999,24159,24443,24739,26471,26619,28059,28399,28843,28987,29991,30183,30631,30787,31063,31983,32151,32615,34107,34243,34679,36319,36699,37059,37327,38375,38647,38783,39011,39259,39459,40843,41099,41527,41783,42775,42915,43051,43483,43931,45043,45515,45807,46083,47415,47855,48083,48615,49875,50335,50743,51163,52355,53591,54059,55147,55751,56135,56719,57431,58283,59363,60259,60391,60819,61067,61391,62147,62995]
resources/preprocessed/Interpolated/Andre_liegestuetzen3_13_10_2020_Belly.csv:[31588,32823,33218,33593,34413,35243,36043,36403,36838,37688,38468,38743,39263,39563,40063,40258,40813,41068,41483,42623,43148,43378,44308,44533,44848,45018,45868,46688,47628,47813,48388,50198,51853,52403,52658,53773,53928,54223,54578,54783,55003,55478,56008,56373,56553,56708,56878,57453,58708,59123,60313,61438,61753,62253,62648,63313,64168,64753,64983,65183]
resources/preprocessed/Interpolated/Andre_Squats_13_10_2020_Chest.csv:[62141,63741,64756,65876,67571,69171,73041,73271,74471,74681,75166,78516,80236,81466,82706,83616,84916,86256,86641,87626,88556,90176,91386,93186,93356,93636,94976,96196,96456,96666,97976,98276,98786,99736,100276,101596,102916,103646,105346,106326,107956,108136,108676,110406,111336,112626,112876,113496,115116,116216,116456,118126,119556,119986,122846,124256,124656,125006,125376,125796,126641,127631,128996,129976,131361,132576,133751,134781,136126,137236,138546,139571,139786,140991,142101,143526,144461,145891,147046,148216,149221,150606,151621,153086,154111,155456,156546,157901,158996]
resources/preprocessed/Interpolated/Jan_liegestuetzen1_13_10_2020_LeftArm.csv:[85660,86710,86910,89500,89955,90135,90470,90890,93695,94175,94640,97640,98620,101605,102380,102740,105430,106555,109275,109770,110275,113250,113635,114145,115605,117215,117585,118080,119900,120115,121315,122340,124005,124250,125595,126045,127865,129000,129975,131730,133310,136985,137390,139505,140640,141100,143220,144060,144990,147045,148325,148730,149490,150480,151475,152480,152775,154640,154880,156090,156870,158760,159230,160700,161145,162165,163185,165225,166725,166915,168565,168825,170315,170695,171125,172235,173745,174265,176020,176350,178785,178985,180545,180785,182085,183745]
