resources/preprocessed/Interpolated-Revised/Jan_liegestuetzen1_13_10_2020_edited_RightArm.csv:[72001,73142,73762,74138,74373,74984,75689,76280,76936,77621,78277,78893,79518,80134,80694,81445,82066,82751,83377,84138,84768,85449,86070,86600,87291,87937,88387,89158,89778,90329,91050,91615,92316,92952,93582,94143,94854,95494,96130,96821,97681,98272,99208,99733,100900,101635,102676,103252,104603,105159,106891,107371]
resources/preprocessed/Interpolated-Revised/Jan_liegestuetzen1_13_10_2020_edited_LeftArm.csv:[72001,73082,73572,74328,74959,75579,76270,76916,77596,78217,78908,79453,80069,80684,81305,82066,82766,83382,84123,84753,85439,86065,86600,87221,87967,88397,89033,89844,90474,91135,91605,92226,92786,93442,94158,95014,95649,96275,96936,97561,98412,99213,99768,100825,101530,102686,103152,104618,105119,106810,107341]
resources/preprocessed/Interpolated-Revised/Jan_liegestuetzen1_13_10_2020_edited_Chest.csv:[72001,73212,73828,74463,74974,75604,76305,76926,77616,78237,78993,79623,80144,80769,81515,82146,82776,83397,84223,84844,85459,86080,86720,87341,87887,88612,89263,89879,90504,91120,91675,92296,93027,93647,94353,94984,95684,96300,97081,97711,98592,99213,99803,100234,100855,101545,102096,102696,103267,104013,104603,105154,106260,106846,107401]
resources/preprocessed/Interpolated-Revised/Jan_liegestuetzen1_13_10_2020_edited_Belly.csv:[72001,72987,73838,74458,75009,75664,76290,76976,77641,78257,78873,79478,80204,80825,81540,82081,82801,83397,84238,84773,85474,86040,86760,87381,87957,88532,89218,89798,90409,91040,91650,92261,92952,93577,94363,94959,95594,96280,97076,97696,98207,98622,99228,99748,100249,100855,101545,102051,102686,103212,104023,104593,105149,106350,106836,107346]
resources/preprocessed/Interpolated/Lukas_liegestuetzen3_13_10_2020_RightArm.csv:[10996,12301,12951,14081,14831,15451,16141,16761,17356,17951,18611,19241,19931,20706,21256,22161,22761,23511,24141,25196,25781,26991,27571]
resources/preprocessed/Interpolated/Lukas_liegestuetzen3_13_10_2020_Chest.csv:[10996,11646,12301,13006,13881,14116,14916,15606,16196,16821,17351,17976,18696,19326,20196,20821,21576,22196,22941,23571,24106,24561,25196,25781,26286,26926,27571]
resources/preprocessed/Interpolated/Lukas_liegestuetzen3_13_10_2020_Belly.csv:[10996,11646,12251,12881,13476,14146,14981,15681,16196,16821,17381,17996,18726,19381,20121,20811,21276,21566,22201,22671,22986,23561,24086,24601,25196,25681,26251,26911,27531]
resources/preprocessed/Interpolated/Lukas_liegestuetzen2_13_10_2020_RightArm.csv:[36000,37055,37565,38510,39355,39985,40855,41730,42425,43220,43855,44970,45870,46540,47390,48390,49285,50000,51000,51770,52440,53435,53965,54955,55715,56515,57255,58180,58835,59855,60505,61690,62380,64390,64960,67530,68085,70525,71030,71655,72140]
resources/preprocessed/Interpolated/Lukas_liegestuetzen2_13_10_2020_LeftArm.csv:[36000,37110,37715,38485,39255,40025,40875,41600,42355,43260,43920,44945,45795,46630,47580,48355,49270,50055,51020,51755,52425,53320,54050,54915,55715,56500,57205,58190,58900,59840,60600,61775,62410,64465,65210,67580,68175,70875,71345,71965]
resources/preprocessed/Interpolated/Lukas_liegestuetzen2_13_10_2020_Chest.csv:[36000,36450,37075,37875,38605,39465,40165,40980,41680,42580,43210,43895,44250,44965,45925,46725,47365,47755,48420,49310,50085,51105,51770,52670,53455,54280,54915,55880,56585,57560,58220,58845,59185,59900,60525,61065,61830,62375,64280,64910,67500,68095,70490,71160,71415,71875,72145]
resources/preprocessed/Interpolated/Lukas_liegestuetzen2_13_10_2020_Belly.csv:[36000,36455,37085,37885,38580,39470,40145,40970,41680,42600,43230,43860,44345,44980,45605,45955,46700,47405,47785,48485,49410,50110,51110,51785,52840,53460,53990,54270,54970,55820,56590,57220,58215,58845,59185,59875,60505,61150,61785,62425,64255,64970,67460,68015,70425,70980,71335,71785,71960]
resources/preprocessed/Interpolated/Lukas_liegestuetzen1_13_10_2020_Chest.csv:[38000,39570,40205,40830,41960,42580,43610,43870,44500,45325,45580,46215,47270,48175,48810,49090,49730,50530,50930,51775,52500,53365,54330,54735,55480,56230,57360,58050,58955,59895,60305,60940,61770,62950,63885,64670,65280,66610,67245,67745,68550,69250,69670,70535,71550,72180,73320,73960,74655,75050,75715,76415,76770,77420,77985,78520,79195,79870,80370,81080,81690]
resources/preprocessed/Interpolated/Lukas_liegestuetzen1_13_10_2020_Belly.csv:[38000,39490,40280,40895,42040,42670,43880,44500,45615,46340,47400,48120,49190,49915,50550,51795,52500,53450,54345,55375,56220,57365,58400,59230,59935,60385,61045,61785,62940,63475,64015,64675,65315,66615,67305,67830,68475,69265,70325,71530,72240,73355,73980,75065,75715,76380,76755,77465,78135,79200,79805,80460,81095,81745]
resources/preprocessed/Interpolated/Jan_liegestuetzen3_13_10_2020_RightArm.csv:[34000,36260,36840,37500,38360,38995,39745,40535,41345,41970,42695,43325,43920,44745,45325,46020,46750,47505,48130,49130,49680,50840,51505,52700,53290,54725,55355]
resources/preprocessed/Interpolated/Jan_liegestuetzen3_13_10_2020_LeftArm.csv:[34000,36145,36700,37495,38090,39080,39895,40450,41055,41875,42435,43440,43935,44770,45255,46125,46735,47530,48120,49170,49780,50955,51520,52670,53245,54810,55415]
resources/preprocessed/Interpolated/Jan_liegestuetzen3_13_10_2020_Belly.csv:[34000,35515,36165,36970,37605,38435,38995,39865,40470,41255,41895,42725,43375,44175,44770,45505,46130,46930,47535,48270,48515,49160,49845,50890,51975,52670,53340,54145,54630,55465]
resources/preprocessed/Interpolated/Jan_liegestuetzen2_13_10_2020_RightArm.csv:[16996,19316,19786,20596,21111,22021,22506,23266,23866,24661,25231,25856,26526,27221,27966,28716,29316,30156,30726,31416,32166,32996,33526,34366,35276,35896,36491,37436,38001,39131,39626,40751,41336,42621,43326,44471,45111,47021]
resources/preprocessed/Interpolated/2020-07-02_14.59.59_LeftArm.csv:[73999,74999,75915,77215,78291,79463,80487,81915,82931,84243,85343,86647,87647,89211,90319,91687,92551,94387,95759,96743,97255,98379]
resources/preprocessed/Interpolated/Andre_liegestuetzen2_13_10_2020_Belly.csv:[39996,41136,42006,42801,43611,44376,45201,46001,46911,47741,48616,49416,50286,51061,51966,52776,53706,54496,55461,56281,57286,58101,59151,59891,60546,61731,62376,63726,64656,65726,66371,67861,68541,70096,70736,72581,73246,75391,76081]
resources/preprocessed/Interpolated/2020-07-02_14.59.59_Chest.csv:[73999,74947,76155,77199,78503,79471,80743,81819,82951,84303,85643,86639,87967,89171,90411,91671,93007,94243,95903,96747,97243,98791,98919,99291,99415]
resources/preprocessed/Interpolated/2020-07-02_15.13.22_Belly.csv:[23003,24887,25199,26435,26983,28043,29067,30191,31123,32095,33071,33827,35091,36371,37295,38615,39567,40923,41851,43095,44355,46051,46991,48471,49807,51171,52575,54143,55923,58639,59147,62627,63111]
resources/preprocessed/Interpolated/2020-07-02_15.13.22_RightArm.csv:[23003,25395,26179,26955,27731,28791,29667,30875,31867,32943,33851,35107,36007,37391,38323,39571,40695,41947,43155,44331,45947,46951,48531,49791,51503,52555,54151,56015,58779,59331,60519]
resources/preprocessed/Interpolated/2020-07-02_14.20.28_RightArm.csv:[61995,63743,64367,64703,65251,65783,66363,66863,67491,68031,68607,69123,69731,70247,70883,71427,72059,72699,73251,73803,74459,75003,75691,76479,77079,77911,78575,79243,79739,80895,81443,82607,83091]
resources/preprocessed/Interpolated/2020-07-02_14.20.28_Belly.csv:[61995,62659,63003,63275,63755,64427,64927,65483,65959,66607,67119,67767,68275,68891,69391,69987,70487,71131,71631,72331,72795,73391,73895,74587,75207,75963,76451,77331,77939,78755,79331,79735,80203,80895,81299,82067,82631,83123]
resources/preprocessed/Interpolated/2020-07-02_14.14.32_RightArm.csv:[32003,33963,34563,35063,35543,36311,36803,37651,38099,38923,39375,39923,40739,41535,42043,42763,43443,44243,44875,45691,46219,46947,47551,48347,48943,49795,50371,51147,51779,52523,53023,53943,54515,55499,55939,57051,57855,58659,59235,60543,61159,62711,64995]
resources/preprocessed/Interpolated/2020-07-02_15.13.22_LeftArm.csv:[23003,25199,25395,26171,26859,27763,28963,29783,30859,31747,32883,33779,35167,36035,37283,38335,39615,41383,41887,43403,44311,45355,47235,49363,49735,50991,52531,53475,60083,60579,63143,65183]
resources/preprocessed/Interpolated/2020-07-02_14.14.32_Belly.csv:[32003,32887,33499,33987,34627,35127,35831,36399,37115,37663,38379,38927,39655,40167,41007,41519,42275,42835,43743,44267,45095,45671,46459,46971,47823,48431,49215,49751,50651,51187,52039,52623,53475,54027,54827,55447,55935,56447,56955,57975,58675,59163,59807,60567,60915,61887,62475,63055,64471,64919]
resources/preprocessed/Interpolated/2020-07-02_14.59.59_RightArm.csv:[73999,75115,76027,77243,78615,79447,80627,81927,82847,84331,85467,86659,88071,88763,89195,90403,91783,92835,94335,95835,97303,98595]
resources/preprocessed/Interpolated/Jan_liegestuetzen3_13_10_2020_Chest.csv:[34000,36180,36930,37635,38470,39100,39860,40490,41255,41885,42750,43470,44145,44770,45580,46205,46895,47540,48190,48515,49150,49815,50350,50980,51570,52055,52685,53315,54080,54665,55290]
resources/preprocessed/Interpolated/2020-07-02_14.20.28_LeftArm.csv:[61995,63731,64403,64903,65235,65775,66399,67999,68599,69103,69723,70235,70867,71395,72047,72567,73231,73743,74419,74923,75663,76323,77047,77815,78527,79191,79767,80799,81403,82639,83107]
resources/preprocessed/Interpolated/2020-07-02_13.00.09_Belly.csv:[26999,28255,29415,30375,31183,32259,32875,33915,34739,35811,36583,37711,38851,39767,40631,41859,42691,43947,44771,46659,47279,48587,49335,51159,51783,53439,54731,56791,57487]
resources/preprocessed/Interpolated/2020-07-02_14.14.32_LeftArm.csv:[32003,33959,34523,35071,35555,36367,36807,37603,38087,38687,39375,39987,40723,41271,41559,42023,42847,43427,44203,44839,45631,46179,46911,47527,48303,48903,49731,50331,51083,51743,52567,53143,53683,53931,54411,55283,55907,57087,57795,58667,59199,60507,61071,62571,64503,64907]
resources/preprocessed/Interpolated/2020-07-02_11.17.39_Belly.csv:[58227,58723,59307,59559,60063,60731,61435,62303,62971,64035,64819,65511,66487,67107,68191,69115,69915,70523,71687,72283,73415,73979,75279,75975,77107,77543,78787,79807,80819,81343,82723,83275,84455,85195,86479,87003,88419,89687,90759,91523,93211,93823,95331,96251,98119,98771,100719,101359,104075,108075]
resources/preprocessed/Interpolated/Andre_liegestuetzen3_13_10_2020_Chest.csv:[30998,32268,33118,33848,34688,35568,36333,37103,37883,38728,39548,40373,41103,41948,42753,43603,44488,45303,46298,47123,48023,48898,49583,51148,51818,52313,52888,53933,55438,56238,57758,58443,60708,61488,63403]
resources/preprocessed/Interpolated/2020-07-02_11.17.39_Chest.csv:[58227,58515,59511,60007,60459,61439,61971,62351,62971,63759,64627,65127,65331,65711,66431,66803,67079,68015,68515,68799,69891,70187,70531,71671,72203,72871,73455,74099,75239,76167,77095,77411,78043,78931,79243,79839,80591,81371,82687,83211,84427,85251,86471,86995,88407,89795,90759,91275,91563,93219,93791,95327,96227,97863,98751,100499,101203,103411,103915,107139,107455]
resources/preprocessed/Interpolated/2020-07-02_11.17.39_LeftArm.csv:[58227,58639,59419,59951,60491,61239,61951,62983,63495,63831,64563,65515,66231,66895,67943,68895,69771,70819,71423,72511,73195,73683,74187,75023,75975,76811,79947,80511,81667,82523,83359,84435,85363,86227,87039,88439,89899,90703,91747,92991,94059,95191,96851,100375,101647,103355,103859]
resources/preprocessed/Interpolated/2020-07-02_14.59.59_Belly.csv:[73999,74919,76215,77239,78619,79547,80763,81867,83219,84315,85635,86683,87995,89063,90563,91687,93143,94339,95895,96731,97263,98675]
resources/preprocessed/Interpolated/Andre_Squats_13_10_2020_LeftArm.csv:[60996,62971,63721,65411,66111,67101,68126,71366,72446,72806,73576,74691,76251,76991,77761,78946,80011,81426,83121,86231,87981,91516,93031,93881,96831,98146,99146,102011,102926,106251,107196,108131,108916,110191,111451,112001,112736,115896,116691,117546,121061,122086,122611,125961,126701,127126,128416,129076,130741,131366,132041,133116,133746,135516,136206,136676,137931,138676,139076,140356,141041,141576,142826,143606,144051,145286,145916,146401,147546,148286,149921,150626,152391,153016,154876,155501,156016,157271,157886]
resources/preprocessed/Interpolated/2020-07-02_14.07.33_Chest.csv:[7005,8409,8921,9633,10209,10849,11501,12217,12749,13437,14109,14837,15369,16169,16669,17357,17957,18729,19253,20009,20593,21361,21937,22777,23417,24125,24705,25541,26045,26885,27409,28313,28821,29805,30369,31197,31717,32677,33181,34013,34589,35101,35561,36069,36609,37009,37609,38553,39121,39629,40193,40693,41193,41917,42457,42965,43993]
resources/preprocessed/Interpolated/2020-07-02_11.17.39_RightArm.csv:[58227,59419,60039,61211,62363,62915,63599,64727,65363,66227,66979,67931,68867,69611,70575,71423,72319,73187,73727,74271,75031,76019,76815,77695,78775,79723,80495,81535,82427,83303,84371,85707,86235,87143,88311,88799,90715,91659,92847,94131,95323,96363,98179,99127,100307,100911,103403,103939]
resources/preprocessed/Interpolated/Andre_liegestuetzen3_13_10_2020_RightArm.csv:[30998,32118,33028,33783,34688,35423,36243,36888,37853,38653,39553,40198,41088,41993,42628,43488,44418,45153,45913,46993,47808,48848,49673,51183,51858,53153,53968,55458,56238,57903,58528]
resources/preprocessed/Interpolated/2020-07-02_12.50.00_LeftArm.csv:[16003,20971,22047,22799,24415,24975,26371,27007,28523,29063,30431,31139,32367,33043,34507,35111,36815,37375,39051,39607,41399,41879,43311,44039,45591,46267]
resources/preprocessed/Interpolated/2020-07-02_14.20.28_Chest.csv:[61995,63259,63763,64411,64931,65495,66003,66651,67123,67707,68279,68895,69399,70003,70531,71015,71667,72375,72867,73379,73883,74723,75223,75887,76483,77203,77939,78767,79355,79867,80199,80907,81547,82071,82699,83143,84007]
resources/preprocessed/Interpolated/2020-07-02_14.07.33_RightArm.csv:[7005,10061,10765,11509,12057,12561,13293,14013,14573,15277,16073,16649,17157,17905,18685,19185,19733,20477,21113,21841,22533,23333,23897,24641,25245,25941,26597,27373,28033,28837,29493,30289,30913,31681,32181,33161,34093,34533,35137,36101,36757,37565,38005,39037,39661,40733,41209,42425,42925]
resources/preprocessed/Interpolated/Lukas_liegestuetzen1_13_10_2020_RightArm.csv:[38000,39535,40175,40890,41945,42655,43740,44470,45510,46230,47105,47960,48965,49810,50665,51590,52430,53565,54315,55420,56225,57380,58045,59100,59980,60990,61780,62835,63540,64660,65455,66600,67315,68430,69280,70370,71545,72170,73260,73950,74720,75680,76440,77370,78085,79190,79950,81100,81960]
resources/preprocessed/Interpolated/2020-07-02_14.07.33_Belly.csv:[7005,8369,8941,9649,10153,10897,11521,12225,12733,13533,14109,14841,15385,16165,16689,17433,17965,18737,19273,20021,20529,21385,21925,22841,23381,24177,24693,25533,26041,26853,27417,28305,28869,29789,30329,31181,31701,32545,33133,33985,34577,35033,35541,36089,36989,37505,38069,38509,39105,39569,40189,40725,41161,41841,42417,42921,43957]
resources/preprocessed/Interpolated/Andre_liegestuetzen1_13_10_2020_RightArm.csv:[16996,18151,19051,19701,20611,21526,22381,23151,23426,23921,25006,25711,26601,27416,28271,29066,29936,30676,31451,32276,33186,33856,34771,35556,36356,37161,38106,38756,39601,40376,41251,42026,43031,43661,44676,45401,46251,47156,48036,48766,49826,50621,51651,52301,53586,54226,55521,56421,57636,58616,60021]
resources/preprocessed/Interpolated/2020-07-02_12.50.00_RightArm.csv:[16003,20559,20955,21919,22811,24343,24987,26323,27027,28307,29103,30343,31143,32231,33079,34451,35143,36675,37399,38899,39567,41335,42015,43263,44271,45519,46347]
resources/preprocessed/Interpolated/Andre_Squats2_13_10_2020_Belly.csv:[47500,49320,49945,51575,52160,53790,54555,56035,56820,58460,59205,60885,61525,63260,63910,65315,66135,67410,68610,69855,72040,73955,76020,77220,79395,80720,82975,86720,87915,89795,93950,94980,95415,96115,101150,102405,103240,105485,109080,110950,112605,116130,117685,119605,121905,123380,124410,126225,127015,128240,129345,130795,131180,134130,134760,135315,135825,136580,137570,138210,139330,140500,141145,142230,142845,144100,144705,145205,146410,147920,148775,149880,152920,153570,154455,154845,155460,156535,157070,158420,159110,159420,159965,162845,163965,165790,166280,166910,168130,168860,169330,172825,174255,177590,179060,182230,182895,183930,187385,189100,190255,192655,194020,197045,198110,198655,202120,203875,204505,205190,205850,207075,208110,208670,209515,210150,210795,212030,212665,213085]
resources/preprocessed/Interpolated/2020-07-02_12.50.00_Chest.csv:[16003,17887,19223,19731,21087,21755,22891,23947,25035,26011,27071,27979,29123,30015,31147,32107,33119,34051,35207,36443,37419,38343,38983,39595,41067,41987,42883,44067,45403,46239,47527,48791,50079,51323,52495,54275,55419,56863,57359,59667,60007,62683]
resources/preprocessed/Interpolated/2020-07-02_13.00.09_Chest.csv:[26999,28283,29275,30367,31179,32271,32779,33831,34751,36003,36315,36711,37707,38887,39991,40247,40655,42047,42663,44123,44751,46527,47135,48567,49459,50871,51907,53583,54747,56775,57467]
resources/preprocessed/Interpolated/2020-07-02_13.00.09_RightArm.csv:[26999,28271,29599,30059,30947,32027,32683,33315,35179,35779,36647,37751,38607,39959,42035,48475,48967]
resources/preprocessed/Interpolated/2020-07-02_15.13.22_Chest.csv:[23003,25195,26403,27023,28019,28875,29811,30839,31923,32871,34163,35099,36359,37279,38243,39591,40867,41731,43175,44335,45959,46959,48483,49803,51147,52591,53727,55903,57635,59147,61367,63151]
resources/preprocessed/Interpolated/Andre_liegestuetzen1_13_10_2020_Belly.csv:[16996,18331,19066,20061,21011,21831,22706,23466,24406,25211,26076,26806,27761,28496,29341,30146,30936,31676,32626,33291,34141,34886,35791,36566,37486,38231,39096,39731,40636,41451,42346,43021,43971,44736,45686,46441,47216,48141,49141,49901,50981,51656,52571,53571,54246,55581,56221,57726,58391,60036,60836,63681,65766]
resources/preprocessed/Interpolated/2020-07-02_15.31.36_Belly.csv:[72271,88731,89459,90751,91511,92899,94195,95107,96383,97299,98659,99695,100895,101971,103363,104571,105531,106847,107235,108063,108763,109839,110783,112671,113327]
resources/preprocessed/Interpolated/Jan_liegestuetzen2_13_10_2020_LeftArm.csv:[16996,19336,19706,20596,21241,21891,22681,23326,23961,24701,25186,25981,26526,27226,27951,28736,29331,30156,30696,31421,32136,32986,33531,34416,34911,35866,36471,37431,38001,39166,39611,40751,41401,42596,43241,44491,45096,46866]
resources/preprocessed/Interpolated/2020-07-02_15.31.36_Chest.csv:[72271,88015,88539,89731,90731,92043,92795,94167,95123,96191,97359,98707,99731,101071,102115,103619,104555,106015,107319,108779,109367,109859,111375,112655,113451]
resources/preprocessed/Interpolated/Andre_Squats_13_10_2020_RightArm.csv:[60996,62936,63631,65276,65961,67241,71191,72441,72911,73606,74791,76301,77781,79101,81331,83011,86261,87886,91391,93001,93956,96961,98071,101716,102901,106336,107131,108021,108936,111541,112646,113171,116181,116791,117556,121091,121966,122461,125966,126756,127256,128406,129056,130786,131501,132271,133176,133871,135541,136246,136661,137886,138686,140376,141076,142906,143576,145306,145841,146671,147636,148306,149966,150591,152361,153046,154871,155501,156216,157256,158081]
resources/preprocessed/Interpolated/2020-07-02_14.14.32_Chest.csv:[32003,33499,33995,34583,35143,35811,36391,37123,37687,38395,38963,39663,40167,40943,41523,42339,42895,43755,44319,45115,45683,46463,47071,47887,48399,49247,49819,50639,51219,52095,52631,53483,54035,54991,55507,56479,57111,58179,58759,59287,60003,60559,61067,61983,62575,63075,64443,64995]
resources/preprocessed/Interpolated/2020-07-02_15.31.36_LeftArm.csv:[72271,89763,90703,91639,92895,93887,94699,95155,96215,96683,98579,99659,100691,102043,103331,105207,105927,107147,107991,109843,111195,112899,113475]
resources/preprocessed/Interpolated/2020-07-02_15.31.36_RightArm.csv:[72271,90831,91603,92787,93935,95107,96183,96695,97287,98335,98739,100047,101015,102107,103355,105027,105795,106295,107243,108595,109943,111423,112807,113299,113679]
resources/preprocessed/Interpolated/Andre_Squats2_13_10_2020_Chest.csv:[47500,48375,49290,50010,51555,52285,53840,54475,56080,56815,57200,58510,59185,60895,61530,63240,63915,65315,66015,67350,68535,69810,72065,73770,75915,77145,79345,80640,82765,85625,86515,87820,89430,93795,94945,95365,96080,98860,100995,102075,102460,103175,105375,108930,110745,112515,114950,116285,117505,119530,121395,121910,123280,124395,126230,127035,128135,129310,131105,134765,135830,136685,137575,138500,139305,140625,141360,142225,143000,143775,144105,144750,145220,146295,147140,148005,148560,149845,152650,153475,154350,154840,155475,156505,157075,158385,159125,159435,159970,162820,163970,165570,166255,166925,168135,168865,169295,172305,173235,174110,174640,175345,177645,179395,180220,182200,182810,184110,187235,189065,190210,192195,192890,194025,196880,197815,198470,199135,201570,202390,203395,203885,204500,205185,205855,207060,207840,208695,209430,210165,210800,212005,212650,213140]
resources/preprocessed/Interpolated/2020-07-02_14.07.33_LeftArm.csv:[7005,8929,9477,10117,10801,11469,12157,12453,12657,13029,14081,14581,15065,15309,16085,16589,17145,17705,18637,18969,19153,19725,20217,20505,21093,21837,22513,23329,23893,24429,24661,25237,25777,26577,27125,27365,28009,28793,29469,30289,30905,31661,32161,33097,33501,34101,34529,35041,36005,36713,37553,37921,38993,39613,40605,41333,42381,42885]
resources/preprocessed/Interpolated/Andre_Squats2_13_10_2020_RightArm.csv:[47500,49190,49885,51510,52200,53785,54305,56045,56675,57290,58415,59045,60765,61445,63095,63800,65315,65980,70110,72055,73585,75940,77255,79270,80780,82460,84375,86775,87760,88455,90425,92730,93720,94910,95410,96305,97550,102325,102825,103220,105540,108900,112435,116025,118300,119430,121765,124385,126240,129160,129490,130825,131145,134475,134915,135500,135750,136485,138265,139335,140140,140565,141300,144020,145015,146415,148040,148555,149710,150205,151475,153320,154295,154825,155505,157420,158400,159210,159825,162855,163575,163965,167720,168880,173225,173940,177695,177895,178795,179390,182750,183955,187595,189035,192670,193800,197405,198550,199400,200175,202330,203890,204480,205220,206065,207090,207770,208640,209605,210200,210785,211995,212605,213590]
resources/preprocessed/Interpolated/Andre_liegestuetzen1_13_10_2020_LeftArm.csv:[16996,18046,18946,19581,19961,20726,21491,22376,23386,24051,24966,25876,26471,26791,27381,28241,29216,29926,30646,31401,32241,33246,34001,34641,35636,36591,37186,38096,38971,39721,40351,41291,42101,42976,43826,44616,45506,46311,47176,48076,48741,49866,50781,51611,52561,53516,54301,55561,56511,57591,58946,59936]
resources/preprocessed/Interpolated/2020-07-02_13.00.09_LeftArm.csv:[26999,28235,29639,30039,31271,32059,32987,33743,35987,36915,37683,38299,38923,39695,41131,42039,42991,48471,48983,49815,52515,53387]
resources/preprocessed/Interpolated/Andre_liegestuetzen3_13_10_2020_LeftArm.csv:[30998,32313,32988,33623,34538,35493,36203,37088,37873,38588,39463,40103,41063,41708,42553,43473,44233,45123,46118,46988,47988,48648,49773,51138,52083,53233,54178,55398,56303,57823,58703,61063]
resources/preprocessed/Interpolated/Lukas_liegestuetzen1_13_10_2020_LeftArm.csv:[38000,39715,40200,40875,41940,42575,43790,44445,45530,46270,47270,47985,49010,49760,50695,51595,52540,53550,54425,55500,56370,57320,58100,59180,60135,60970,61875,62875,63625,64610,65450,66650,67455,68505,69400,70525,71565,72210,73325,73960,74925,75710,76460,77400,78230,79185,80365,81000]
resources/preprocessed/Interpolated/Andre_Squats2_13_10_2020_LeftArm.csv:[47500,49220,49885,51460,52145,53725,54350,56030,56690,58465,59170,60790,61415,63060,63865,65315,66040,68955,69915,71845,72980,73450,76040,77135,79190,80765,82470,84250,86760,88120,89475,93795,95125,95515,96095,102385,103220,105810,108930,112510,116220,118185,119580,121920,124415,125700,126250,129350,130800,131275,134145,134745,135380,135760,136430,137630,138100,139265,139880,140570,141290,142305,143090,143655,144035,145050,146115,148160,148680,149795,150920,151450,153225,154360,157460,158350,159195,159825,162750,163160,163580,163960,165845,166340,167725,168915,173155,174030,177855,179200,182720,183965,186955,189265,190145,191235,192660,193925,197745,198540,199255,200325,200955,201360,202450,203895,204525,207165,207750,208560,209655,210395,210820,212015,212740,213295]
resources/preprocessed/Interpolated/Andre_Squats_13_10_2020_Belly.csv:[60996,62996,63701,65161,66071,67146,70656,72786,73466,74641,76386,78171,78956,80646,83041,84236,85756,88141,89026,91011,93241,95961,98411,99381,101741,103101,105901,107171,108251,109056,110981,112121,113121,114096,115781,116691,117546,117901,118706,120941,121451,122381,123796,125181,126081,126766,128391,129001,130506,131511,133266,133881,135521,136241,137851,138696,139091,139976,140341,141126,141601,142501,142826,143651,145321,145816,147601,148286,149646,149951,150621,152361,152946,154866,155656,157241,158076]
resources/preprocessed/Interpolated/Andre_Squats_13_10_2020_Chest.csv:[60996,61926,63036,63806,65136,65941,67131,67681,70206,72836,73526,74521,76291,76976,78036,78991,79886,80381,81936,83166,84141,85606,88186,89051,90841,92076,93126,95791,97326,98376,99331,100761,102056,103276,104351,105726,107116,108176,109051,110846,111986,113176,113991,115586,116616,117551,117926,118751,120786,121276,122566,123331,124521,125996,126786,128461,129001,130786,131491,131986,133291,133921,135601,136251,137976,138691,139106,140386,141171,141596,142896,143646,145326,145961,146406,147686,148416,149926,150656,152436,153146,154891,155641,155986,157296,158076]
resources/preprocessed/Interpolated/Andre_liegestuetzen2_13_10_2020_Chest.csv:[39996,41111,41916,42791,43521,44326,45161,46001,46796,47711,48516,49401,50151,51031,51846,52756,53561,54191,54476,55361,56241,57256,58076,58901,59876,60501,60856,61561,62421,63726,64641,65651,66436,67791,68506,70066,70696,72591,73241,75326,76101]
resources/preprocessed/Interpolated/Andre_liegestuetzen2_13_10_2020_LeftArm.csv:[39996,41091,41756,42531,43451,44081,45146,45781,46641,47476,48506,49221,50161,50951,51836,52596,53491,54311,55236,56191,56856,58111,58686,59851,60521,61631,62376,63591,64421,65626,66721,67766,68671,70016,70881,72651,74511,75486]
resources/preprocessed/Interpolated/Lukas_liegestuetzen3_13_10_2020_LeftArm.csv:[10996,12421,13061,14086,14811,15446,16176,16806,17286,17931,18621,19251,19946,20661,21256,22116,22671,23551,24206,25146,25796,26966,27621]
resources/preprocessed/Interpolated/Andre_liegestuetzen1_13_10_2020_Chest.csv:[16996,18226,19151,19811,20896,21791,22696,23456,24386,25146,25961,26806,27636,28171,28451,29231,30146,30941,31656,32611,33281,34011,34841,35801,36536,37391,38111,39091,39726,40546,41446,42151,43076,43891,44681,45646,46391,47191,47826,48161,48946,49891,50701,51636,52611,53581,54181,54751,55576,56311,57661,58361,59956,60946,63091,63806,65716]
resources/preprocessed/Interpolated/Andre_liegestuetzen2_13_10_2020_RightArm.csv:[39996,41066,41646,42536,43506,44126,45111,45736,46801,47456,48556,49201,50046,50851,51711,52571,53271,54291,55196,56071,57116,58071,58656,59836,60526,61711,62381,63671,64381,65731,66441,67781,68586,70081,70786,72666,73666,75531]
resources/preprocessed/Interpolated/2020-07-02_12.50.00_Belly.csv:[16003,18131,19199,19859,20407,21175,21739,22883,23943,25051,26031,27115,28115,29163,30431,31179,32075,33143,34079,35219,36431,37447,38439,39603,40883,41959,42895,44079,45223,46275,47519,48807,50051,51415,52515,54547,55427,57035,57643,59667,60307,62879]
resources/preprocessed/Interpolated/Andre_liegestuetzen3_13_10_2020_Belly.csv:[30998,32298,33143,33928,34738,35548,36423,37143,38033,38723,39578,40378,41303,41958,42868,43618,44668,45343,46393,47103,48043,48918,49598,51193,51843,52933,53958,55518,56163,57788,58428,60968,63498]
resources/preprocessed/Interpolated/Jan_liegestuetzen2_13_10_2020_Belly.csv:[16996,19211,20051,20756,21366,21996,22796,23421,24066,24696,25406,26011,26731,27396,28126,28741,29561,30181,30946,31516,32311,32931,33741,34421,34941,35321,35876,36826,37451,38156,38471,39081,40151,40766,41456,41956,42581,43831,44466,46106,46751]
resources/preprocessed/Interpolated/Jan_liegestuetzen2_13_10_2020_Chest.csv:[16996,19326,19971,20601,21341,21966,22671,23326,24071,24681,25401,26081,26766,27391,28151,28781,29546,30176,30901,31601,32311,32936,33756,34371,34931,35256,35886,36506,36826,37451,38091,38506,39171,39701,40141,40771,41401,41956,42591,43256,43886,44496,45096,46181,46851,47571]
