resources/preprocessed/Interpolated/Lukas_liegestuetzen3_13_10_2020_RightArm.csv:[11331,13691,16431,20441,21071,23171,26651,28321]
resources/preprocessed/Interpolated/Lukas_liegestuetzen3_13_10_2020_Chest.csv:[13546,14211,17661,18241,21296,23086,23916,28326,28711]
resources/preprocessed/Interpolated/Lukas_liegestuetzen3_13_10_2020_Belly.csv:[10996,13021,13716,16811,18696,19246,22711,23926,25691,28531,28796]
resources/preprocessed/Interpolated/Lukas_liegestuetzen2_13_10_2020_RightArm.csv:[36060,36755,41425,44705,46890,49840,50305,54770,55295,57950,60920,61525,63405,64070,65960,67195,69430,72635,73545]
resources/preprocessed/Interpolated/Lukas_liegestuetzen2_13_10_2020_LeftArm.csv:[36080,36655,39725,42780,46265,47005,48175,50335,51260,54660,55290,60215,61515,63425,64035,66055,67165,69430,71490,72970]
resources/preprocessed/Interpolated/Lukas_liegestuetzen2_13_10_2020_Chest.csv:[36105,36690,38585,41290,42385,44430,45820,47775,48440,52485,53030,55260,56060,60510,61285,64310,65585,67615,68845,69585,71500,73995]
resources/preprocessed/Interpolated/Lukas_liegestuetzen2_13_10_2020_Belly.csv:[36385,38145,38685,40675,41340,43585,44340,47870,48970,51830,54685,56750,60580,61185,62855,63900,66420,67910,69410,71555,73905]
resources/preprocessed/Interpolated/Lukas_liegestuetzen1_13_10_2020_Chest.csv:[38300,41275,44135,44750,48240,49455,51935,53080,54915,55535,59455,62205,62950,64430,68350,70085,72250,73070,74710,77165,78180,78975,80685,82735,83455]
resources/preprocessed/Interpolated/Lukas_liegestuetzen1_13_10_2020_Belly.csv:[38165,40770,45870,46500,47895,48765,49730,50560,53340,54260,55315,56340,59785,62475,63830,64455,65775,66480,67665,69130,72530,74745,79030,81635,82825,83995]
resources/preprocessed/Interpolated/Jan_liegestuetzen3_13_10_2020_RightArm.csv:[34000,37105,40030,42225,44315,51280,52295,53155,54230,56995]
resources/preprocessed/Interpolated/Jan_liegestuetzen3_13_10_2020_LeftArm.csv:[34345,37200,40080,43610,47085,51290,52305,54195,56955]
resources/preprocessed/Interpolated/Jan_liegestuetzen3_13_10_2020_Belly.csv:[35470,37990,38795,40805,41580,42640,44505,45155,47280,50085,52420,54370,56090,56790]
resources/preprocessed/Interpolated/Jan_liegestuetzen2_13_10_2020_RightArm.csv:[16996,22881,23566,25626,27646,29766,32621,36266,37081,40411,42981,44121,45341,46386,47251,50281]
resources/preprocessed/Interpolated/Jan_liegestuetzen2_13_10_2020_Chest.csv:[17596,18756,20841,22931,23611,26261,29711,31846,35361,37691,38836,42266,43226,44121,45336,46456,47816,48971]
resources/preprocessed/Interpolated/Jan_liegestuetzen2_13_10_2020_Belly.csv:[16996,21061,23086,25066,29826,30511,32671,35176,37121,40496,41646,43481,44231,45541,46511,48256,50451,50961]
resources/preprocessed/Interpolated/Andre_liegestuetzen3_13_10_2020_RightArm.csv:[31003,33538,35653,40018,43323,43793,46768,48943,50628,51253,52778,53323,54983,55493,57453,59458,60168,62863,63588,65498]
resources/preprocessed/Interpolated/2020-07-02_14.20.28_RightArm.csv:[61995,66155,66735,70103,70635,74131,74807,78059,79091,80583,81071,82363,83443,84007]
resources/preprocessed/Interpolated/2020-07-02_14.20.28_Belly.csv:[61995,62707,63747,65287,66887,68475,70123,70711,72247,73619,74163,77475,78975,79991,80479,81695,82207,83583]
resources/preprocessed/Interpolated/2020-07-02_14.14.32_RightArm.csv:[32019,34735,36495,39747,40327,41279,44415,45415,47147,49947,50923,51371,53747,55683,56803,57515,58443,60259,60767,62295,62835,64667]
resources/preprocessed/Interpolated/2020-07-02_15.13.22_LeftArm.csv:[23003,25167,26315,26799,28171,28727,30199,30703,32227,32711,34323,34879,36623,37115,38843,39379,41131,41583,43619,44183,46267,46791,49079,49635,51811,52375,54823,55483,58259,58955,62147,62851,66067]
resources/preprocessed/Interpolated/2020-07-02_14.14.32_Belly.csv:[32055,32911,33915,35191,35783,38631,40979,41443,43683,47119,49115,50947,51887,55195,56359,58671,61015,62007,63435,64751]
resources/preprocessed/Interpolated/2020-07-02_14.59.59_RightArm.csv:[74031,74831,76507,77027,78839,79331,81163,81791,83579,84211,85967,86523,88371,88891,90875,91459,93547,94147,96391,96935,99179]
resources/preprocessed/Interpolated/2020-07-02_14.20.28_Chest.csv:[61995,62723,64467,64971,67203,68235,72283,73995,75859,78327,80123,81695,82195,83611]
resources/preprocessed/Interpolated/2020-07-02_14.07.33_RightArm.csv:[7005,9913,12289,12921,15101,16853,20277,22125,24869,25605,29017,30517,31309,34153,36329,37177,38801,39353,40377,41013,42217,43329,44117]
resources/preprocessed/Interpolated/Lukas_liegestuetzen1_13_10_2020_RightArm.csv:[38230,41190,44830,46090,48360,49580,51870,53285,53785,55225,57075,58855,59455,64440,65790,66395,68215,70125,70700,73750,74270,77175,77700,80845,83995]
resources/preprocessed/Interpolated/2020-07-02_14.07.33_Belly.csv:[7025,7905,9557,10089,12481,12961,15177,17045,19977,20469,22721,24569,26769,28641,29649,31509,32193,35165,37161,38005,40473,41977,43309,44117]
resources/preprocessed/Interpolated/2020-07-02_13.00.09_RightArm.csv:[27455,28127,29487,29983,31311,31879,33239,34531,35039,37055,37627,38979,41099,41743,43079,44499,45291,46923,47635,49167,49827,51647,52419,54327,55147,57231,58139,60107,60735,62331]
resources/preprocessed/Interpolated/Jan_liegestuetzen3_13_10_2020_Chest.csv:[35660,36310,40700,41580,47975,48805,49780,52360,54300,55725,56810]
resources/preprocessed/Interpolated/2020-07-02_14.20.28_LeftArm.csv:[62887,65559,66103,68939,74123,74787,78043,81039,82359,82827,83959]
resources/preprocessed/Interpolated-Revised/Jan_liegestuetzen1_13_10_2020_edited_Belly.csv:[72001,72947,76580,78507,80354,81135,83767,85744,87556,90024,91986,93998,94618,97401,100004,102341,103607,104228,105534,106575,108447,110459,113893,114668]
resources/preprocessed/Interpolated/2020-07-02_12.50.00_LeftArm.csv:[16003,19027,20327,20895,22787,23295,24955,26995,28519,29047,30479,31043,32479,35083,35583,37351,39479,40035,41827,43343,43955,46163,46675,48687,49207,51235,53151,54103,55799,57431,58335,59323,61023,62191]
resources/preprocessed/Interpolated/2020-07-02_13.00.09_Chest.csv:[27399,29315,30191,31387,33159,33871,35115,35811,37095,39063,39683,41139,41799,43867,45407,46119,47715,48755,51807,52379,55191,56711,58043,60083,61595,62411]
resources/preprocessed/Interpolated/2020-07-02_12.50.00_Chest.csv:[16663,17759,19735,20567,22043,24107,24607,26219,26723,28103,28631,30059,31347,32151,33643,34155,35687,36415,38331,40387,40899,42931,44611,45163,46779,47495,49467,50063,52439,53055,55315,55747,57587,58263,60363,61019,62879]
resources/preprocessed/Interpolated-Revised/Jan_liegestuetzen1_13_10_2020_edited_LeftArm.csv:[72006,73848,75764,77801,80965,82942,83622,85639,88732,90554,91230,93777,94468,97256,98022,101255,104268,104989,106505,109808,112381,113032,114488,114994]
resources/preprocessed/Interpolated-Revised/Jan_liegestuetzen1_13_10_2020_edited_RightArm.csv:[72001,75784,76430,78382,80329,83647,84288,88127,88737,91300,91916,93777,96560,98823,101335,102306,104268,106510,107231,109488,112216,114994]
resources/preprocessed/Interpolated/Andre_Squats2_13_10_2020_Belly.csv:[47560,49805,50395,52130,53330,54280,56690,57215,59055,59530,61345,61900,63800,66895,68775,70345,72345,75070,76295,77590,79875,80940,83035,85785,87145,88140,90130,92940,94405,95610,96980,100230,101570,102585,103820,106190,108340,108960,111280,112230,113410,115420,116095,118250,120500,123115,125765,129640,130925,132555,135740,136790,139295,140260,141515,142685,143765,144810,146440,148970,150350,153605,154585,155795,156935,158375,159010,160705,163075,164100,165370,168005,168805,171180,173010,174005,175535,179045,180390,181710,183065,184060,185425,186360,188025,189205,190395,191345,192780,193940,195230,196115,197250,199885,202790,203625,205950,207180,209420,210425,211685,212870]
resources/preprocessed/Interpolated/2020-07-02_13.00.09_Belly.csv:[27355,29231,31255,31759,33263,34671,36099,36479,38215,40923,42631,44715,45287,47063,48667,49283,51671,52383,53991,54495,56667,57287,59995,60603]
resources/preprocessed/Interpolated/2020-07-02_14.14.32_LeftArm.csv:[32003,34739,37767,39723,40343,43031,46507,47107,49931,50755,53695,55663,56707,57447,58367,58979,60251,60775,62263,64091,64611]
resources/preprocessed/Interpolated-Revised/Jan_liegestuetzen1_13_10_2020_edited_Chest.csv:[72486,73327,75169,75805,78497,81695,82456,85779,86315,88187,88913,91926,92581,94608,97281,98022,100554,104313,105419,106550,107907,109148,112381,114994]
resources/preprocessed/Interpolated/2020-07-02_11.17.39_Belly.csv:[58559,59379,60603,61099,64043,66147,66651,68243,70099,70651,71867,73095,73643,74891,75379,77251,79015,79551,80995,82743,83135,84731,85223,86699,87251,88783,89487,91411,93323,93839,95683,97611,99487,101323,102199,104051,106827,107603]
resources/preprocessed/Interpolated/Andre_liegestuetzen3_13_10_2020_Chest.csv:[31003,32753,36073,38298,43778,44843,46138,46738,49613,50623,53943,54568,56228,58918,60713,62268,65138]
resources/preprocessed/Interpolated/2020-07-02_11.17.39_Chest.csv:[59551,60643,62171,63579,64923,67031,68763,69135,70355,71787,72299,73967,74391,75671,78047,79623,79931,81211,81819,83119,83531,85167,86931,87603,89307,89943,93655,94283,96003,96587,98687,99303,101119,101823,103851,106235,107599,108139]
resources/preprocessed/Interpolated/2020-07-02_11.17.39_LeftArm.csv:[58879,59427,60671,61207,62275,62867,64031,64551,65747,66235,67467,67943,69087,69619,70883,71427,72639,73191,74459,75039,76323,76823,78083,78623,79923,80491,81755,82399,83655,84991,85647,88303,88827,91395,92079,93579,94335,96003,96763,98487,99315,101047,101943,103691,104571,107303,108139]
resources/preprocessed/Interpolated/2020-07-02_14.59.59_Belly.csv:[75843,76431,78903,80395,81031,82091,83703,84247,85979,87339,87903,89859,90779,92431,93603,94867,96495,97659,99995]
resources/preprocessed/Interpolated/Andre_Squats_13_10_2020_LeftArm.csv:[60996,62326,64866,65721,67811,71161,72681,73786,74821,76651,77891,79126,80211,81901,82811,86076,87761,89911,91926,95371,96276,98701,102061,103031,105161,106761,110451,111621,112811,114086,115191,116621,117781,121256,122221,125836,126571,128206,128926,130676,132266,132991,135381,136946,137841,140241,142786,143426,145126,147526,148186,149881,150606,152366,153056,154776,156511,157176]
resources/preprocessed/Interpolated/2020-07-02_14.07.33_Chest.csv:[7065,10053,10749,13073,15289,16093,17945,21877,22777,25873,26337,28241,28765,31169,33757,36209,37393,39241,40753,41577,43421,44085]
resources/preprocessed/Interpolated/2020-07-02_11.17.39_RightArm.csv:[58851,60591,61803,62319,64023,64559,65719,66231,67423,68275,69063,70859,71435,72671,73191,74423,75035,76279,76819,78063,78643,79903,80527,81783,82411,83631,85019,85619,88315,88831,91347,92071,93603,94287,95983,96767,98499,99331,101075,101967,103699,104563,107335,108139]
resources/preprocessed/Interpolated/2020-07-02_14.59.59_Chest.csv:[74079,75703,76671,79359,81219,81723,83611,84127,85979,86483,88487,89543,90891,91543,93623,94883,96547,99063,99995]
resources/preprocessed/Interpolated/2020-07-02_14.59.59_LeftArm.csv:[74111,74787,76451,77047,78795,79419,81123,81687,83591,84159,85935,86503,88355,88943,90863,91439,93523,94103,96375,96959,99995]
resources/preprocessed/Interpolated/2020-07-02_12.50.00_RightArm.csv:[16111,19051,20339,20911,22803,23303,24967,26479,26999,28467,29063,30551,31091,32447,33051,35131,35623,37367,39507,40071,41887,43371,44023,46195,46711,48727,49247,51271,53151,55119,55851,57455,58319,60107,61019,62995]
resources/preprocessed/Interpolated/Andre_liegestuetzen1_13_10_2020_RightArm.csv:[16996,19611,20146,25366,26456,29811,32981,35041,37881,38446,41526,42726,46061,46566,48701,51086,51816,53206,53681,55211,55626,57356,57881,59516,61816,62466,65241,65901]
resources/preprocessed/Interpolated/Andre_liegestuetzen2_13_10_2020_Belly.csv:[39996,41766,47806,48596,51156,51756,54596,58141,58766,62371,65651,66431,69211,70731,71436,73341,75471,76366,78741,79996]
resources/preprocessed/Interpolated/2020-07-02_15.13.22_Belly.csv:[23003,23971,25815,27687,28171,31695,32311,34811,36627,38843,40435,41199,42607,43683,45203,46355,47819,49123,50271,51883,53135,54927,56735,58399,60295,61967,64235,65019]
resources/preprocessed/Interpolated/2020-07-02_15.13.22_RightArm.csv:[23003,25099,26879,27375,28591,29063,30639,32239,32747,34327,34903,36551,37103,38831,39303,41111,41615,44115,44799,46263,46831,49019,49595,51859,52403,55427,56259,58387,58979,62183,62859,65927]
resources/preprocessed/Interpolated/2020-07-02_15.13.22_Chest.csv:[23003,25231,26367,26879,28051,30039,31523,32087,34067,34763,36615,37975,38611,40235,41087,42667,43583,45239,46291,47827,49071,50543,51807,53315,55095,56787,58367,60235,61967,64167,64819]
resources/preprocessed/Interpolated/Andre_liegestuetzen1_13_10_2020_Belly.csv:[16996,18831,20201,21436,25336,26546,29536,30261,33846,35031,39126,41496,42666,44851,48926,50091,51021,55726,56371,58651,59991,61321,62921,65841,66641]
resources/preprocessed/Interpolated/2020-07-02_15.31.36_Belly.csv:[72499,73235,78675,79479,81839,82639,83503,86383,87099,88671,89223,91431,92087,93599,94387,96031,98263,99791,100299,101319,102759,103855,105123,106399,107719,109223,110395,111991,113263,113931]
resources/preprocessed/Interpolated/Jan_liegestuetzen2_13_10_2020_LeftArm.csv:[17271,20866,23486,24191,26166,26916,30371,31021,37016,40376,43091,44126,46321,49131]
resources/preprocessed/Interpolated/2020-07-02_15.31.36_Chest.csv:[72595,73323,76023,77295,80055,82559,83379,84263,86395,86931,89163,89639,91395,92139,93607,94423,96699,97399,98927,100363,101287,101839,103907,105307,106419,107919,109111,110359,111011,113279]
resources/preprocessed/Interpolated/Andre_Squats_13_10_2020_RightArm.csv:[60996,62261,64871,66141,67391,68486,69831,71291,72681,73816,74851,76941,77891,79136,80231,81871,82931,85271,86846,89571,91796,93351,95431,97096,98251,100256,102111,103036,105336,106806,108171,109386,110591,112761,114076,115451,116656,118916,120061,121186,122211,123436,125746,127556,128226,130666,132321,132986,134716,135366,137006,137731,139511,140221,142791,144461,145166,147551,148196,149881,150646,152326,154096,154756,156536,157186,158931]
resources/preprocessed/Interpolated/2020-07-02_14.14.32_Chest.csv:[32011,32979,34615,35147,38383,38883,40963,41499,43719,44107,45139,47043,48351,49147,51123,51967,52831,54075,54683,55743,57151,58931,60527,61419,62391,63435,64775]
resources/preprocessed/Interpolated/2020-07-02_15.31.36_LeftArm.csv:[72699,73331,74811,75823,78827,81751,82595,83547,86395,88383,89951,90515,92163,92751,94391,95015,97207,98963,99527,101303,101891,103895,104383,106423,106999,109095,109731,111775,112443]
resources/preprocessed/Interpolated/2020-07-02_15.31.36_RightArm.csv:[72435,73291,76515,78675,81803,82447,83491,86391,88355,89963,90515,92683,94411,94923,97155,98987,99455,101331,101851,103863,104395,106423,107011,109107,109671,111815,112427]
resources/preprocessed/Interpolated/Andre_Squats2_13_10_2020_Chest.csv:[47500,49865,51430,52150,53665,54340,55995,56635,58410,59055,60765,61385,63120,63750,65495,66715,68785,70855,72315,74845,76440,78415,79715,81640,82965,84805,86900,87940,89885,92140,94130,95635,96945,100060,101165,102865,103905,106795,109755,110560,112685,115675,116735,118225,121340,124985,126340,129780,131245,132310,134640,135855,136835,138000,139360,140755,141515,144045,145435,146435,148810,150345,153670,155160,155935,159765,160470,163370,164410,165385,167785,168805,170230,171185,173405,174690,175445,176975,179565,180445,181685,182540,184510,185400,186930,187555,189485,190415,193135,195225,196120,197905,199500,202750,203835,206135,207425,208685,209540,211065,212120,213630]
resources/preprocessed/Interpolated/2020-07-02_14.07.33_LeftArm.csv:[7005,9929,12297,12861,15097,18129,18837,20285,22117,24873,25609,27129,29053,30529,32697,33345,35629,36297,37117,38765,39301,40345,40953,42021,43141,44069]
resources/preprocessed/Interpolated/Andre_Squats2_13_10_2020_RightArm.csv:[47500,49705,51450,53670,55365,55945,58305,60715,61340,63105,63730,65540,68610,69880,72450,73990,75995,77620,79625,81265,82945,84625,86585,88390,89975,91910,93960,96040,96990,98965,100550,103255,104625,105460,107600,110170,111635,114600,115360,117745,118815,123390,124945,127055,128380,129760,130995,132070,133375,134555,135520,136845,138025,139065,140080,141470,142850,143950,144975,146330,147520,148935,149900,153510,154530,155905,157035,158145,160585,161750,163095,164060,165490,166885,167820,168865,170300,171225,173290,173965,175500,176880,180320,181775,182795,183845,185380,187840,188860,190305,191675,192745,193905,195125,196390,197500,198565,202020,203010,204550,206075,206950,208575,209475,210830,211855]
resources/preprocessed/Interpolated/Andre_liegestuetzen1_13_10_2020_LeftArm.csv:[16996,19586,22796,23511,24776,25321,28636,29496,34261,35046,37591,39856,42701,48321,51001,51916,53751,55201,55781,57316,57946,59496,61826,62441,65221,65851]
resources/preprocessed/Interpolated/2020-07-02_13.00.09_LeftArm.csv:[27519,28143,29547,29979,31335,31875,33183,35103,35703,37083,37671,38979,39659,41083,41747,43099,44527,45311,46207,47675,49123,49923,51631,52499,54391,55183,57203,58203,60059,60771,62391]
resources/preprocessed/Interpolated/Andre_liegestuetzen3_13_10_2020_LeftArm.csv:[31098,33903,34443,38138,41413,43858,49203,51263,52493,53408,55008,55598,57453,59508,62823,63768]
resources/preprocessed/Interpolated/Lukas_liegestuetzen1_13_10_2020_LeftArm.csv:[38255,40395,41195,44175,44810,48290,49435,51965,53260,53775,55190,55815,57080,59420,60785,62600,63075,64400,65780,66395,68205,68820,70125,70735,71980,72530,77165,77735,80825,83995]
resources/preprocessed/Interpolated/Andre_Squats2_13_10_2020_LeftArm.csv:[47500,49785,51430,52025,53710,54335,55940,56600,58350,58980,60745,61345,63125,63720,65405,66750,68640,70145,72300,73910,75920,77455,79635,80980,82930,84685,86630,88380,90005,92080,93885,95260,97115,99025,100610,103045,104060,106345,107615,109455,114870,118015,119340,121625,123505,124845,128240,129620,131065,132260,132955,134495,135620,136900,137820,139235,140170,141460,142900,143875,145395,146315,147535,148870,149905,153565,154660,157050,157805,159270,160605,164155,165260,168065,168780,170200,171415,172840,174345,175415,176955,180345,181370,182935,183855,185315,186800,188105,188730,190110,190950,192875,193915,195100,196200,197570,198650,202090,203020,204380,205435,206860,208685,209390,212060,212830]
resources/preprocessed/Interpolated/Andre_Squats_13_10_2020_Belly.csv:[60996,63651,66311,67556,71706,72751,74141,77176,78031,79116,80011,82196,83051,84206,87146,88051,89146,90161,92066,93061,94276,96956,98301,102206,103181,104416,107196,108191,109296,110241,111746,113001,114136,115061,116596,117861,119076,122421,123546,126596,127136,128921,129526,131396,131976,133806,134311,136126,136701,138541,139031,141036,141576,143491,144051,145891,146481,148146,148716,150606,151156,153026,153646,155406,155971,157916,158486]
resources/preprocessed/Interpolated/Andre_Squats_13_10_2020_Chest.csv:[60996,64756,66241,67571,68436,71196,73271,73901,77011,79201,80236,81971,83616,86981,88556,92001,94976,97191,98786,102231,103646,107011,108676,109371,111531,113496,114151,116891,118126,118891,121471,122846,125701,126641,128251,128996,130696,131361,133751,135426,136126,137846,138546,140411,140991,142841,143526,145166,145891,147576,148216,149916,150606,152326,153086,154751,155456,157211,157901]
resources/preprocessed/Interpolated/Andre_liegestuetzen2_13_10_2020_Chest.csv:[40071,41081,42361,43676,45476,47841,51196,52381,54536,59436,60071,61366,64361,64871,67131,68921,69556,71131,73046,73586,75751,78181]
resources/preprocessed/Interpolated/Andre_liegestuetzen2_13_10_2020_LeftArm.csv:[39996,43701,46041,48711,51091,53851,56371,59286,60071,61156,61896,63351,63926,65816,67321,67981,69636,70256,72051,72611,74741,75406,77756,78641,79621]
resources/preprocessed/Interpolated/Lukas_liegestuetzen3_13_10_2020_LeftArm.csv:[11331,13691,17631,19606,23261,26656,28796]
resources/preprocessed/Interpolated/Andre_liegestuetzen1_13_10_2020_Chest.csv:[16996,21126,21816,24551,25296,27951,30476,31381,35031,37606,41516,42731,45871,46516,49286,49996,51281,53121,55096,55721,57316,57941,59171,60111,63051,65216,65841]
resources/preprocessed/Interpolated/Andre_liegestuetzen2_13_10_2020_RightArm.csv:[39996,42451,44421,45686,47906,51161,52436,54621,58181,59531,61381,61896,63366,65241,65826,67461,68006,69671,70191,72091,74766,77156]
resources/preprocessed/Interpolated/2020-07-02_12.50.00_Belly.csv:[16575,18791,20619,21339,22667,23299,24739,25559,26471,27415,29547,29991,31595,32615,33579,34679,35655,36319,37975,40035,41099,42283,44527,45043,46695,47855,49351,49875,51715,52355,54627,55147,58283,59863,60391,62547]
resources/preprocessed/Interpolated/Andre_liegestuetzen3_13_10_2020_Belly.csv:[30998,32823,33913,37053,37688,41068,41928,43148,47813,49018,50198,51243,52658,55563,56553,57858,59123,59888,61438,63228,65183,65448]
