resources/preprocessed/Interpolated/Lukas_liegestuetzen3_13_10_2020_RightArm.csv:[10996,12881,15496,17336,19281,21296,22721,24136,25721,27486]
resources/preprocessed/Interpolated/Lukas_liegestuetzen3_13_10_2020_Chest.csv:[12136,13916,16141,18601,22731,25091,26816]
resources/preprocessed/Interpolated/Lukas_liegestuetzen3_13_10_2020_Belly.csv:[12161,13936,15486,17356,19291,22726,25096,26796]
resources/preprocessed/Interpolated/Lukas_liegestuetzen2_13_10_2020_RightArm.csv:[37560,39200,40715,42255,43790,45550,47260,49000,50685,52325,53965,55535,57100,58775,60430,62295,64210,67375,71675,73995]
resources/preprocessed/Interpolated/Lukas_liegestuetzen2_13_10_2020_LeftArm.csv:[37565,39195,40705,42265,43770,45550,47235,49000,50670,52340,53975,55525,57095,58750,60420,62275,64200,67380,70355,72125]
resources/preprocessed/Interpolated/Lukas_liegestuetzen2_13_10_2020_Chest.csv:[37590,39195,40720,42265,43785,45565,47250,49000,50675,52325,53970,55550,57105,58755,60430,62295,64200,67375,71685]
resources/preprocessed/Interpolated/Lukas_liegestuetzen2_13_10_2020_Belly.csv:[37610,39180,40720,42270,43780,45560,47235,48990,50670,52305,53945,55540,57095,58750,60425,62295,64225,67385,71620]
resources/preprocessed/Interpolated/Lukas_liegestuetzen1_13_10_2020_Belly.csv:[40095,41760,43595,45270,46990,48730,50480,52315,54225,56095,57905,59735,61640,63450,65240,67175,69085,71005,72805,74545,76305,77960,79765,81630,83090]
resources/preprocessed/Interpolated/Jan_liegestuetzen3_13_10_2020_RightArm.csv:[34285,38125,39645,42450,43920,47485,49035,50725,52580,54560]
resources/preprocessed/Interpolated/Jan_liegestuetzen3_13_10_2020_LeftArm.csv:[34000,36655,38125,39655,43295,46080,49075,50840,52580,54585,56870]
resources/preprocessed/Interpolated/Jan_liegestuetzen3_13_10_2020_Belly.csv:[36745,38175,39665,43935,47505,49080,50810,52600,54550]
resources/preprocessed/Interpolated/Jan_liegestuetzen2_13_10_2020_RightArm.csv:[17126,20566,24626,26551,28696,31466,32871,34301,35801,37371,39021,40616,42501,44381,46691,49121]
resources/preprocessed/Interpolated/Jan_liegestuetzen2_13_10_2020_Chest.csv:[20571,25246,28706,31476,34306,35816,37371,39041,40681,42511,44416,46696,49211]
resources/preprocessed/Interpolated/Jan_liegestuetzen2_13_10_2020_Belly.csv:[19806,21936,24626,27286,28696,30721,33486,34901,36451,38006,39651,41311,43146,45041,46656,49726]
resources/preprocessed/Interpolated/2020-07-02_14.59.59_LeftArm.csv:[73999,75771,78151,79491,81179,82687,84263,85999,87431,89079,91575,94279,97179,99023]
resources/preprocessed/Interpolated/Andre_liegestuetzen2_13_10_2020_Belly.csv:[40621,42516,44071,45726,47361,49116,50766,52481,54176,55971,57811,59611,61446,63396,65321,67476,69621,72151,74816,77846,79936]
resources/preprocessed/Interpolated/Jan_liegestuetzen1_13_10_2020_RightArm.csv:[86150,94715,96325,98645,100355,102690,104150,106355,108040,110285,111865,114230,115805,118190,119825,126280,127760,129920,131485,133870,135265,137530,139005,141380,145145,146555,149010,150410,153155,157110,161445,165700,169005,171005,174765,178460,182790]
resources/preprocessed/Interpolated/2020-07-02_14.59.59_Chest.csv:[73999,75971,77795,79415,81779,84271,86591,89059,91531,94251,97151,99199]
resources/preprocessed/Interpolated/2020-07-02_15.13.22_Belly.csv:[23267,26875,28707,30675,32827,34895,37199,39427,41635,44255,46891,49731,52551,55587,59103,62975]
resources/preprocessed/Interpolated/2020-07-02_15.13.22_RightArm.csv:[23003,26883,28415,29523,30759,32859,35051,37227,39455,41719,44291,46943,49783,52547,55675,56803,60443,61699]
resources/preprocessed/Interpolated/Lukas_liegestuetzen1_13_10_2020_Chest.csv:[40110,41765,43580,45255,47005,48715,50485,52305,54195,56100,57910,59735,61655,63465,65250,67190,69100,71015,72810,74545,76300,77970,79765,81625,83055]
resources/preprocessed/Interpolated/Jan_liegestuetzen1_13_10_2020_Chest.csv:[86065,88680,90800,92395,94610,96300,98490,100250,102460,104140,106330,107965,110195,111825,114195,115780,118150,119765,122190,123775,126140,127710,129860,131400,133675,135145,137510,138890,141180,142655,144970,146445,148850,150260,152950,156915,161240,165605,168920,172575,176460,180975,182725]
resources/preprocessed/Interpolated/2020-07-02_14.20.28_RightArm.csv:[61995,64879,66487,68179,70847,72751,74471,76379,77783,79259,80719,82539,83963]
resources/preprocessed/Interpolated/2020-07-02_14.20.28_Belly.csv:[62703,64303,65431,67055,68783,71579,72763,73947,75123,76383,77759,79235,80703,82519,84007]
resources/preprocessed/Interpolated/2020-07-02_14.14.32_RightArm.csv:[32003,35051,36271,37551,38831,40691,42031,43391,44791,46195,47567,48919,50303,51691,53099,54495,55971,57535,59227,60427,62455]
resources/preprocessed/Interpolated/2020-07-02_15.13.22_LeftArm.csv:[23099,26779,28699,30623,32835,34995,36739,37983,39455,41731,44283,46951,49775,52543,55671,60499,61667,65607]
resources/preprocessed/Interpolated/2020-07-02_14.14.32_Belly.csv:[32951,34487,35643,36911,38207,39475,40771,42079,43431,44823,46219,47579,48923,50287,51703,53103,54551,55987,57575,59207,60379,62367,64807]
resources/preprocessed/Interpolated/2020-07-02_14.59.59_RightArm.csv:[73999,75943,77171,79371,81887,84295,86587,89135,91619,93499,95119,97175,99123]
resources/preprocessed/Interpolated/Jan_liegestuetzen3_13_10_2020_Chest.csv:[37520,39670,41060,43290,44710,47510,49085,50830,52595,54575]
resources/preprocessed/Interpolated/2020-07-02_14.20.28_LeftArm.csv:[61995,64859,68651,72659,75583,76939,78347,79799,81331,83095]
resources/preprocessed/Interpolated/2020-07-02_13.00.09_Belly.csv:[26999,29859,31771,33391,34547,36447,38555,40407,42451,44519,46999,49135,51599,53115,55427,57215]
resources/preprocessed/Interpolated/2020-07-02_14.14.32_LeftArm.csv:[32003,35027,36243,37531,39415,40699,42043,43367,44791,46183,47503,48899,50271,51671,53075,54423,55907,57639,59199,60995,62467,64875]
resources/preprocessed/Interpolated/2020-07-02_11.17.39_Belly.csv:[58359,60023,61183,62779,64555,66195,67899,69539,71299,73167,74907,76619,78491,80311,82239,84111,85991,88087,90419,92275,93643,96067,98567,101195,102391]
resources/preprocessed/Interpolated/Andre_liegestuetzen3_13_10_2020_Chest.csv:[31883,33623,35223,36878,38488,40093,41718,43403,45088,46818,48563,50678,52793,55043,57478,60233,62908,64838]
resources/preprocessed/Interpolated/2020-07-02_11.17.39_Chest.csv:[58387,60119,61931,63599,65299,66951,68667,70351,72147,73907,75763,77515,79335,81219,83127,85087,86899,89563,91447,93619,96095,97223,98539,101151,102639,103875,105967]
resources/preprocessed/Interpolated/Jan_liegestuetzen1_13_10_2020_Belly.csv:[85020,86690,88770,90795,92415,94490,96340,98495,100290,102465,104145,106350,108000,110230,111910,114155,115870,118135,119865,122090,123855,126160,127760,129885,131455,133710,135255,137505,139025,141205,142760,144965,146510,148845,150285,152945,154365,156870,158380,161205,162770,165620,168910,172555,174440,176430,180980,182725]
resources/preprocessed/Interpolated/2020-07-02_11.17.39_LeftArm.csv:[58227,59907,61931,63571,65275,66903,68687,70375,72143,73791,75779,77431,80527,82267,84131,86023,87723,88855,90491,92507,93615,94731,95987,102075,103831,107579]
resources/preprocessed/Interpolated/2020-07-02_14.59.59_Belly.csv:[73999,76023,77795,79403,81779,84235,86575,88419,89883,91503,94223,97143,99131]
resources/preprocessed/Interpolated/Andre_Squats_13_10_2020_LeftArm.csv:[62381,64186,67041,68876,72111,74456,77421,80361,82501,84781,87546,90606,92546,97766,102691,104861,107656,109516,112601,115381,117291,120431,121916,124246,126521,128906,131221,133676,136016,138406,140871,143371,145741,148161,150446,152881,155366,157756]
resources/preprocessed/Interpolated/2020-07-02_14.07.33_Chest.csv:[7005,10101,12025,13337,14669,15945,17845,19161,20465,21837,23265,24609,25961,27321,28741,30213,31625,33061,34493,35973,37469,38969,40653,42349,44117]
resources/preprocessed/Interpolated/2020-07-02_11.17.39_RightArm.csv:[58339,59955,61191,62851,64587,66199,67879,69555,71383,73155,74919,76631,78511,80415,82267,84123,86187,88119,90379,91491,93679,95963,97227,98611,100791,102015,103875,107611]
resources/preprocessed/Interpolated/Andre_liegestuetzen3_13_10_2020_RightArm.csv:[31888,33608,35208,36853,38483,40078,41718,43408,45103,46813,48563,50683,52783,55103,57653,60308,63073]
resources/preprocessed/Interpolated/2020-07-02_12.50.00_LeftArm.csv:[17723,20907,22783,24963,26935,29027,30919,32875,34971,37203,39367,41727,43783,45983,48383]
resources/preprocessed/Interpolated/2020-07-02_14.20.28_Chest.csv:[62695,64883,67087,68783,70451,72179,73379,75143,76395,77779,79251,80727,82535,84007]
resources/preprocessed/Interpolated/2020-07-02_14.07.33_RightArm.csv:[7957,11337,12649,13977,15265,16565,19109,20409,21809,23253,24601,25945,27301,28741,30221,31629,33069,34529,35973,37481,38965,40645,42333,43649]
resources/preprocessed/Interpolated/Lukas_liegestuetzen1_13_10_2020_RightArm.csv:[40105,41760,43560,45240,46985,48715,50475,52310,54205,56110,57920,59750,61665,63470,65270,67220,69120,71030,72820,74560,76315,77980,79780,81660]
resources/preprocessed/Interpolated/2020-07-02_14.07.33_Belly.csv:[10097,11345,12637,13973,15281,16577,17845,19165,20449,21821,23237,24585,25941,27297,28713,30193,31597,33025,34445,35937,37421,38929,40605,42309,44117]
resources/preprocessed/Interpolated/Andre_liegestuetzen1_13_10_2020_RightArm.csv:[17816,19611,21401,23141,24821,26506,28161,29831,31401,33031,34621,36281,37886,39511,41101,42791,44456,46156,47896,49676,51401,53321,55291,57411,59666,62686,65411]
resources/preprocessed/Interpolated/2020-07-02_12.50.00_RightArm.csv:[16043,22783,24959,26935,28999,30919,32875,34975,37175,39379,41723,43763,44935,46787]
resources/preprocessed/Interpolated/Andre_Squats2_13_10_2020_Belly.csv:[47500,49725,52020,54275,56555,58940,61315,63675,65960,67960,69505,73365,75450,78830,80325,82260,83735,88965,92215,94435,96080,98095,100620,103215,105160,110020,113300,117130,119265,122790,125985,127535,130675,135400,139870,142755,144720,149670,151445,154130,158910,163605,166845,168670,171965,173870,176765,178645,181690,183470,184905,188700,191630,193520,196530,198365,201280,203120,207790,209215,210750,212610,213995]
resources/preprocessed/Interpolated/2020-07-02_12.50.00_Chest.csv:[16759,18995,20867,22727,24923,26883,28967,30907,32831,34939,37195,39343,41691,43747,45939,48351,50855,51967,53147,54987,57499,60115,62995]
resources/preprocessed/Interpolated/2020-07-02_13.00.09_Chest.csv:[26999,29887,31759,33463,35455,37467,39451,41575,43447,45299,46999,49151,51523,53003,54335,57227,60091]
resources/preprocessed/Interpolated/2020-07-02_13.00.09_RightArm.csv:[26999,30035,31903,33203,35655,37411,39251,40431,43483,48927,51391]
resources/preprocessed/Interpolated/2020-07-02_15.13.22_Chest.csv:[24163,26011,27691,29559,30691,32819,34979,37203,39439,41651,44267,46907,49763,52551,55647,59163,60471,64291]
resources/preprocessed/Interpolated/Andre_liegestuetzen1_13_10_2020_Belly.csv:[17791,19651,21436,23146,24841,26516,28186,29861,31416,33026,34616,36266,37896,39521,41116,42796,44451,46146,47846,49601,51386,53266,55246,57421,59606,62501,65361]
resources/preprocessed/Interpolated/2020-07-02_15.31.36_Belly.csv:[72847,89203,90575,92715,94987,97247,99607,101919,104459,107131,109779,112543,113975]
resources/preprocessed/Interpolated/Jan_liegestuetzen2_13_10_2020_LeftArm.csv:[20541,23271,25946,28691,32891,35796,37341,39051,40676,42511,44446,46716,49086]
resources/preprocessed/Interpolated/2020-07-02_15.31.36_Chest.csv:[72499,88419,90627,92731,94987,97251,99631,101967,104531,106435,107903,109191,110623,112571]
resources/preprocessed/Interpolated/Andre_Squats_13_10_2020_RightArm.csv:[62336,64171,66831,68461,72081,73466,75691,77416,80346,82576,87386,88856,92541,97746,102686,107621,110586,112526,115411,117291,120321,121956,124786,126521,128901,131241,133671,136011,138406,140871,143376,145741,148151,150451,152891,155361,157756]
resources/preprocessed/Interpolated/2020-07-02_14.14.32_Chest.csv:[32939,34491,35655,36923,38223,39495,40783,42099,43475,44859,46259,47595,48963,50355,51747,53151,54615,56035,57683,59279,60423,62443,64879]
resources/preprocessed/Interpolated/2020-07-02_15.31.36_LeftArm.csv:[72559,91467,92771,95147,96739,98159,100423,102023,104511,107875,109815,112587,113975]
resources/preprocessed/Interpolated/2020-07-02_15.31.36_RightArm.csv:[72271,91495,93559,94975,97235,99191,100583,101999,104583,106315,108007,109191,111327,112615]
resources/preprocessed/Interpolated/Andre_Squats2_13_10_2020_Chest.csv:[47500,49730,52040,54275,56555,58950,61320,63680,65950,67950,69470,73330,75455,78810,80270,82260,83740,86085,88980,92095,94465,96070,99160,100715,103210,105155,110030,112170,117125,119310,122840,126010,127515,130685,135375,139895,142770,144710,149715,154135,158915,163650,166850,168670,171005,173875,175975,178655,180810,183485,184920,186670,188685,191640,193520,196525,198370,199805,203080,207785,209230,212570,213995]
resources/preprocessed/Interpolated/2020-07-02_14.07.33_LeftArm.csv:[7493,9437,10725,12033,13933,15277,16577,17817,19177,20429,21801,23261,24565,25917,27273,28725,30185,31593,33001,34441,35897,37433,38933,40509,42329,43937]
resources/preprocessed/Interpolated/Andre_Squats2_13_10_2020_RightArm.csv:[47500,49710,52050,54260,56545,58930,61305,63665,65960,67965,69625,73395,75410,77040,78670,80260,82240,83910,86035,88850,91180,93085,96100,97975,103265,105230,107595,109955,113155,117150,119315,122525,126075,130610,133915,135330,139845,142010,144640,147745,149455,151470,154130,158935,161670,163520,166860,168670,172010,173800,177675,179925,183480,184910,188565,191160,193535,196575,198350,199900,202955,204415,207805,209435,212535,213995]
resources/preprocessed/Interpolated/Andre_liegestuetzen1_13_10_2020_LeftArm.csv:[17821,19606,21401,23141,24841,26516,28176,29836,31416,33046,34601,36286,37906,39511,41151,42806,44471,46161,47881,49636,51386,53341,55306,57421,59661,62581,65391]
resources/preprocessed/Interpolated/2020-07-02_13.00.09_LeftArm.csv:[28183,30023,31891,33619,35503,37587,38739,40475,42515,44495,50539,53011,55543]
resources/preprocessed/Interpolated/Andre_liegestuetzen3_13_10_2020_LeftArm.csv:[31873,33633,35233,36888,38498,40093,41733,43413,45083,46828,48588,50758,52803,55133,57648,60353,64763]
resources/preprocessed/Interpolated/Lukas_liegestuetzen1_13_10_2020_LeftArm.csv:[40110,41765,43545,45215,46985,48695,50445,52290,54180,56100,57880,59725,61655,63445,65235,67195,69100,71010,72810,74545,76290,77975,79765,81630]
resources/preprocessed/Interpolated/Andre_Squats2_13_10_2020_LeftArm.csv:[48800,50435,52050,54275,56555,58955,61315,63675,65965,68005,69610,71185,73345,75385,76935,78790,80275,82180,83890,86170,88765,91240,93415,96050,98230,103200,105200,109970,113140,117260,119435,122525,126060,129210,130690,133870,135310,138030,139835,142810,144690,146870,149635,151410,154125,156970,158855,162230,163630,166265,168695,170880,173755,175195,179935,183470,184895,186770,188535,191470,193480,194895,198300,199850,201415,203180,207760,209270,210910,212640]
resources/preprocessed/Interpolated/Andre_Squats_13_10_2020_Belly.csv:[62371,64226,67031,72036,73456,75436,77466,82516,87411,88811,92581,97766,102721,107621,110516,112561,117286,120136,121981,124816,126531,128911,131251,133681,136021,138426,140886,143401,145761,148201,150486,152901,155391,157786]
resources/preprocessed/Interpolated/Andre_liegestuetzen2_13_10_2020_Chest.csv:[40591,42506,44061,45721,47361,49106,50761,52481,54171,55966,57816,59611,61451,63401,65326,67486,69691,72161,74821,77706,79206]
resources/preprocessed/Interpolated/Andre_liegestuetzen2_13_10_2020_LeftArm.csv:[40611,42496,44051,45701,47341,49116,50756,52476,54151,55976,57831,59606,61466,63386,65396,67511,69761,72226,74891]
resources/preprocessed/Interpolated/Lukas_liegestuetzen3_13_10_2020_LeftArm.csv:[11251,12906,15481,17351,19251,21241,22701,24156,25691,27466]
resources/preprocessed/Interpolated/Andre_liegestuetzen1_13_10_2020_Chest.csv:[17806,19651,21441,23146,24856,26526,28196,29861,31431,33046,34621,36281,37911,39526,41136,42811,44461,46156,47871,49621,51391,53291,55241,57391,59591,62511,65341]
resources/preprocessed/Interpolated/Andre_liegestuetzen2_13_10_2020_RightArm.csv:[40666,42426,44046,45681,47316,49086,50751,52456,54136,55961,57791,59586,61436,63456,65256,67526,69786,72286,74951]
resources/preprocessed/Interpolated/2020-07-02_12.50.00_Belly.csv:[16779,18995,20863,22755,24911,26879,29007,30903,32847,34927,37207,39347,41687,43759,45911,48351,50847,52039,55031,57503,60107,62995]
resources/preprocessed/Interpolated/Andre_liegestuetzen3_13_10_2020_Belly.csv:[31883,33623,35218,36883,38493,40098,41728,43403,45098,46818,48558,50693,52803,55003,57458,60148,62883,64783]
resources/preprocessed/Interpolated/Andre_Squats_13_10_2020_Chest.csv:[62361,64231,67036,72051,73471,75456,77511,82571,87476,92581,97806,102751,107656,110541,112586,117306,121991,126536,128906,131256,133686,136026,138426,140891,143396,145751,148176,150476,152906,155376,157771]
resources/preprocessed/Interpolated/Jan_liegestuetzen1_13_10_2020_LeftArm.csv:[85600,94600,96265,98550,100235,102610,104150,106280,108005,110160,111840,114255,115750,118235,119740,123790,126265,127740,130090,133475,135145,137615,141300,144940,146490,148965,153040,156940,161370,165595,168935,172600,176505,179235,180980,182715]
