resources/preprocessed/Interpolated/Lukas_liegestuetzen3_13_10_2020_RightArm.csv:[11596,13451,15076,16141,16351,16866,17546,18791,20276,21631,22886,23121,24621,25826,26131,26366,27616,27971,28276,28631,28796]
resources/preprocessed/Interpolated/Lukas_liegestuetzen3_13_10_2020_Chest.csv:[11041,11596,13006,13481,15016,16196,17451,18801,20196,21576,23126,24621,25781,26341,27916,28541,28796]
resources/preprocessed/Interpolated/Lukas_liegestuetzen3_13_10_2020_Belly.csv:[11016,11606,13476,14981,16196,17441,18821,20191,21566,22986,24646,25826,26251,27711,27856,28796]
resources/preprocessed/Interpolated/Lukas_liegestuetzen2_13_10_2020_RightArm.csv:[36430,37825,39500,41015,42570,44340,45970,47760,49360,51145,52805,52990,54425,55985,57540,59375,61200,62545,62855,63040,63655,63810,65190,65380,65760,66105,66900,68325,68485,68730,69250,69940,71220,72255,72460,72930,73920]
resources/preprocessed/Interpolated/Lukas_liegestuetzen2_13_10_2020_LeftArm.csv:[36450,37880,39460,41030,41290,42630,44435,46075,47355,47725,48570,49405,50395,51130,51840,52840,54270,54440,55975,56710,57565,59145,59390,61150,62300,62560,62940,63715,65285,65445,66050,66885,68210,68380,68705,68900,69245,69920,71175,72585,72865,73450,73985]
resources/preprocessed/Interpolated/Lukas_liegestuetzen2_13_10_2020_Chest.csv:[36450,37875,39465,41045,42580,44340,46100,47755,49380,51135,52820,54435,55970,57560,59215,61180,62605,63040,63680,65250,65515,66045,66910,68390,68730,69260,69910,71245,72535,72845,73500,73970]
resources/preprocessed/Interpolated/Lukas_liegestuetzen2_13_10_2020_Belly.csv:[36525,37885,39520,41060,42600,44345,46115,47785,49465,51165,52840,54450,55975,57615,59370,61150,62580,63015,63695,63850,65135,65315,65685,66090,66910,68250,68820,69260,69955,71190,72155,72445,72700,72860,73240,73435,73955]
resources/preprocessed/Interpolated/Lukas_liegestuetzen1_13_10_2020_Belly.csv:[38020,38855,40345,42115,43960,45705,47455,49190,50940,52815,54720,56625,57515,58400,60385,62290,63965,65460,65985,67750,68720,69685,71610,73355,75065,76825,78565,79900,80460,81865,82625,82910,83455,83735]
resources/preprocessed/Interpolated/Jan_liegestuetzen3_13_10_2020_RightArm.csv:[34015,34255,34590,34830,35340,35725,36925,38360,38500,39935,41345,42775,44135,45550,46980,48600,49785,50215,51555,52020,53440,53690,54060,55415,56010,56290,56580,56785]
resources/preprocessed/Interpolated/Jan_liegestuetzen3_13_10_2020_LeftArm.csv:[34000,34250,34620,34955,35435,35825,37010,38440,39960,41360,42775,44145,45645,46905,47065,48325,48650,50330,51575,52030,53415,54160,55450,56045,56405,56750]
resources/preprocessed/Interpolated/Jan_liegestuetzen3_13_10_2020_Belly.csv:[34560,35445,35705,37085,38630,39865,41340,42795,44175,45505,46930,47090,48115,48515,48755,49315,49885,50335,51585,52045,53260,54200,55315,56995]
resources/preprocessed/Interpolated/Jan_liegestuetzen2_13_10_2020_RightArm.csv:[16996,17146,17641,17836,18126,18341,18606,18876,20031,21476,22641,24151,25496,26756,28156,29316,29526,30996,32376,33736,35336,36811,38591,39946,40121,41461,41591,41951,43436,43881,45191,45551,45691,46266,47541,48491,48876,49296,49621,50136,50406,50566,50721,50921]
resources/preprocessed/Interpolated/Jan_liegestuetzen2_13_10_2020_Chest.csv:[17251,17541,17766,18101,18296,18676,20076,21491,22801,24126,25456,26766,28151,29546,30986,32376,33756,35256,36826,38596,39781,40141,41451,41956,43256,43401,43886,45146,46216,47571,48836,49291,49621,50116,50361,50946]
resources/preprocessed/Interpolated/Jan_liegestuetzen2_13_10_2020_Belly.csv:[17266,17781,18121,18656,20051,21436,22796,24141,25436,26731,28186,29561,30946,32391,33796,35321,36826,38546,39691,40151,40421,41391,42001,43216,43831,45126,45431,46106,47571,49356,50076,50321,50541,50991]
resources/preprocessed/Interpolated/2020-07-02_14.59.59_LeftArm.csv:[74499,75123,75987,76279,76727,77327,78379,78603,79027,79643,80815,81419,81983,82207,82423,83263,83823,85671,86307,86951,87647,87859,88227,88479,88655,89327,89743,90031,90695,91079,92611,93171,93887,94475,94703,94895,95259,95699,95895,96743,98147,98611,98743,99303,99995]
resources/preprocessed/Interpolated/Andre_liegestuetzen2_13_10_2020_Belly.csv:[40191,42081,43611,45201,46911,48616,50286,52136,53756,55606,57391,59241,61086,63051,64876,67056,69281,70801,71671,73401,74321,76146,76556,77356,77581,78371,79336,79666]
resources/preprocessed/Interpolated/Jan_liegestuetzen1_13_10_2020_RightArm.csv:[85150,86160,86575,87075,87335,87845,88355,89860,90070,90325,90595,90835,93790,94120,94510,98200,99015,101420,101740,102240,104630,105865,106270,107035,109820,113230,113710,114095,114590,116445,117655,118060,121220,121545,121945,122220,124445,125230,125820,126655,128575,129525,130070,130290,131700,132375,132845,133360,135690,135950,137050,137395,137790,139345,139715,140845,141070,143415,143610,144145,144640,145525,147460,147960,148505,149500,150040,151020,151560,152400,152665,153575,155090,155525,156555,157440,157635,159220,159680,160185,160890,161060,161790,163290,164400,165180,167085,167235,167485,167625,168595,169275,170495,170895,171450,172155,172425,172955,174320,175125,175410,176140,176910,178010,178945,179105,179810,180655,182315,183270,183690,183825,183990]
resources/preprocessed/Interpolated/2020-07-02_14.59.59_Chest.csv:[74395,75179,76279,76659,77367,77695,78591,79027,79731,80819,81399,82059,82411,83287,83851,85699,86135,86891,88115,88655,89311,89727,90671,91079,91879,92623,93207,93819,94479,95287,95903,96023,96747,97387,97531,98115,98791,99415,99523,99695,99967]
resources/preprocessed/Interpolated/2020-07-02_15.13.22_Belly.csv:[23003,23235,23527,23663,23915,24103,24271,24707,25263,25547,26435,28287,30263,32375,34511,35223,36371,36775,38615,38971,40079,41019,42023,42759,43391,43847,44935,45059,46099,46503,47367,47487,47607,48023,48631,49283,50019,50271,50671,50827,51331,52143,52931,53679,54395,55159,56175,56415,56547,56971,57791,58639,59371,59683,59923,60667,61483,62539,63407,63631,64103,64535,64847,65139,65259,65571,66095]
resources/preprocessed/Interpolated/2020-07-02_15.13.22_RightArm.csv:[23071,23303,23567,23795,24643,24779,25555,26179,26403,26579,27899,28359,30339,32059,32431,34111,34599,34747,35207,36279,36827,37491,38679,39051,39707,40079,40987,41331,41947,42095,42535,43271,43795,44703,45427,46051,46571,47335,47995,48455,48691,49391,50087,50647,51431,52055,52907,53591,53719,53863,54411,55275,56251,56891,57707,58151,58627,58831,59671,60043,60443,60579,60791,61195,61355,61723,62055,62503,62683,63699,64339,64719,65295,65659,65843]
resources/preprocessed/Interpolated/Lukas_liegestuetzen1_13_10_2020_Chest.csv:[38060,38815,40340,42030,43950,45665,47425,49175,50930,52805,54735,54985,56710,58405,60305,60580,62270,63960,65950,67745,68660,69670,69900,71550,73320,74095,75085,75840,76770,78555,80415,81990,82405,82650,82905,83150,83405,83710,83965]
resources/preprocessed/Interpolated/Jan_liegestuetzen1_13_10_2020_Chest.csv:[85160,86305,86875,87070,90365,94175,94990,98120,101980,102930,104670,105875,106380,108720,109780,113740,116195,117690,120445,120675,121510,121795,124130,124375,124660,125670,126580,128500,129430,132025,133155,133340,137090,139540,140760,143515,144510,147360,148400,150815,152540,155010,156460,159215,160800,163325,164065,164355,165125,167020,167535,168420,170565,170805,171135,172170,174285,174535,175025,175255,176075,177960,178810,179075,179770,180610,182230,183320,183995]
resources/preprocessed/Interpolated/2020-07-02_14.20.28_RightArm.csv:[62055,62335,62503,62891,63243,64367,64471,65511,66451,66679,67071,67591,67835,68723,68919,69731,70015,70439,70883,71171,72059,72343,73251,73519,74459,74731,75103,75691,75979,77079,77359,78807,80055,80371,81443,81775,82111,83275,83623,84007]
resources/preprocessed/Interpolated/2020-07-02_14.20.28_Belly.csv:[62063,62659,63275,64427,65483,66607,67767,68891,69987,71131,72331,73503,74683,75963,77331,78839,80279,82067,83999]
resources/preprocessed/Interpolated/2020-07-02_14.14.32_RightArm.csv:[32003,32163,32939,33451,34563,35811,36803,37143,38415,39667,40991,42043,42383,43735,45115,46219,46443,47551,47871,48943,49207,50371,50643,51779,52083,53179,53507,54667,54999,55223,56171,56455,57855,58139,59235,59679,59967,61099,61575,62027,63183,63531,63991,64383,64547,64995]
resources/preprocessed/Interpolated/2020-07-02_15.13.22_LeftArm.csv:[23031,23191,23559,23783,23999,24699,25567,26335,26599,26923,27915,28363,28639,30223,32123,32443,34191,34495,34627,34835,35407,36339,36651,36855,37511,38727,38911,39115,39775,40095,40411,41207,41383,41983,42243,42507,42783,43163,43403,43815,44579,45423,46019,46571,47235,47555,48035,48591,49363,49999,50179,50639,50787,51231,51431,52027,52203,52775,53623,54039,54299,55319,56139,56531,56899,57131,57547,57723,58183,58303,58599,58779,59663,60579,61251,61451,61823,62447,62707,63595,64619,65183,65835,66019]
resources/preprocessed/Interpolated/2020-07-02_14.14.32_Belly.csv:[32003,32279,33055,33499,34627,35831,37115,38379,39655,41007,42315,43743,45103,46459,47823,49227,50651,52039,53475,54919,56447,58155,59971,61135,61951,63263,64411,64995]
resources/preprocessed/Interpolated/2020-07-02_14.59.59_RightArm.csv:[74051,74391,74619,76219,76755,77291,77479,77703,78615,78943,79715,80751,81411,82095,83099,83291,83879,84587,84895,85627,86155,86843,87255,88143,88683,88831,89267,89743,90027,90547,91279,93139,93831,93939,94491,94715,94899,95279,95899,96763,97387,97971,98115,98539,98747,99291,99983]
resources/preprocessed/Interpolated/Jan_liegestuetzen3_13_10_2020_Chest.csv:[34050,34255,34425,34635,34910,35550,37065,38470,39965,41255,41395,42840,44145,45580,47060,48635,49815,50350,51570,52055,53470,54135,55415,56055,56455,56760]
resources/preprocessed/Interpolated/2020-07-02_14.20.28_LeftArm.csv:[62307,62515,63227,64403,65463,66351,66591,67031,67491,67835,68183,68599,68739,68891,69283,69723,70063,70403,70867,71135,71579,72047,72371,72763,73231,73511,73903,74419,75119,75663,75811,75939,77047,77311,78527,78679,79999,80287,80579,81403,81655,81935,82211,83523,83931]
resources/preprocessed/Interpolated/2020-07-02_13.00.09_Belly.csv:[27011,27367,28443,30375,32259,34123,34811,36015,36635,38075,38267,38971,40011,40715,41159,42079,44075,44835,45267,46487,48735,49927,51159,52283,53743,54135,55267,56039,56791,57983,59015,59255,59659,59903,60319,61067,61963,62411]
resources/preprocessed/Interpolated/2020-07-02_14.14.32_LeftArm.csv:[32003,32947,33455,34571,35835,37095,38087,38399,39527,39707,41055,42295,43699,44839,45123,46179,46443,47879,48903,49195,50331,50583,51743,52071,53143,53415,54631,54927,56111,56371,58163,58351,59199,59583,59915,60135,61475,62127,63367,63807,64503]
resources/preprocessed/Interpolated/2020-07-02_11.17.39_Belly.csv:[58227,59559,61435,63131,64899,66543,68227,69915,71687,72363,73415,75295,77107,77739,78179,78911,79899,80819,82723,83407,84667,86479,87323,88419,89151,89791,91043,91787,91995,93211,94039,95263,95623,96411,96803,98119,99095,99227,100103,100719,101775,102531,103415,104379,105371,105951,106927,107139,108139]
resources/preprocessed/Interpolated/Andre_liegestuetzen3_13_10_2020_Chest.csv:[31443,33208,34818,36468,38068,39718,41293,43053,44643,46393,48113,50328,52263,52558,54608,56613,57033,58983,59418,59803,61578,62328,63513,64428,64823,65333,65478]
resources/preprocessed/Interpolated/2020-07-02_11.17.39_Chest.csv:[58227,58931,59511,59827,61439,63123,64903,66551,68215,69159,69891,71015,71743,72763,73491,75311,77095,78931,80799,82687,83679,84643,86471,87375,88407,88583,89175,90047,91019,91727,91963,93219,95179,95603,95803,96303,96459,97815,98095,98967,99215,100699,101751,103411,104591,105499,105791,106207,106915,107167,108139]
resources/preprocessed/Interpolated/Jan_liegestuetzen1_13_10_2020_Belly.csv:[84905,86220,86890,87105,90365,94025,96970,97985,98980,100590,100785,102055,104565,105935,106560,108450,108790,109825,112235,112455,113670,116140,116620,117725,118880,120170,120500,121565,121830,124135,124430,125725,128085,128550,129425,131820,133235,135585,137065,139365,140780,143010,144490,145590,147175,147455,148405,150705,151445,152515,154665,154885,155110,155410,156420,157455,158625,158855,159360,159700,160750,161675,163195,163670,164010,164285,165165,166900,167420,167590,168480,169420,170370,170885,171070,171260,172095,172990,174035,174245,174415,174575,175330,176010,176905,177710,178995,179350,179505,179720,180580,181370,182190,182885,183115,183455,183640,183875]
resources/preprocessed/Interpolated/2020-07-02_11.17.39_LeftArm.csv:[58227,58595,58963,59419,59999,60455,60751,61191,61427,62099,62507,63171,64871,65147,65463,65831,66483,66763,66967,67155,67943,68211,68759,69135,69611,69871,70171,70567,70911,71715,71987,72727,73347,73815,74223,75023,75283,76811,77079,77367,77795,78135,78635,78755,79195,79999,80779,81075,81383,81763,82679,83439,83699,84323,84663,84871,85703,86227,87383,87667,88303,88499,89187,89975,90759,91003,91683,92991,93203,94347,95271,95595,96295,97711,98035,98267,98403,100375,100671,101051,102083,102663,102803,103423,104511,104883,105215,105435,105547,106099,106611,106891,107235,108139]
resources/preprocessed/Interpolated/2020-07-02_14.59.59_Belly.csv:[74059,74427,74659,75095,75203,76215,76519,77415,77739,78619,79023,79747,79979,80851,81347,82079,83219,83811,85695,86159,86863,87055,87995,88563,89311,89655,90651,91115,91895,92447,92715,93143,93287,93779,94515,94887,95211,95895,96731,97479,98055,98767,99299,99735,99995]
resources/preprocessed/Interpolated/Andre_Squats_13_10_2020_LeftArm.csv:[61001,61321,61851,62116,63741,64456,64621,66556,68226,68436,68746,69031,69931,70176,70656,70896,72896,75186,75376,78331,79991,80776,81156,83301,84946,88296,89081,89571,90111,90321,91256,93221,93371,94891,95616,96061,97026,98531,99641,100066,100831,101096,103421,105046,108331,109151,110191,111236,113201,114911,115896,118001,118886,119791,122761,123491,124306,124981,126876,127236,127411,127756,129271,129751,130081,131571,131996,132496,133981,134526,134826,136376,137181,138676,139646,141151,142116,143606,144641,146141,146676,146951,148446,148816,149271,150626,150856,151671,153211,154171,155636,156331,156561,158141,158991]
resources/preprocessed/Interpolated/2020-07-02_14.07.33_Chest.csv:[7201,7509,7937,8409,9633,10849,12217,13569,14861,16169,17429,18729,20009,21429,22841,24193,25541,26885,28313,29805,31197,32677,34085,35561,37085,38553,39673,40265,41317,41949,43049,44065]
resources/preprocessed/Interpolated/2020-07-02_11.17.39_RightArm.csv:[58235,58575,59343,59495,59919,61415,61771,63203,63895,64843,65155,66227,66447,67931,68151,68291,68507,69611,69919,70199,70623,71679,72383,72811,73187,73399,73935,74315,75031,75351,75619,76815,77159,77379,77759,78183,78639,78959,79187,80495,80831,81071,81807,82751,82967,83707,84323,84647,85079,86235,86443,87799,88311,88863,89263,89619,90075,90655,91003,91207,91939,92803,93191,93367,94047,94347,95279,95575,95819,96467,97743,98059,98287,99211,99371,100403,100967,102371,102507,102691,103403,104339,104551,105267,105399,105535,105655,105811,106363,106671,106903,107271,108103]
resources/preprocessed/Interpolated/Andre_liegestuetzen3_13_10_2020_RightArm.csv:[31348,33218,34788,36378,37273,38013,38853,39553,39733,41268,42928,44648,46443,48113,50318,50553,51258,52273,52438,52623,53333,54678,54978,56193,56353,56618,57098,57243,58778,59078,59368,59808,61428,61808,61998,62288,62588,64058,64328,65018,65418]
resources/preprocessed/Interpolated/2020-07-02_12.50.00_LeftArm.csv:[16035,16187,16411,16599,16791,17191,17347,17935,18215,18403,19063,19343,19615,19963,20155,20903,21159,22003,22403,22799,22931,23599,23987,24195,24975,25139,25631,26519,27007,27263,27563,27687,28235,29063,29339,29623,31083,31431,31723,32547,33043,33467,33759,33935,34159,34575,35111,35935,36779,37375,37779,37935,38079,39539,39667,40459,40899,41303,41879,42059,42559,43439,43987,44243,44407,44679,45083,45471,46179,46351,46907,47047,48727,49139,49555,50295,50559,51259,51487,51915,52063,52775,53119,54131,54511,54699,54959,55807,56203,56731,57031,57383,57743,58099,58279,58423,58675,58959,59355,59655,59899,60899,61055,61611,61847,62259,62623,62927]
resources/preprocessed/Interpolated/2020-07-02_14.20.28_Chest.csv:[62079,62259,62663,63259,64411,65495,66651,67811,68895,70035,71163,72375,73543,74723,75959,77367,78811,80343,82131,83403,83995]
resources/preprocessed/Interpolated/2020-07-02_14.07.33_RightArm.csv:[7165,7965,8397,9561,10849,12253,13513,14841,16141,17453,17709,18097,18685,19973,21405,22829,23897,24213,25245,25565,25801,26597,26865,28033,28333,29493,29845,30913,31249,32337,32673,32905,33765,34161,34321,35265,35605,36757,37061,38233,38597,39741,39949,40205,40513,41305,41653,41925,42925,43049,43245,43689,44093]
resources/preprocessed/Interpolated/Lukas_liegestuetzen1_13_10_2020_RightArm.csv:[38030,38820,40340,40925,42020,42785,43920,45680,46650,47390,49025,49390,50950,51145,52705,54690,55010,56720,58400,59335,60355,60620,62120,62280,64030,64200,64915,65975,66780,67730,68695,69610,69935,71545,73325,74100,75085,75845,76735,78540,80435,82365,82620,83655]
resources/preprocessed/Interpolated/2020-07-02_14.07.33_Belly.csv:[7177,7429,8369,9649,10897,12225,13533,14841,16165,17433,18737,20021,21413,22841,24177,25533,26853,28305,29789,31181,32633,33985,35541,37069,38509,39625,40189,41225,41909,42985,43957]
resources/preprocessed/Interpolated/Andre_liegestuetzen1_13_10_2020_RightArm.csv:[17451,18361,19186,20971,22656,24376,26056,27631,29411,30961,32641,34246,35726,35911,37446,39086,40626,40776,42406,44051,45761,47416,49296,50021,50806,51021,52936,54716,54881,56516,56871,57731,58436,59096,59231,60866,61031,61426,61726,61971,62261,63951,64391,64736,64936,66481,66631,66881]
resources/preprocessed/Interpolated/2020-07-02_12.50.00_RightArm.csv:[16151,16475,16919,17315,17995,18215,18459,19359,20187,21211,21919,22811,23015,23511,23635,24163,24507,25147,25555,25695,26163,27027,27415,27603,29103,29455,29679,29891,30219,30443,30579,31099,31419,31775,33079,33471,33683,33879,34247,34679,35143,35371,35683,35903,37399,37743,38039,38183,38375,39043,39547,39719,40415,41223,41895,42091,42295,42475,42667,43047,43451,44019,44271,44415,44667,44811,46451,47031,47663,47991,48859,49459,50079,50455,51267,51511,51679,51959,52511,53111,54147,54295,54523,54811,55755,56327,56483,56767,57051,57335,57955,58295,58631,58799,59047,59391,59807,60447,60795,61071,61731,61859,62315,62627,62947]
resources/preprocessed/Interpolated/Andre_Squats2_13_10_2020_Belly.csv:[48260,50060,50605,52335,52845,54555,55030,56820,57475,59205,59850,61590,62210,63965,64540,66135,66880,67615,70290,70690,71820,72200,73705,74105,74965,77150,77575,78010,78355,81815,82840,84120,85680,88500,89565,91145,93025,95625,96830,97100,97630,97795,99880,100120,102765,103755,103960,104695,105575,106625,106995,107375,107945,108245,109595,111570,113560,114040,114475,114850,115330,116685,118780,120520,120795,121060,122450,123925,124875,125115,126225,127015,127255,128475,128795,131550,132660,133210,133450,135985,137570,140620,141550,142320,143395,144285,145520,147075,149140,150200,150590,150750,151040,151680,151910,152650,154960,156525,157665,159580,160110,160455,161130,161580,162030,162475,163035,163535,164465,164745,165285,166260,167125,167455,168485,169320,169710,170130,170480,170735,171540,172410,173550,174665,175450,176375,177195,179545,180475,181285,182355,184470,185290,186310,187035,187385,188210,189415,190270,191275,192110,194325,194510,195045,196050,197175,199405,200875,201515,201900,203885,204675,205400,206455,208955,209705,210205,210995,211415,212185,213200,213495,213900]
resources/preprocessed/Interpolated/2020-07-02_12.50.00_Chest.csv:[16019,16475,16831,17379,18199,19327,19955,20227,21179,23023,23443,23567,24191,25347,25647,27367,28275,29123,29403,29711,30583,31147,31431,31711,33119,33499,33747,34635,35315,35931,37419,37759,38039,38983,39595,40383,42311,42543,44067,44403,44667,46415,46851,47031,48019,48851,49163,49403,50443,51323,51659,51939,53099,54207,54531,54815,55791,57091,57787,57919,58243,58539,59079,59667,60771,61083,61735,61867,62683]
resources/preprocessed/Interpolated/2020-07-02_13.00.09_Chest.csv:[26999,27363,28435,30367,32271,34131,36003,38051,38279,39023,39991,40715,42047,44123,44823,45367,46527,47571,48751,49911,50871,51147,51443,52271,53927,56007,56775,57923,58239,58955,59215,59663,59887,60295,60899,61107,61247,62067]
resources/preprocessed/Interpolated/2020-07-02_13.00.09_RightArm.csv:[27047,27363,27487,28347,28503,28751,28883,30343,31071,32191,32523,33315,33743,34119,34371,34663,34803,34915,35099,35239,36079,36811,37051,37619,37939,38979,39187,39959,40251,40679,41139,42035,42355,42727,43823,43991,44235,44831,45295,45611,46615,47355,47739,48475,49019,49927,50815,50975,51115,51463,51883,52335,53519,54243,54983,55231,55447,55611,56143,56371,56987,57111,58023,59043,59347,59779,59915,60239,61015,61303,61743,61911]
resources/preprocessed/Interpolated/2020-07-02_15.13.22_Chest.csv:[23035,23203,23543,23915,24687,26463,28355,30235,32099,32435,34587,35211,36359,36759,38027,38663,39007,40063,41051,41211,41403,42083,43351,43831,44783,45427,46063,46459,47343,47987,48687,49383,50123,50815,51419,52087,52935,53647,54395,55299,56187,56543,56943,57735,58623,58803,59715,60571,61459,62507,63303,63639,64391,64635,65283,65939,66095]
resources/preprocessed/Interpolated/Andre_liegestuetzen1_13_10_2020_Belly.csv:[17351,19211,21101,22706,24461,26076,27761,29436,31021,32626,34141,35906,37486,39096,40636,42346,44061,45736,47406,49261,50981,52911,54841,56221,56556,56986,58391,59141,60761,61536,62021,63751,64376,64836,66491,66751]
resources/preprocessed/Interpolated/2020-07-02_15.31.36_Belly.csv:[72387,73091,73571,73855,74003,74455,74735,75055,75295,75535,75719,75927,76595,77199,77491,77831,78071,78263,78483,78979,79303,79463,79687,80111,80499,81299,82347,82663,83687,84251,84431,84639,85267,85435,86391,87731,87915,89763,90111,91511,92287,92971,93659,94307,94599,96899,97471,98187,98827,99191,100055,100491,101111,101575,102231,102887,103675,104051,105995,106735,107307,107963,108763,109343,109975,110283,110711,110835,111467,112079,112743,113499,113975]
resources/preprocessed/Interpolated/Jan_liegestuetzen2_13_10_2020_LeftArm.csv:[16996,17556,17796,18086,18591,18851,19966,21491,22776,24106,24781,25421,26721,28116,29531,31016,32461,33796,35321,36796,38621,39766,40166,41476,42061,43241,43951,45141,46241,47561,48461,48736,49426,50116,50346,50996]
resources/preprocessed/Interpolated/2020-07-02_15.31.36_Chest.csv:[72455,72747,73095,73523,74251,74719,75375,76103,76255,76531,76835,77135,77775,77911,78115,78471,79047,79583,80015,80347,81311,82051,82407,82735,84279,84647,84995,85379,86167,86367,87939,89731,90239,92279,94167,94583,95207,96559,96859,97555,98787,99231,101071,101539,102187,102371,102999,103619,104047,104815,106015,106707,107411,108047,108779,109367,109975,110787,111519,112119,113451,113975]
resources/preprocessed/Interpolated/Andre_Squats_13_10_2020_RightArm.csv:[60996,61286,61841,63701,64576,66546,68031,68376,68746,69081,70211,70766,71006,73001,74041,75296,75706,78281,79366,79976,80561,83321,84081,84881,88371,88926,90006,91156,93251,94611,94901,95746,98506,99361,100051,100541,100741,103536,105196,105576,108221,108371,109391,110231,110981,111296,113181,114051,114986,117951,118601,118881,119421,119891,122651,123501,124271,125001,125346,126846,127256,127746,129276,129761,130081,131651,132561,133961,134536,134826,136391,137216,138751,139271,139656,141166,142081,143646,144131,144346,144576,145996,146671,146991,148461,148986,149226,150851,151591,153191,154206,155641,156216,156606,158081,158586,158786,158996]
resources/preprocessed/Interpolated/2020-07-02_14.14.32_Chest.csv:[32039,32791,32935,33499,34615,35839,37123,38427,39699,41019,42339,43755,45115,46463,47887,49247,50683,52123,53483,54991,56479,58179,60003,61983,63391,64499]
resources/preprocessed/Interpolated/2020-07-02_15.31.36_LeftArm.csv:[72407,72727,73107,73683,74731,75511,76627,77283,77955,78231,78587,78959,79131,79915,80079,81271,81439,81663,81843,82055,82395,82679,83679,84023,84207,84639,85375,85567,85751,85955,86139,86371,86939,87695,87919,89575,89707,90295,91019,91183,91835,92283,93103,93239,94171,94419,94655,95651,95799,96347,97179,98787,99227,100963,101599,102135,103047,103623,104119,104675,105983,106667,107195,108039,108803,109347,109503,110771,110951,111403,112099,112975,113399,113875]
resources/preprocessed/Interpolated/2020-07-02_15.31.36_RightArm.csv:[72383,72679,73155,73407,74111,74551,74955,75443,75619,76063,76311,76627,77011,77219,77963,78535,78767,79183,79431,79711,80063,81331,81611,81915,82255,82523,82731,83067,84163,84307,84591,84899,85247,85391,85583,85987,86243,86503,87555,87951,88095,88251,89675,90211,90319,90763,91195,91879,92359,94079,94595,95179,96851,98271,98807,99163,99719,100535,101079,101543,102207,102379,102607,103035,103355,103615,104035,104187,104867,105887,106819,107999,108131,108783,109419,110615,111483,112127,113395,113975]
resources/preprocessed/Interpolated/Andre_Squats2_13_10_2020_Chest.csv:[48375,50065,50600,52285,52840,54535,55025,56815,57500,59185,59915,61585,62265,63915,64540,66090,66315,67600,70350,70660,72230,73645,73855,74090,75025,77575,78320,81180,81825,82770,84100,85615,88535,89995,91005,93005,95635,96735,97080,97565,97790,99950,100345,102760,103925,104690,106580,106895,107330,107975,108215,109595,111780,114055,114475,114940,116675,118890,122460,123940,125050,127035,128450,128710,129805,131565,132655,133435,136080,137575,138675,140625,141515,142335,145485,147090,150550,151035,151675,152795,154965,156505,157640,159585,160440,161135,161565,162025,162405,164475,165300,166270,167090,167490,169395,169695,170125,170770,171530,172365,174660,176370,177180,179540,180490,181260,182315,184485,185285,186315,187040,189445,191265,192030,192205,194505,196055,196860,197170,199400,200870,201915,203885,204660,205425,206435,208940,209680,210185,210975,211420,213570,213915]
resources/preprocessed/Interpolated/2020-07-02_14.07.33_LeftArm.csv:[7005,7173,7701,7825,8005,8429,9613,10245,10957,12157,13277,13561,14809,16165,17145,17409,18129,18753,20001,21397,22513,22829,24157,25237,25509,26577,26861,28009,28289,29469,29761,30905,31165,32321,32457,32609,33745,34029,35229,35493,35781,36713,37057,38185,38485,39701,39929,40065,40305,40737,41265,41577,41869,41993,42885,43617,44017]
resources/preprocessed/Interpolated/Andre_Squats2_13_10_2020_RightArm.csv:[47660,48145,48380,50100,50610,52360,52840,53125,54545,55020,56820,57765,59155,59945,60190,61515,61700,62270,62475,63950,64540,64855,65940,66770,66970,67445,67775,68105,68915,70290,70545,71140,72290,73585,73830,74875,75175,77525,78240,80010,81115,81790,82805,84245,85225,85585,88380,88630,89655,90040,91065,92295,92560,92755,93005,94610,95650,96825,97925,99215,99600,100420,102045,102815,103805,104765,105810,106050,106575,107035,108090,109165,109395,109560,110635,111835,113775,114080,114590,115205,116500,117025,117445,118835,120235,120395,120770,122060,122245,123015,123555,123920,124810,125010,126595,126970,127395,127845,128710,129725,130075,131495,132345,132530,133445,135990,136825,137605,138370,140585,141450,141685,142375,142795,143105,143250,145510,147205,147520,150170,150985,152050,155025,155665,156580,157260,157605,159570,160080,160445,161080,161565,162040,163065,164005,164460,164845,165320,165860,166315,167140,167495,169400,170225,170740,171195,171580,172280,174210,174610,174930,175685,176160,177240,178045,178250,179500,180500,181320,182225,184430,184575,185345,185590,186365,189650,191320,194280,194500,195010,195430,196130,196900,198840,199490,201020,201590,201855,203015,203940,205090,205455,206045,206495,208140,209000,209690,210210,210485,211080,211430,213265,213610,213995]
resources/preprocessed/Interpolated/Andre_liegestuetzen1_13_10_2020_LeftArm.csv:[17416,18331,19151,21091,22746,24496,26166,27756,29296,29511,30836,31001,32601,34181,35781,35956,37561,39096,40771,42326,44066,45671,45851,47376,47546,49256,50976,52956,54931,56906,58476,59211,60946,61391,61641,62086,62301,63831,64826,65046,66571,66836]
resources/preprocessed/Interpolated/2020-07-02_13.00.09_LeftArm.csv:[27031,27403,28183,28331,28735,29047,30039,30291,30699,30911,31047,31891,32295,32555,33743,33971,34143,34287,34467,35711,35987,37615,38339,39143,39651,40023,40195,40371,41211,41751,42039,42379,42771,43827,44071,44387,45171,45307,46339,46491,46663,46927,47627,48471,49239,50035,50799,51199,51439,52103,53499,53915,54043,54319,55315,55931,56071,56371,56727,57043,57939,58067,58227,58643,58935,59691,59895,60351,61031,61363,61499,61735,62059,62183,62367]
resources/preprocessed/Interpolated/Andre_liegestuetzen3_13_10_2020_LeftArm.csv:[31383,33248,34853,36518,38098,39643,41233,43048,44558,46433,48198,49668,50183,50398,52328,52478,54768,56248,56578,56738,57078,57303,58533,58968,59103,59423,59978,61618,61998,62448,62578,63493,63988,64283,64573,64818,64953,65398]
resources/preprocessed/Interpolated/Lukas_liegestuetzen1_13_10_2020_LeftArm.csv:[38110,38395,38660,40200,40960,42070,42810,43950,45690,46515,47415,49095,50925,51090,52795,53755,54705,55695,56560,57510,58355,59290,59885,60335,60555,62170,62355,63875,64070,64840,65920,66150,67770,68670,69665,69895,70810,71565,72305,73325,74060,75085,75790,76775,77515,78555,79335,80365,81695,82010,82360,82715,82910,83420,83905]
resources/preprocessed/Interpolated/Andre_Squats2_13_10_2020_LeftArm.csv:[47500,48460,50045,50620,52310,52985,54520,55045,55340,56840,57725,59170,59935,60155,61580,62300,63925,64630,64830,65940,66525,67570,70660,70995,72245,73555,73815,74395,74875,75205,78115,78250,79980,80985,81730,82865,84130,84645,84940,85795,87255,88390,88845,89895,91410,92650,93020,94580,95560,96775,98000,98405,98840,99095,99585,99905,100405,102715,103845,104705,105570,106050,106365,106830,107265,108015,109575,110295,110760,111825,113375,113630,114110,114365,114950,115190,115670,116195,116725,116950,117505,118985,119750,120035,120305,121185,121970,122245,122790,123045,123585,123950,124930,126930,127430,127825,128725,129825,131470,131915,132470,133425,136040,136865,137640,140570,141500,142355,145260,145475,146740,147190,147555,149075,150105,150465,150940,152045,154885,155705,156585,157270,157720,159545,160095,160430,161235,161595,162040,162365,164050,164435,164770,165305,166420,167140,167520,168490,169345,169700,170165,170825,171240,171635,172455,174220,174550,174715,174950,175605,176190,176380,177315,178115,179470,180440,181325,182280,184455,185345,186300,186995,187290,188270,188420,189355,190285,190425,190840,190980,191265,191725,192000,192255,194615,196295,199335,200405,200890,201480,201980,202915,203895,204795,205155,205515,206085,206490,208125,208960,210495,210955,211400,212210,213560]
resources/preprocessed/Interpolated/Andre_Squats_13_10_2020_Belly.csv:[61016,61956,63806,64586,66126,66561,67926,68736,69051,70121,70531,71006,72166,72461,72856,73151,75016,76186,77436,78301,79081,79921,80756,81151,81436,82466,83281,84861,85656,86161,87426,88351,89891,91071,91286,91526,93411,94161,94961,96236,96521,98521,99601,99971,100746,100986,101476,101646,102586,103441,105001,106486,108341,110071,110926,111326,112136,112396,113361,114831,115891,118041,118956,119721,120616,122661,123471,124431,125326,126766,127431,127596,129166,129706,131561,132271,132471,133881,134511,134756,136316,137101,138696,139436,139611,141171,141911,142091,143651,144296,144536,146071,146666,148451,148941,150046,150796,151361,153231,153926,155656,156296,158076,158636,158976]
resources/preprocessed/Interpolated/Andre_liegestuetzen2_13_10_2020_Chest.csv:[40041,40301,42046,43586,45286,46876,48586,50381,52101,53666,55596,57351,59206,61016,62991,65021,67096,69266,70966,71281,71651,73831,74251,76101,76531,76906,77251,77541,78331,79476,79821]
resources/preprocessed/Interpolated/Andre_liegestuetzen2_13_10_2020_LeftArm.csv:[40121,40326,42006,43536,44416,45296,46926,48591,48761,50381,52071,53671,55561,57486,59216,60996,63021,64296,64996,67121,69381,70926,71276,71641,71936,72706,73391,73546,73811,74341,74511,76086,76556,77276,77671,77996,79446,79871]
resources/preprocessed/Interpolated/Lukas_liegestuetzen3_13_10_2020_LeftArm.csv:[11041,11586,11766,13146,13456,13891,15031,15701,16176,17286,17541,18006,18791,20271,20776,21606,23156,24481,24741,25796,26166,26431,27571,27931,28246,28756]
resources/preprocessed/Interpolated/Andre_liegestuetzen1_13_10_2020_Chest.csv:[17431,19306,21031,22696,24446,26136,27811,29411,31001,32611,34206,35906,37561,39091,40631,42411,44041,45756,47446,49241,51006,52916,54831,56986,59201,60946,61441,61981,62266,63941,64366,64846,66511,66831]
resources/preprocessed/Interpolated/Andre_liegestuetzen2_13_10_2020_RightArm.csv:[40281,41971,43586,45181,46886,48666,50386,52026,53731,55581,57226,57436,59071,59206,60911,61081,63051,64631,64921,65791,67106,68021,68791,69261,70986,71136,71776,71981,73456,73721,74466,76141,77056,77221,77556,78321,78676,79496,79796]
resources/preprocessed/Interpolated/2020-07-02_12.50.00_Belly.csv:[16051,16607,16891,17295,18011,18223,18607,19351,19971,21175,22951,23427,23587,25339,27363,28259,28675,29451,29707,31495,31723,33491,35335,35535,35919,37447,37751,39603,39747,40363,42307,43395,44079,44415,44639,46471,46839,47015,48807,49151,49451,51339,51671,51939,53103,54219,54547,54823,55707,56467,57099,57911,58167,59011,59667,60399,60795,61087,61759,61903,62715]
resources/preprocessed/Interpolated/Andre_liegestuetzen3_13_10_2020_Belly.csv:[31333,31573,33143,34738,36503,38088,39753,41303,42978,44668,46463,48138,49643,50348,52283,54618,57043,58543,59013,59428,59823,61528,62358,64183,64573,65298,65498]
resources/preprocessed/Interpolated/Andre_Squats_13_10_2020_Chest.csv:[61011,61926,63806,64586,67926,69031,70116,70506,71006,72876,73171,75001,78286,79776,80801,83306,84876,85731,88366,89966,91181,93396,94156,94926,96146,96361,98526,99986,101136,103606,105026,106531,108366,110066,111041,111301,113376,114906,115866,118116,119696,120621,122696,123506,124356,125321,126786,127586,129196,129776,131576,132316,132501,133921,134546,136321,137111,138691,139396,141171,141911,143646,144316,144541,146031,146666,148466,148976,150811,151451,153221,153946,155641,156316,158076,158756]
resources/preprocessed/Interpolated/Jan_liegestuetzen1_13_10_2020_LeftArm.csv:[85095,85340,86275,86715,86985,87705,87960,89205,89760,89960,90710,91185,94160,96435,97585,98060,101380,101795,102175,102990,105830,106085,106345,109590,109750,110525,113710,114125,114635,114875,116250,117230,117705,118035,118765,120430,120805,121540,121780,122285,122510,122765,124100,124395,125125,125525,125830,126545,126785,128460,128975,129540,129705,131745,131975,133095,133275,135935,136655,137030,138170,138430,139205,139555,140025,140375,140730,141110,143500,144395,145090,145360,147370,147900,148355,148740,150800,152510,154570,155120,155295,156505,158835,159265,159595,160445,160740,162130,163345,163700,164075,164505,165065,167015,167205,167605,167760,168505,169320,170625,171035,171320,172140,174045,174335,174565,174735,175265,176010,177590,177855,178005,178810,179655,180530,182295,183265,183405,183985]
