resources/preprocessed/Interpolated/Lukas_liegestuetzen3_13_10_2020_RightArm.csv:[11786,14186,16901,20896,23711,27086]
resources/preprocessed/Interpolated/Lukas_liegestuetzen3_13_10_2020_Chest.csv:[11026,14016,18006,21676,25101,28646]
resources/preprocessed/Interpolated/Lukas_liegestuetzen3_13_10_2020_Belly.csv:[11056,13521,16926,19081,23321,26166]
resources/preprocessed/Interpolated/Lukas_liegestuetzen2_13_10_2020_RightArm.csv:[36540,39130,41780,45070,50165,55705,61355,63830,66405,69885,73070]
resources/preprocessed/Interpolated/Lukas_liegestuetzen2_13_10_2020_LeftArm.csv:[36565,39175,43210,46695,50765,56630,60680,63845,66445,69880,71980]
resources/preprocessed/Interpolated/Lukas_liegestuetzen2_13_10_2020_Chest.csv:[36570,39195,42780,45045,48215,52880,55830,61000,64715,66730,69380,71995,73995]
resources/preprocessed/Interpolated/Lukas_liegestuetzen2_13_10_2020_Belly.csv:[36000,38660,41270,43920,48290,52400,55060,57255,60990,63485,66820,69040,72050]
resources/preprocessed/Interpolated/Lukas_liegestuetzen1_13_10_2020_Chest.csv:[38700,41730,44630,48700,52400,55375,59880,62720,64835,68855,72775,75175,77335,79500,81605,83965]
resources/preprocessed/Interpolated/Lukas_liegestuetzen1_13_10_2020_Belly.csv:[38710,41175,46370,49220,51195,54555,56765,60155,62895,64905,68160,72710,75260,78275,82115]
resources/preprocessed/Interpolated/Jan_liegestuetzen3_13_10_2020_RightArm.csv:[34230,37660,40535,42625,44765,46850,52680,54650]
resources/preprocessed/Interpolated/Jan_liegestuetzen3_13_10_2020_LeftArm.csv:[34865,37650,40525,44065,46865,51770,54660]
resources/preprocessed/Interpolated/Jan_liegestuetzen3_13_10_2020_Belly.csv:[34000,38525,42075,45695,47725,50505,52855,54845,56995]
resources/preprocessed/Interpolated/Jan_liegestuetzen2_13_10_2020_RightArm.csv:[17041,23381,26041,28086,30176,33026,36691,40816,43461,45526,47676,50781]
resources/preprocessed/Interpolated/Jan_liegestuetzen2_13_10_2020_Chest.csv:[16996,20571,23336,26736,30131,35876,42626,44571,46821,49376]
resources/preprocessed/Interpolated/Jan_liegestuetzen2_13_10_2020_Belly.csv:[16996,20126,23521,25651,28311,30296,33131,37596,40961,43896,46051,48711,50841]
resources/preprocessed/Interpolated/Andre_liegestuetzen3_13_10_2020_RightArm.csv:[31453,33863,36078,40373,44233,47168,49473,51723,53783,56018,57878,59908,63313]
resources/preprocessed/Interpolated/2020-07-02_14.20.28_RightArm.csv:[62035,66539,70531,75255,78607,81591,83819]
resources/preprocessed/Interpolated/2020-07-02_14.20.28_Belly.csv:[61995,64131,67231,68655,74027,77339,80979,82731]
resources/preprocessed/Interpolated/2020-07-02_14.14.32_RightArm.csv:[32003,35159,40199,44887,47599,50403,51847,54127,56235,57967,59595,61391,63447,64995]
resources/preprocessed/Interpolated/2020-07-02_15.13.22_LeftArm.csv:[23267,25611,27291,29151,30623,32679,34779,37011,39851,42095,44607,46691,49479,52223,55243,58711,62483,66095]
resources/preprocessed/Interpolated/2020-07-02_14.14.32_Belly.csv:[32003,34271,35707,38303,41895,45323,47475,49475,51387,55583,59135,61607,64059]
resources/preprocessed/Interpolated/2020-07-02_14.59.59_RightArm.csv:[74515,77499,79799,81591,84031,86391,88791,91315,93975,96811,99695]
resources/preprocessed/Interpolated/2020-07-02_14.20.28_Chest.csv:[61995,64791,67543,71511,74487,76251,78679,80663,82631]
resources/preprocessed/Interpolated/2020-07-02_14.07.33_RightArm.csv:[7209,10249,12761,15429,17297,19813,22561,25325,29513,31785,34649,36777,39177,40829,42573]
resources/preprocessed/Interpolated/Lukas_liegestuetzen1_13_10_2020_RightArm.csv:[38000,41670,45270,48770,52335,54235,57480,59295,63535,66260,71105,74715,77530,81210,83995]
resources/preprocessed/Interpolated/2020-07-02_14.07.33_Belly.csv:[7197,10577,12897,15581,17585,20361,23137,24985,27137,29077,31941,35565,38537,40841,42365]
resources/preprocessed/Interpolated/2020-07-02_13.00.09_RightArm.csv:[27927,29939,31767,33671,35559,37455,39435,41547,43531,45739,48103,49539,51199,52883,55611,57683,60503,62411]
resources/preprocessed/Interpolated/Jan_liegestuetzen3_13_10_2020_Chest.csv:[36110,41930,47585,50100,52700,55710]
resources/preprocessed/Interpolated/2020-07-02_14.20.28_LeftArm.csv:[61995,65995,68807,74603,78563,81515,83431]
resources/preprocessed/Interpolated-Revised/Jan_liegestuetzen1_13_10_2020_edited_Belly.csv:[72001,76515,78988,81695,84293,86215,88107,90509,92436,94473,97852,100399,102821,104768,107001,108838,110885,114368]
resources/preprocessed/Interpolated/2020-07-02_12.50.00_LeftArm.csv:[16271,19487,21371,23259,24895,26927,28943,30987,32955,35551,37231,39943,42299,43831,46603,49107,50955,53599,56315,58767,61455]
resources/preprocessed/Interpolated/2020-07-02_13.00.09_Chest.csv:[27027,29775,31811,33707,35635,37627,39543,42275,44323,45867,49059,52931,54555,57095,58627,60467,62103]
resources/preprocessed/Interpolated/2020-07-02_12.50.00_Chest.csv:[16271,18111,20087,24451,26559,28507,30551,32563,34679,36195,38835,40783,43299,45551,47379,49863,52899,55711,58007,60799,62815]
resources/preprocessed/Interpolated-Revised/Jan_liegestuetzen1_13_10_2020_edited_LeftArm.csv:[72291,74368,76235,78262,81425,83417,86065,89208,91060,94303,97721,101660,104658,106911,110144,112771,114813]
resources/preprocessed/Interpolated-Revised/Jan_liegestuetzen1_13_10_2020_edited_RightArm.csv:[72276,76250,78858,81460,84088,88622,93637,97026,99288,102701,104678,106911,109964,112681]
resources/preprocessed/Interpolated/Andre_Squats2_13_10_2020_Belly.csv:[48045,50285,52535,54760,57120,59445,61755,64245,67295,69210,72060,74580,76720,80255,83455,86320,88580,90525,93460,95805,100630,103055,106670,109305,111645,113780,115920,118680,121075,123605,126220,130240,132770,136080,139715,141980,144205,146870,149450,153150,154935,157375,159460,163535,165830,168215,171685,173460,175990,179410,183465,185860,188545,190830,193200,196575,200325,204100,206355,209925,212310]
resources/preprocessed/Interpolated/2020-07-02_13.00.09_Belly.csv:[27859,29779,31751,33695,35567,38895,41611,45163,47447,49127,52103,54919,57175,59491,61059]
resources/preprocessed/Interpolated/2020-07-02_14.14.32_LeftArm.csv:[32315,35159,38179,40183,43463,46991,50379,54055,56139,57891,59527,61299,63399,64995]
resources/preprocessed/Interpolated-Revised/Jan_liegestuetzen1_13_10_2020_edited_Chest.csv:[72937,75604,78928,82121,86070,88612,92316,94954,97716,100875,104608,106901,109603,112756,114994]
resources/preprocessed/Interpolated/2020-07-02_11.17.39_Belly.csv:[58971,61051,62495,64439,66523,68679,70583,72315,74063,75879,77703,79475,81443,85139,87099,89303,93727,96083,98043,99903,101795,104419,107343]
resources/preprocessed/Interpolated/Andre_liegestuetzen3_13_10_2020_Chest.csv:[31423,34628,36533,38688,44178,47098,50843,52848,55058,57513,59423,62578,65498]
resources/preprocessed/Interpolated/2020-07-02_11.17.39_Chest.csv:[58227,60007,62691,65403,67459,69127,70819,72691,74367,76163,78527,79995,81707,83523,85563,88051,90547,94163,96487,99127,101623,104367,106615]
resources/preprocessed/Interpolated/2020-07-02_11.17.39_LeftArm.csv:[58227,59927,61755,64499,66183,67879,69527,71323,73099,74911,76719,78511,80367,82247,84127,86075,88735,91099,92507,94787,97239,98951,101439,104095,107819]
resources/preprocessed/Interpolated/2020-07-02_14.59.59_Belly.csv:[73999,76267,79271,81571,84087,86419,88583,90167,92859,95315,96831,99995]
resources/preprocessed/Interpolated/Andre_Squats_13_10_2020_LeftArm.csv:[60996,66186,68126,71586,74236,77146,79596,82371,86576,92361,95796,99176,102521,105606,110931,113351,115641,118271,121646,126271,128686,131131,133486,135871,138251,140716,143236,145621,148001,150371,152796,155256,157651]
resources/preprocessed/Interpolated/2020-07-02_14.07.33_Chest.csv:[7473,10529,13757,15773,18333,22345,26273,28665,31485,33269,36633,39777,41909,43781]
resources/preprocessed/Interpolated/2020-07-02_11.17.39_RightArm.csv:[58227,61071,62807,64471,66171,67863,69531,71319,73083,74883,76695,78491,80367,82227,84119,86071,88751,91651,94763,97223,99775,101367,104055,107799]
resources/preprocessed/Interpolated/2020-07-02_14.59.59_Chest.csv:[73999,76071,79775,81635,84079,86939,88959,91363,94015,97011,98799]
resources/preprocessed/Interpolated/2020-07-02_14.59.59_LeftArm.csv:[74495,77527,79239,81575,84007,86375,88775,91307,93959,96783,99767]
resources/preprocessed/Interpolated/2020-07-02_12.50.00_RightArm.csv:[16451,19487,21363,23267,25427,26907,28923,30991,32907,35555,37811,39963,42319,43835,46627,48423,50947,53607,56319,58775,61463]
resources/preprocessed/Interpolated/Andre_liegestuetzen1_13_10_2020_RightArm.csv:[16996,19986,25731,33351,35481,38256,41976,46991,49246,51611,53576,55566,57731,59936,62271,65686]
resources/preprocessed/Interpolated/Andre_liegestuetzen2_13_10_2020_Belly.csv:[39996,42176,48241,51586,55046,57396,59241,62836,66131,69641,71826,73811,75926,79006]
resources/preprocessed/Interpolated/2020-07-02_15.13.22_Belly.csv:[23219,26255,28067,30711,32699,35239,37019,39267,40907,43039,45679,48147,50803,52303,53735,55351,57255,58835,60739,62527,64667]
resources/preprocessed/Interpolated/2020-07-02_15.13.22_RightArm.csv:[23251,25571,27299,29075,31111,32671,34751,36975,39251,44607,47279,49455,52251,55983,58771,62567,66095]
resources/preprocessed/Interpolated/2020-07-02_15.13.22_Chest.csv:[23135,25559,27375,30491,31915,34507,37003,39163,40655,42983,45675,48247,50915,53795,55475,57119,58839,60655,64543]
resources/preprocessed/Interpolated/Andre_liegestuetzen1_13_10_2020_Belly.csv:[16996,19346,23006,25811,29996,34336,39656,42016,45361,49436,51506,56186,59171,61776,66386]
resources/preprocessed/Interpolated/2020-07-02_15.31.36_Belly.csv:[72939,78987,82271,83971,86915,89635,91843,94071,97759,99387,100911,103163,105479,108139,109579,112375]
resources/preprocessed/Interpolated/Jan_liegestuetzen2_13_10_2020_LeftArm.csv:[17671,21306,23991,27351,31531,35111,37476,40806,43536,45551,47621,49736]
resources/preprocessed/Interpolated/2020-07-02_15.31.36_Chest.csv:[72271,73799,76471,80575,83055,86807,89503,91763,94791,97119,99327,101631,104303,105735,108239,110867,113695]
resources/preprocessed/Interpolated/Andre_Squats_13_10_2020_RightArm.csv:[60996,67956,70266,73141,75291,78331,80691,83321,85661,90021,92266,95846,98626,100701,102541,105701,108551,110936,113211,115936,119311,121571,123906,126206,128061,131156,133491,135871,138241,140006,143236,145646,148016,150376,152796,154596,157001]
resources/preprocessed/Interpolated/2020-07-02_14.14.32_Chest.csv:[32495,35559,39507,41387,44591,47415,49635,51687,54467,57619,59643,61811,63731]
resources/preprocessed/Interpolated/2020-07-02_15.31.36_LeftArm.csv:[73119,75211,79155,82219,84015,86839,88807,90407,92603,94855,97607,99415,101763,104299,106839,109531,112255]
resources/preprocessed/Interpolated/2020-07-02_15.31.36_RightArm.csv:[72863,76971,82215,84007,86855,88811,90399,94831,97579,99411,101775,104283,106851,109535,112255]
resources/preprocessed/Interpolated/Andre_Squats2_13_10_2020_Chest.csv:[47500,50320,52605,54810,57135,59580,61845,64250,66005,69210,71320,75315,78820,82175,85235,87320,90340,92485,94570,97340,100575,103295,107150,110220,113080,116030,118670,121755,125385,128855,131700,135070,137270,139795,141985,144455,146895,149295,154085,156360,160220,163180,165780,168185,170715,173815,175935,180000,182185,184965,188050,189960,193510,195685,198295,203145,205045,207830,209960,212595]
resources/preprocessed/Interpolated/2020-07-02_14.07.33_LeftArm.csv:[7173,10269,13329,15417,19813,22569,25309,29473,33157,36737,39105,40789,42477]
resources/preprocessed/Interpolated/Andre_Squats2_13_10_2020_RightArm.csv:[47500,50160,54160,56425,58780,61180,63545,66005,68995,72920,76420,80050,81805,85060,87055,90455,92375,94405,96460,99400,103655,105850,108040,110695,115050,119270,123780,128895,131535,133605,136000,138455,140495,143320,145340,147970,150350,153815,156245,158550,161160,163575,165875,168260,170780,173700,175940,180800,183250,185795,188285,190740,193170,195540,197840,202475,205060,207405,209885,212370]
resources/preprocessed/Interpolated/Andre_liegestuetzen1_13_10_2020_LeftArm.csv:[16996,19951,23226,25136,29106,34826,38076,40321,43081,48016,51521,54216,56171,58386,60601,62901,65646]
resources/preprocessed/Interpolated/2020-07-02_13.00.09_LeftArm.csv:[27947,29991,31795,33663,35567,37519,39471,41551,43575,45767,48131,49591,51183,52935,54855,57675,60495,62411]
resources/preprocessed/Interpolated/Andre_liegestuetzen3_13_10_2020_LeftArm.csv:[31493,34408,36998,41888,44233,48778,51698,53803,56028,57888,59923,61923,64083]
resources/preprocessed/Interpolated/Lukas_liegestuetzen1_13_10_2020_LeftArm.csv:[38000,40930,44600,48770,52365,54240,56160,59855,62990,64805,66795,69175,71150,72950,77530,81180,83995]
resources/preprocessed/Interpolated/Andre_Squats2_13_10_2020_LeftArm.csv:[47500,50245,52515,54760,57055,58810,61165,63540,65890,69125,72790,76390,80055,83405,87110,90435,92410,94375,97605,99410,103410,106820,109945,115290,118425,123875,128790,131495,133475,136070,138310,140530,143325,145465,147995,150415,153930,157500,159770,164630,168465,170695,173330,175805,180755,183290,185760,188495,190420,193215,195525,197975,202545,204800,207415,209860,212520]
resources/preprocessed/Interpolated/Andre_Squats_13_10_2020_Belly.csv:[60996,64091,66666,68941,71981,74561,77596,79556,82591,84626,88326,90606,92521,94666,97491,102626,104866,107561,109706,112171,114616,117096,119436,122816,127036,129366,132451,134751,136556,139551,142041,143886,146316,148536,151041,153456,155861,158321]
resources/preprocessed/Interpolated/Andre_Squats_13_10_2020_Chest.csv:[60996,64236,66626,68911,71636,73626,77441,79681,82446,86391,88976,92481,95441,97661,101551,104091,107511,109801,111876,113971,117331,119346,121951,123996,126256,128821,131181,134261,136636,139011,140801,143296,145691,148046,150391,152821,155271,157696]
resources/preprocessed/Interpolated/Andre_liegestuetzen2_13_10_2020_Chest.csv:[39996,42606,45961,48376,51596,55046,59916,61806,64716,69166,71861,74101,76256,78596]
resources/preprocessed/Interpolated/Andre_liegestuetzen2_13_10_2020_LeftArm.csv:[39996,44186,46531,49241,51586,54356,56846,60471,62316,64306,66291,68436,70646,72411,75136,79101]
resources/preprocessed/Interpolated/Lukas_liegestuetzen3_13_10_2020_LeftArm.csv:[11736,14166,18071,20046,23731,27046]
resources/preprocessed/Interpolated/Andre_liegestuetzen1_13_10_2020_Chest.csv:[16996,21601,25056,27446,33271,35531,38116,42021,46376,50471,53576,56166,58366,60541,63571,65546]
resources/preprocessed/Interpolated/Andre_liegestuetzen2_13_10_2020_RightArm.csv:[39996,42731,44901,48301,51601,55066,58676,61756,63751,65681,67826,70101,72556,76856]
resources/preprocessed/Interpolated/2020-07-02_12.50.00_Belly.csv:[16003,19299,21167,23143,25163,26875,29979,31943,33959,36091,38331,40611,42755,44935,47155,49707,52179,55087,58719,60263,62995]
resources/preprocessed/Interpolated/Andre_liegestuetzen3_13_10_2020_Belly.csv:[30998,34343,37568,41258,43643,48098,50613,52953,55953,58283,60258,63828]
