resources/preprocessed/Interpolated/Lukas_liegestuetzen3_13_10_2020_RightArm.csv:[11786,14186,16901,20896,21791,23711,27086,28756]
resources/preprocessed/Interpolated/Lukas_liegestuetzen3_13_10_2020_Chest.csv:[11026,14016,14716,18006,18871,21676,22186,25101,28646]
resources/preprocessed/Interpolated/Lukas_liegestuetzen3_13_10_2020_Belly.csv:[11056,13521,14141,16926,19081,19601,23321,24351,26166,27846]
resources/preprocessed/Interpolated/Lukas_liegestuetzen2_13_10_2020_RightArm.csv:[36540,37185,39130,41780,45070,45645,50165,50775,55705,56630,61355,61900,63830,64480,66405,67620,69885,73070,73910]
resources/preprocessed/Interpolated/Lukas_liegestuetzen2_13_10_2020_LeftArm.csv:[36565,39175,40125,43210,46695,47360,50765,56630,60680,61885,63845,64455,66445,67605,69880,71980,73510]
resources/preprocessed/Interpolated/Lukas_liegestuetzen2_13_10_2020_Chest.csv:[36570,37105,39195,40025,42780,45045,46230,48215,48780,52880,53480,55830,56535,61000,61765,64715,66025,66730,69380,70035,71995,73995]
resources/preprocessed/Interpolated/Lukas_liegestuetzen2_13_10_2020_Belly.csv:[36000,36820,38660,39285,41270,41860,43920,44900,48290,49235,52400,55060,57255,60990,61605,63485,64365,66820,69040,72050,72895]
resources/preprocessed/Interpolated/Lukas_liegestuetzen1_13_10_2020_Belly.csv:[38710,41175,46370,47080,49220,50270,51195,54555,55575,56765,60155,62895,64235,64905,66320,68160,69450,72710,75260,78275,82115,83310]
resources/preprocessed/Interpolated/Jan_liegestuetzen3_13_10_2020_RightArm.csv:[34230,37660,38330,40535,42625,44765,46850,52680,53590,54650,55625]
resources/preprocessed/Interpolated/Jan_liegestuetzen3_13_10_2020_LeftArm.csv:[34865,37650,40525,44065,46865,47560,51770,52685,54660,55550]
resources/preprocessed/Interpolated/Jan_liegestuetzen3_13_10_2020_Belly.csv:[34000,34755,38525,39330,42075,42925,45695,47725,50505,52855,54845,56445,56995]
resources/preprocessed/Interpolated/Jan_liegestuetzen2_13_10_2020_RightArm.csv:[17041,23381,24046,26041,28086,30176,30866,33026,36691,37496,40816,43461,44536,45526,46846,47676,50781]
resources/preprocessed/Interpolated/Jan_liegestuetzen2_13_10_2020_Chest.csv:[16996,20571,21311,23336,24041,26736,30131,30901,35876,36691,42626,43531,44571,45661,46821,47716,49376,50571]
resources/preprocessed/Interpolated/Jan_liegestuetzen2_13_10_2020_Belly.csv:[16996,17401,20126,23521,25651,28311,30296,31091,33131,37596,40961,42076,43896,44726,46051,47036,48711,50841]
resources/preprocessed/Interpolated/2020-07-02_14.59.59_LeftArm.csv:[74495,75247,77527,79239,79879,81575,82151,84007,84603,86375,86947,88775,89451,91307,91919,93959,94595,96783,97399,99767]
resources/preprocessed/Interpolated/Andre_liegestuetzen2_13_10_2020_Belly.csv:[39996,42176,48241,48906,51586,52226,55046,57396,59241,62836,66131,66936,69641,71126,71826,73811,75926,76791,79006,79996]
resources/preprocessed/Interpolated/Jan_liegestuetzen1_13_10_2020_RightArm.csv:[84900,87715,88860,91370,92575,95275,96465,99215,100720,101975,104305,106995,108180,109775,112075,114620,116110,118700,119985,121845,123860,125835,127810,130355,131705,133410,135505,138085,139290,141650,142865,144675,146775,149265,150560,153510,154610,157345,158670,161770,163030,165940,166905,169125,170290,172755,173955,176755,177820,181195,182415]
resources/preprocessed/Interpolated/2020-07-02_14.59.59_Chest.csv:[73999,74779,76071,77079,79775,81635,82267,84079,84643,86939,88959,89835,91363,91991,94015,95223,97011,98799,99527]
resources/preprocessed/Interpolated/2020-07-02_15.13.22_Belly.csv:[23219,24387,26255,26895,28067,30711,32103,32699,35239,37019,37675,39267,40907,41659,43039,44063,45679,46727,48147,49511,50803,52303,53735,55351,57255,58835,60739,62527,64667,65523]
resources/preprocessed/Interpolated/2020-07-02_15.13.22_RightArm.csv:[23251,25571,27299,27847,29075,29659,31111,32671,33247,34751,35335,36975,37591,39251,39779,44607,45259,47279,49455,50055,52251,52839,55983,56679,58771,59447,62567,63335,66095]
resources/preprocessed/Interpolated/Lukas_liegestuetzen1_13_10_2020_Chest.csv:[38700,41730,44630,45300,48700,49875,52400,55375,56065,59880,62720,63460,64835,68855,70265,72775,73585,75175,77335,78715,79500,81605,83010,83965]
resources/preprocessed/Interpolated/Jan_liegestuetzen1_13_10_2020_Chest.csv:[84900,87405,88690,90625,91955,94480,97325,98930,99875,103055,104420,106940,108180,110090,112080,114035,115980,118375,119730,124430,126240,128675,129800,131925,133770,135470,137375,139395,141090,143045,144920,146830,148715,152825,154510,156730,158620,161075,162860,165715,166870,168965,170345,172620,174345,176435,177610,179240,183325]
resources/preprocessed/Interpolated/2020-07-02_14.20.28_RightArm.csv:[62035,66539,67175,70531,71119,75255,78607,81591,82771,83819]
resources/preprocessed/Interpolated/2020-07-02_14.20.28_Belly.csv:[61995,63143,64131,67231,68655,69479,74027,74579,77339,77975,80979,82087,82731,84007]
resources/preprocessed/Interpolated/2020-07-02_14.14.32_RightArm.csv:[32003,35159,40199,40775,44887,45731,47599,50403,51247,51847,54127,56235,57231,57967,58839,59595,60647,61391,62703,63447,64995]
resources/preprocessed/Interpolated/2020-07-02_15.13.22_LeftArm.csv:[23267,25611,26763,27291,28615,29151,30623,31147,32679,33191,34779,35375,37011,37559,39851,42095,44607,46691,47235,49479,50051,52223,52815,55243,55963,58711,59435,62483,63311,66095]
resources/preprocessed/Interpolated/2020-07-02_14.14.32_Belly.csv:[32003,33335,34271,35707,36239,38303,41895,45323,45839,47475,49475,51387,52279,55583,56659,59135,61607,62519,64059,64995]
resources/preprocessed/Interpolated/2020-07-02_14.59.59_RightArm.csv:[74515,75331,77499,78111,79799,81591,82215,84031,84631,86391,86971,88791,89395,91315,91915,93975,94615,96811,97399,99695]
resources/preprocessed/Interpolated/Jan_liegestuetzen3_13_10_2020_Chest.csv:[36110,36855,41930,42645,47585,50100,52700,53575,55710,56995]
resources/preprocessed/Interpolated/2020-07-02_14.20.28_LeftArm.csv:[61995,65995,66527,68807,69387,74603,75211,78563,81515,82727,83431]
resources/preprocessed/Interpolated/2020-07-02_13.00.09_Belly.csv:[27859,29779,31751,32283,33695,35567,36883,38895,41611,42195,45163,45819,47447,49127,49707,52103,52827,54919,57175,57695,59491,61059]
resources/preprocessed/Interpolated/2020-07-02_14.14.32_LeftArm.csv:[32315,35159,38179,40183,40771,43463,46991,47579,50379,51191,54055,56139,57087,57891,58787,59527,60587,61299,62639,63399,64995]
resources/preprocessed/Interpolated/2020-07-02_11.17.39_Belly.csv:[58971,59779,61051,62495,64439,66523,68679,70583,71107,72315,73495,74063,75299,75879,77703,79475,80047,81443,85139,85647,87099,87643,89303,89955,93727,94351,96083,98043,99903,101795,102631,104419,107343,108023]
resources/preprocessed/Interpolated/Andre_liegestuetzen3_13_10_2020_Chest.csv:[31423,34628,36533,38688,44178,45188,47098,50843,51733,52848,54393,55058,56683,57513,59423,61118,62578,63668,65498]
resources/preprocessed/Interpolated/2020-07-02_11.17.39_Chest.csv:[58227,60007,61023,62691,63991,65403,67459,69127,69587,70819,71391,72691,74367,74911,76163,78527,79995,81707,82283,83523,84143,85563,88051,88863,90547,94163,94807,96487,97199,99127,99803,101623,102367,104367,106615,107959]
resources/preprocessed/Interpolated/Jan_liegestuetzen1_13_10_2020_Belly.csv:[84955,85525,87145,88815,92205,93545,97905,99565,100295,104240,105110,107090,107905,111040,111915,115055,115840,118920,119815,125365,125945,129105,130765,131580,134455,135310,138205,139090,141795,144195,145755,146595,149480,150400,153610,154410,157580,160000,161960,162860,166085,168240,169440,170250,173050,175305,176960,177590,179895,181400,183995]
resources/preprocessed/Interpolated/2020-07-02_11.17.39_LeftArm.csv:[58227,59927,61059,61755,62763,64499,65055,66183,66703,67879,68443,69527,70111,71323,71943,73099,74911,75547,76719,77335,78511,79099,80367,80963,82247,82867,84127,84799,86075,88735,89359,91099,92507,94787,95531,97239,98951,99767,101439,102371,104095,105007,107819]
resources/preprocessed/Interpolated/2020-07-02_14.59.59_Belly.csv:[73999,74871,76267,76999,79271,81571,82367,84087,84735,86419,87731,88583,90167,91315,92859,93935,95315,96831,98139,99995]
resources/preprocessed/Interpolated/Andre_Squats_13_10_2020_LeftArm.csv:[60996,62746,66186,68126,71586,73091,74236,75241,77146,78351,79596,80536,82371,83236,86576,88301,92361,95796,96756,99176,102521,103486,105606,107226,110931,112021,113351,114501,115641,117091,118271,121646,122706,126271,127021,128686,129366,131131,131811,133486,134136,135871,136561,138251,138951,140716,141401,143236,143861,145621,148001,148551,150371,151016,152796,153431,155256,157651,158256]
resources/preprocessed/Interpolated/2020-07-02_14.07.33_Chest.csv:[7473,8457,10529,11241,13757,15773,16521,18333,22345,23169,26273,26849,28665,29205,31485,33269,36633,37785,39777,41033,41909,43781]
resources/preprocessed/Interpolated/2020-07-02_11.17.39_RightArm.csv:[58227,61071,62067,62807,63679,64471,66171,66795,67863,68699,69531,71319,72083,73083,73883,74883,75695,76695,77499,78491,80367,81235,82227,83207,84119,86071,87071,88751,89367,91651,92495,94763,95547,97223,98147,99775,101367,102371,104055,104983,107799]
resources/preprocessed/Interpolated/Andre_liegestuetzen3_13_10_2020_RightArm.csv:[31453,33863,36078,40373,44233,47168,49473,51108,51723,53193,53783,55453,56018,57878,59908,60603,63313,64008]
resources/preprocessed/Interpolated/2020-07-02_12.50.00_LeftArm.csv:[16271,19487,20799,21371,22699,23259,24895,25419,26927,27451,28943,29515,30987,31523,32955,33499,35551,37231,37811,39943,40535,42299,43831,44427,46603,47179,49107,50955,51659,53599,54535,56315,57167,58767,59747,61455,62603]
resources/preprocessed/Interpolated/2020-07-02_14.20.28_Chest.csv:[61995,63263,64791,65459,67543,68639,71511,72099,74487,76251,78679,80663,82631,84007]
resources/preprocessed/Interpolated/2020-07-02_14.07.33_RightArm.csv:[7209,10249,12761,13321,15429,17297,19813,20617,22561,25325,26077,29513,31785,34649,36777,37617,39177,39885,40829,41605,42573,43625]
resources/preprocessed/Interpolated/Lukas_liegestuetzen1_13_10_2020_RightArm.csv:[38000,41670,45270,46505,48770,49955,52335,53650,54235,55610,57480,59295,59865,63535,64830,66260,66805,71105,74715,77530,78100,81210,83995]
resources/preprocessed/Interpolated/2020-07-02_14.07.33_Belly.csv:[7197,8345,10577,11405,12897,13713,15581,17585,20361,20909,23137,24985,27137,29077,30037,31941,32609,35565,36649,38537,40841,42365,43741]
resources/preprocessed/Interpolated/Andre_liegestuetzen1_13_10_2020_RightArm.csv:[16996,19986,20591,25731,26861,33351,35481,38256,38806,41976,43091,46991,49246,51611,52251,53576,54166,55566,56146,57731,58336,59936,62271,62936,65686,66376]
resources/preprocessed/Interpolated/2020-07-02_12.50.00_RightArm.csv:[16451,19487,20779,21363,22695,23267,25427,26907,27443,28923,29523,30991,31539,32907,33491,35555,36095,37811,39963,40555,42319,43835,44459,46627,48423,49131,50947,51679,53607,54531,56319,57191,58775,59787,61463,62667]
resources/preprocessed/Interpolated/Andre_Squats2_13_10_2020_Belly.csv:[48045,50285,50745,52535,53055,54760,55235,57120,57650,59445,60040,61755,62405,64245,67295,69210,70820,72060,74580,76720,77830,80255,81295,83455,86320,87550,88580,90525,93460,94765,95805,97315,100630,102010,103055,104220,106670,109305,111645,112435,113780,114375,115920,116425,118680,121075,123605,126220,130240,131455,132770,136080,137245,139715,140615,141980,143120,144205,145205,146870,149450,150535,153150,154935,156275,157375,158800,159460,161200,163535,164565,165830,168215,169195,171685,173460,174435,175990,179410,180860,183465,184445,185860,186865,188545,189615,190830,191765,193200,194310,196575,197635,200325,204100,205020,206355,207510,209925,210890,212310,213285]
resources/preprocessed/Interpolated/2020-07-02_12.50.00_Chest.csv:[16271,18111,20087,21139,24451,25067,26559,27287,28507,29283,30551,31515,32563,33403,34679,36195,36835,38835,40783,41339,43299,44031,45551,47379,47939,49863,50463,52899,53531,55711,58007,58783,60799,61451,62815]
resources/preprocessed/Interpolated/2020-07-02_13.00.09_Chest.csv:[27027,27851,29775,30635,31811,32439,33707,34339,35635,36287,37627,39543,40203,42275,42911,44323,45867,46587,49059,50383,52931,53691,54555,57095,58627,60467,62103,62411]
resources/preprocessed/Interpolated/2020-07-02_13.00.09_RightArm.csv:[27927,28579,29939,30455,31767,32367,33671,35559,36183,37455,38075,39435,40111,41547,42255,43531,44259,45739,46663,48103,49539,50327,51199,52883,53779,55611,57683,58567,60503,61223,62411]
resources/preprocessed/Interpolated/2020-07-02_15.13.22_Chest.csv:[23135,25559,26795,27375,28555,30491,31915,32603,34507,35251,37003,37739,39163,40655,41471,42983,43931,45675,46619,48247,49515,50915,52223,53795,55475,57119,58839,60655,61443,64543,65367]
resources/preprocessed/Interpolated/Andre_liegestuetzen1_13_10_2020_Belly.csv:[16996,19346,20641,23006,25811,26866,29996,30731,34336,35491,39656,42016,43081,45361,49436,50461,51506,52276,56186,56741,59171,60471,61776,63406,66386,66996]
resources/preprocessed/Interpolated/2020-07-02_15.31.36_Belly.csv:[72939,73759,78987,79991,82271,83187,83971,86915,87519,89635,91843,92559,94071,94815,97759,99387,100911,101751,103163,104283,105479,106787,108139,109579,110819,112375,113703]
resources/preprocessed/Interpolated/Jan_liegestuetzen2_13_10_2020_LeftArm.csv:[17671,21306,23991,24656,27351,28071,31531,32256,35111,37476,40806,43536,44546,45551,46791,47621,49736]
resources/preprocessed/Interpolated/2020-07-02_15.31.36_Chest.csv:[72271,73079,73799,76471,77719,80575,83055,83875,86807,87411,89503,90131,91763,92547,94791,95479,97119,97811,99327,100619,101631,102287,104303,105735,106823,108239,109499,110867,111559,113695]
resources/preprocessed/Interpolated/Andre_Squats_13_10_2020_RightArm.csv:[60996,62716,67956,68931,70266,71646,73141,74286,75291,76731,78331,79626,80691,82296,83321,84536,85661,86716,90021,92266,93666,95846,97586,98626,100701,102541,103486,105701,106806,108551,109806,110936,113211,114501,115936,117066,119311,120486,121571,122671,123906,126206,128061,128691,131156,131821,133491,135226,135871,137481,138241,140006,140736,143236,144941,145646,148016,148596,150376,151026,152796,154596,155236,157001,157656]
resources/preprocessed/Interpolated/2020-07-02_14.14.32_Chest.csv:[32495,33479,35559,36267,39507,41387,41975,44591,45471,47415,48723,49635,51687,52399,54467,55091,57619,59643,60939,61811,62679,63731,64995]
resources/preprocessed/Interpolated/2020-07-02_15.31.36_LeftArm.csv:[73119,75211,76247,79155,82219,83023,84015,85303,86839,88807,90407,90963,92603,93155,94855,95439,97607,99415,99991,101763,102359,104299,104835,106839,107507,109531,110159,112255,112875]
resources/preprocessed/Interpolated/2020-07-02_15.31.36_RightArm.csv:[72863,73703,76971,77807,82215,82991,84007,86855,88811,90399,90951,94831,95395,97579,99411,99907,101775,102347,104283,104847,106851,107503,109535,110123,112255,112875]
resources/preprocessed/Interpolated/Andre_Squats2_13_10_2020_Chest.csv:[47500,50320,51925,52605,54170,54810,56445,57135,58835,59580,61180,61845,63565,64250,66005,69210,71320,72730,75315,76850,78820,80190,82175,83420,85235,87320,88370,90340,92485,94570,96065,97340,100575,101600,103295,104285,107150,110220,111045,113080,116030,117165,118670,121755,125385,126805,128855,130300,131700,132720,135070,136270,137270,138540,139795,141160,141985,144455,145965,146895,149295,150820,154085,155575,156360,160220,160970,163180,164815,165780,168185,169225,170715,171660,173815,175105,175935,177445,180000,180890,182185,183005,184965,185860,188050,189960,190885,193510,195685,196560,198295,199955,203145,204285,205045,206560,207830,209150,209960,211330,212595,213990]
resources/preprocessed/Interpolated/2020-07-02_14.07.33_LeftArm.csv:[7173,10269,13329,15417,19813,20617,22569,25309,26061,29473,33157,33805,36737,37561,39105,39841,40789,41509,42477,43417]
resources/preprocessed/Interpolated/Andre_Squats2_13_10_2020_RightArm.csv:[47500,50160,54160,55840,56425,58130,58780,61180,61755,63545,64130,66005,66935,68995,70250,72920,74430,76420,78035,80050,81805,83405,85060,87055,88620,90455,92375,94405,96460,97460,99400,100845,103655,105055,105850,108040,110695,112145,115050,116025,119270,123780,125365,128895,130145,131535,132590,133605,134990,136000,137290,138455,139515,140495,141895,143320,144360,145340,146755,147970,149330,150350,153815,154970,156245,157465,158550,161160,162080,163575,164480,165875,168260,169315,170780,171625,173700,174485,175940,177340,180800,182165,183250,184235,185795,188285,189260,190740,191990,193170,194300,195540,196790,197840,198950,202475,203430,205060,206550,207405,208770,209885,211225,212370]
resources/preprocessed/Interpolated/Andre_liegestuetzen1_13_10_2020_LeftArm.csv:[16996,19951,23226,23986,25136,29106,30081,34826,35466,38076,40321,43081,48016,48721,51521,52276,54216,55521,56171,57661,58386,60601,62901,65646,66366]
resources/preprocessed/Interpolated/2020-07-02_13.00.09_LeftArm.csv:[27947,28603,29991,30467,31795,32359,33663,34207,35567,36171,37519,38127,39471,40103,41551,42223,43575,44263,45767,46663,48131,49591,50363,51183,52935,54855,55627,57675,58595,60495,61207,62411]
resources/preprocessed/Interpolated/Andre_liegestuetzen3_13_10_2020_LeftArm.csv:[31493,34408,36998,37703,41888,44233,48778,49518,51698,52923,53803,55453,56028,57888,59923,61923,64083]
resources/preprocessed/Interpolated/Lukas_liegestuetzen1_13_10_2020_LeftArm.csv:[38000,40930,41700,44600,45280,48770,49940,52365,53625,54240,55590,56160,57445,59855,61125,62990,63545,64805,66250,66795,69175,70545,71150,72950,77530,78155,81180,83995]
resources/preprocessed/Interpolated/Andre_Squats2_13_10_2020_LeftArm.csv:[47500,50245,51900,52515,54165,54760,56420,57055,58810,59435,61165,61770,63540,64150,65890,69125,70490,72790,74350,76390,77930,80055,81485,83405,84980,87110,88720,90435,92410,94375,95385,97605,99410,101055,103410,104435,106820,108065,109945,115290,118425,119725,123875,125335,128790,130085,131495,132630,133475,134955,136070,137215,138310,139625,140530,141910,143325,144360,145465,146780,147995,149295,150415,153930,155055,157500,158320,159770,161210,164630,165705,168465,169240,170695,171830,173330,174750,175805,177420,180755,181800,183290,184315,185760,187080,188495,189200,190420,191475,193215,194390,195525,196565,197975,199070,202545,203465,204800,205845,207415,209140,209860,212520,213315]
resources/preprocessed/Interpolated/Andre_Squats_13_10_2020_Belly.csv:[60996,64091,66666,68046,68941,71981,73066,74561,75381,77596,78441,79556,80581,82591,83341,84626,88326,89606,90606,92521,93501,94666,97491,98791,102626,103501,104866,107561,108601,109706,110726,112171,113351,114616,115556,117096,118386,119436,122816,124006,127036,127651,129366,129986,132451,134201,134751,136556,137141,139551,140246,142041,143886,144466,146316,146936,148536,149201,151041,151596,153456,154121,155861,156501,158321,158956]
resources/preprocessed/Interpolated/Andre_liegestuetzen2_13_10_2020_Chest.csv:[39996,40621,42606,45961,48376,51596,52776,55046,59916,60426,61806,64716,65331,69166,70146,71861,73526,74101,76256,78596]
resources/preprocessed/Interpolated/Andre_liegestuetzen2_13_10_2020_LeftArm.csv:[39996,44186,46531,49241,51586,54356,56846,60471,61641,62316,63666,64306,66291,67736,68436,70036,70646,72411,73121,75136,75836,79101,79836]
resources/preprocessed/Interpolated/Lukas_liegestuetzen3_13_10_2020_LeftArm.csv:[11736,14166,18071,20046,23731,27046,28796]
resources/preprocessed/Interpolated/Andre_liegestuetzen1_13_10_2020_Chest.csv:[16996,21601,22356,25056,27446,33271,35531,38116,42021,43101,46376,47016,50471,53576,56166,57556,58366,59736,60541,63571,65546,66361]
resources/preprocessed/Interpolated/Andre_liegestuetzen2_13_10_2020_RightArm.csv:[39996,42731,44901,45976,48301,49396,51601,52796,55066,58676,59916,61756,62311,63751,64251,65681,66326,67826,68431,70101,70656,72556,76856,77631]
resources/preprocessed/Interpolated/2020-07-02_12.50.00_Belly.csv:[16003,17007,19299,21167,21819,23143,23827,25163,25971,26875,27875,29979,30519,31943,32907,33959,34883,36091,36739,38331,40611,41463,42755,44935,45571,47155,48299,49707,50323,52179,52803,55087,55659,58719,60263,60879,62995]
resources/preprocessed/Interpolated/Andre_liegestuetzen3_13_10_2020_Belly.csv:[30998,32093,34343,37568,38143,41258,42408,43643,48098,49458,50613,51698,52953,53743,55953,57128,58283,59618,60258,61883,63828,65393]
resources/preprocessed/Interpolated/Andre_Squats_13_10_2020_Chest.csv:[60996,64236,66626,68006,68911,71636,73626,74366,77441,79681,80581,82446,84056,86391,88976,92481,95441,97661,98461,101551,104091,107511,109801,110816,111876,113971,114626,117331,118576,119346,121951,123271,123996,126256,127116,128821,129491,131181,131886,134261,135946,136636,138336,139011,140801,141511,143296,144001,145691,146386,148046,148676,150391,151056,152821,153511,155271,155941,157696,158396]
resources/preprocessed/Interpolated/Jan_liegestuetzen1_13_10_2020_LeftArm.csv:[84915,87260,88890,91385,92565,95165,96520,99175,100495,102050,104320,106985,108070,110580,111980,113755,116010,117720,119830,122825,123775,125865,127690,129495,131540,133835,135225,137830,139065,141395,142880,145305,146820,149045,151330,153215,154435,157265,158515,161455,163030,165790,166735,169110,170120,172735,174605,176635,177660,181135,183215]
