resources/preprocessed/Interpolated/Lukas_liegestuetzen3_13_10_2020_RightArm.csv:[11331,13691,16431,20441,21071,23171,26651,28321]
resources/preprocessed/Interpolated/Lukas_liegestuetzen3_13_10_2020_Chest.csv:[13546,14211,17661,18241,21296,23086,28326]
resources/preprocessed/Interpolated/Lukas_liegestuetzen3_13_10_2020_Belly.csv:[10996,13021,13716,16811,18696,22711,23926,25691,28531]
resources/preprocessed/Interpolated/Lukas_liegestuetzen2_13_10_2020_RightArm.csv:[36060,36755,41425,44705,46890,49840,50305,54770,57950,61525,63405,64070,65960,67195,69430,72635,73545]
resources/preprocessed/Interpolated/Lukas_liegestuetzen2_13_10_2020_LeftArm.csv:[36080,36655,39725,42780,46265,47005,50335,54660,55290,60215,61515,63425,64035,66055,67165,69430,71490,72970]
resources/preprocessed/Interpolated/Lukas_liegestuetzen2_13_10_2020_Chest.csv:[36105,36690,38585,41290,42385,44430,45820,47775,48440,52485,53030,55260,56060,60510,61285,65585,69585,71500,73995]
resources/preprocessed/Interpolated/Lukas_liegestuetzen2_13_10_2020_Belly.csv:[36385,38145,41340,43585,44340,47870,48970,51830,54685,56750,61185,63900,69410,71555,73905]
resources/preprocessed/Interpolated/Lukas_liegestuetzen1_13_10_2020_Belly.csv:[38165,40770,45870,50560,55315,59785,62475,65775,69130,72530,74745,79030,81635,82825]
resources/preprocessed/Interpolated/Jan_liegestuetzen3_13_10_2020_RightArm.csv:[34000,37105,40030,42225,44315,52295,56995]
resources/preprocessed/Interpolated/Jan_liegestuetzen3_13_10_2020_LeftArm.csv:[34345,37200,40080,43610,47085,51290,52305,56955]
resources/preprocessed/Interpolated/Jan_liegestuetzen3_13_10_2020_Belly.csv:[35470,37990,38795,41580,42640,44505,45155,47280,50085,54370,56090,56790]
resources/preprocessed/Interpolated/Jan_liegestuetzen2_13_10_2020_RightArm.csv:[16996,22881,23566,25626,27646,29766,32621,36266,37081,40411,44121,45341,50281]
resources/preprocessed/Interpolated/Jan_liegestuetzen2_13_10_2020_Chest.csv:[18756,20841,22931,23611,26261,29711,31846,35361,38836,42266,43226,46456,47816,48971]
resources/preprocessed/Interpolated/Jan_liegestuetzen2_13_10_2020_Belly.csv:[16996,21061,23086,25066,29826,30511,32671,35176,37121,40496,41646,45541,46511,48256,50451,50961]
resources/preprocessed/Interpolated/2020-07-02_14.59.59_LeftArm.csv:[74111,74787,76451,77047,78795,79419,81123,81687,83591,84159,85935,86503,88355,88943,90863,91439,93523,94103,96375,96959,99995]
resources/preprocessed/Interpolated/Andre_liegestuetzen2_13_10_2020_Belly.csv:[39996,41766,47806,48596,51156,51756,54596,62371,65651,66431,70731,71436,73341,75471,76366,78741,79996]
resources/preprocessed/Interpolated/Jan_liegestuetzen1_13_10_2020_RightArm.csv:[85000,87230,88535,90880,92120,94800,96175,98685,100200,101590,103880,106515,107880,109270,111675,114155,115700,118150,119605,122365,123440,126310,127300,129830,131325,133870,135130,137620,138905,141245,142460,144420,146470,148820,150160,153020,154350,156935,158355,161270,162610,165570,166605,168580,169965,172170,173625,176425,177460,180650,183995]
resources/preprocessed/Interpolated/2020-07-02_14.59.59_Chest.csv:[74079,75703,76671,79359,81219,81723,83611,84127,85979,86483,88487,89543,90891,91543,93623,94883,96547,99063,99995]
resources/preprocessed/Interpolated/2020-07-02_15.13.22_Belly.csv:[23003,23971,25815,28171,31695,32311,34811,36627,38843,40435,41199,42607,43683,45203,46355,47819,49123,50271,51883,53135,54927,56735,58399,60295,61967,64235,65019]
resources/preprocessed/Interpolated/2020-07-02_15.13.22_RightArm.csv:[23003,25099,28591,29063,30639,32239,32747,34327,34903,36551,37103,38831,39303,41111,41615,44115,44799,46831,49019,49595,51859,52403,55427,56259,58387,58979,62183,62859,65927]
resources/preprocessed/Interpolated/Lukas_liegestuetzen1_13_10_2020_Chest.csv:[38300,41275,44135,44750,48240,49455,53080,55535,59455,62205,62950,68350,70085,72250,77165,78180,80685,82735,83455]
resources/preprocessed/Interpolated/Jan_liegestuetzen1_13_10_2020_Chest.csv:[84900,86875,88180,90150,91545,94280,98515,99930,102430,104115,106405,107895,109855,111645,113785,115565,117810,119310,121870,125790,128235,129425,131490,133310,135040,136980,138925,140655,143395,144545,146385,148245,152445,154220,156390,158245,160850,162460,165255,167540,168525,169920,172225,173875,176045,177375,180530,182750]
resources/preprocessed/Interpolated/2020-07-02_14.20.28_RightArm.csv:[61995,66155,66735,70103,70635,74131,74807,78059,81071,82363,83443]
resources/preprocessed/Interpolated/2020-07-02_14.20.28_Belly.csv:[62707,63747,65287,68475,70123,73619,74163,77475,81695,82207,83583]
resources/preprocessed/Interpolated/2020-07-02_14.14.32_RightArm.csv:[32019,34735,36495,39747,40327,44415,45415,47147,50923,51371,53747,57515,60767,62295,62835,64667]
resources/preprocessed/Interpolated/2020-07-02_15.13.22_LeftArm.csv:[23003,25167,28171,30199,30703,32227,32711,34323,34879,36623,37115,38843,39379,41131,41583,43619,44183,46267,46791,49079,49635,51811,52375,54823,55483,58259,58955,62147,62851,66067]
resources/preprocessed/Interpolated/2020-07-02_14.14.32_Belly.csv:[32055,32911,35191,35783,38631,40979,41443,43683,47119,49115,50947,51887,55195,56359,58671,63435,64751]
resources/preprocessed/Interpolated/2020-07-02_14.59.59_RightArm.csv:[74031,74831,76507,77027,78839,79331,81163,81791,83579,84211,85967,86523,88371,88891,90875,91459,93547,94147,96391,96935,99179]
resources/preprocessed/Interpolated/Jan_liegestuetzen3_13_10_2020_Chest.csv:[35660,36310,40700,41580,47975,48805,52360,55725,56810]
resources/preprocessed/Interpolated/2020-07-02_14.20.28_LeftArm.csv:[62887,65559,66103,68939,74123,74787,81039,82359]
resources/preprocessed/Interpolated/2020-07-02_13.00.09_Belly.csv:[27355,29231,31759,33263,36099,36479,38215,40923,42631,44715,45287,47063,48667,49283,51671,52383,54495,56667,57287,59995,60603]
resources/preprocessed/Interpolated/2020-07-02_14.14.32_LeftArm.csv:[32003,34739,37767,39723,40343,43031,46507,47107,49931,50755,53695,55663,58367,60251,60775,62263,64091,64611]
resources/preprocessed/Interpolated/2020-07-02_11.17.39_Belly.csv:[58559,59379,60603,64043,66147,68243,70651,73643,74891,79015,79551,80995,83135,84731,85223,86699,87251,88783,89487,93323,93839,95683,97611,99487,101323,102199,104051,106827,107603]
resources/preprocessed/Interpolated/Andre_liegestuetzen3_13_10_2020_Chest.csv:[31003,32753,36073,38298,43778,46138,46738,49613,50623,53943,54568,56228,58918,60713,62268,65138]
resources/preprocessed/Interpolated/2020-07-02_11.17.39_Chest.csv:[59551,62171,63579,64923,67031,69135,70355,71787,73967,74391,78047,81211,83119,83531,85167,87603,89307,89943,93655,94283,96003,98687,99303,101119,101823,103851,106235,107599]
resources/preprocessed/Interpolated/Jan_liegestuetzen1_13_10_2020_Belly.csv:[85055,86690,88295,91815,93420,97395,99040,99745,103905,104640,106540,107240,110670,111515,114465,115390,118330,119345,124860,125500,130240,131145,133885,136150,137650,138660,141300,143685,145265,148975,151305,153095,153955,157040,159510,161415,162455,165555,167820,168935,172485,174850,176485,180965,183840]
resources/preprocessed/Interpolated/2020-07-02_11.17.39_LeftArm.csv:[59427,60671,64031,64551,69087,69619,74459,75039,78083,80491,82399,83655,84991,88303,88827,91395,92079,93579,94335,96003,96763,98487,99315,101047,101943,103691,104571,107303,108139]
resources/preprocessed/Interpolated/2020-07-02_14.59.59_Belly.csv:[75843,76431,78903,80395,81031,83703,84247,85979,87339,87903,90779,92431,93603,94867,96495,97659,99995]
resources/preprocessed/Interpolated/Andre_Squats_13_10_2020_LeftArm.csv:[60996,62326,64866,65721,67811,71161,74821,76651,77891,81901,82811,86076,87761,91926,95371,96276,98701,102061,103031,106761,110451,111621,115191,116621,117781,121256,125836,128926,130676,132266,136946,137841,140241,142786,143426,148186,149881,150606,152366,153056,154776,156511,157176]
resources/preprocessed/Interpolated/2020-07-02_14.07.33_Chest.csv:[7065,10053,10749,13073,15289,16093,17945,21877,22777,25873,26337,28241,28765,31169,33757,36209,37393,39241,40753,43421,44085]
resources/preprocessed/Interpolated/2020-07-02_11.17.39_RightArm.csv:[60591,61803,64023,64559,68275,69063,74423,75035,79903,80527,82411,83631,85019,85619,88315,88831,91347,92071,93603,94287,95983,96767,98499,99331,101075,101967,103699,104563,107335,108139]
resources/preprocessed/Interpolated/Andre_liegestuetzen3_13_10_2020_RightArm.csv:[31003,33538,35653,40018,43323,43793,46768,48943,54983,55493,57453,59458,60168,62863,65498]
resources/preprocessed/Interpolated/2020-07-02_12.50.00_LeftArm.csv:[16003,20327,20895,22787,23295,24955,26995,28519,29047,30479,31043,32479,35083,35583,37351,39479,40035,41827,43343,43955,46163,46675,48687,49207,51235,53151,54103,55799,57431,58335,59323,61023,62191]
resources/preprocessed/Interpolated/2020-07-02_14.20.28_Chest.csv:[61995,62723,64467,67203,68235,72283,73995,75859,78327,81695,82195,83611]
resources/preprocessed/Interpolated/2020-07-02_14.07.33_RightArm.csv:[7005,9913,12921,15101,16853,20277,22125,24869,25605,29017,31309,34153,36329,37177,39353,40377,43329,44117]
resources/preprocessed/Interpolated/Lukas_liegestuetzen1_13_10_2020_RightArm.csv:[38230,41190,44830,46090,48360,49580,51870,53285,59455,64440,65790,70125,70700,73750,74270,77175,77700,80845,83995]
resources/preprocessed/Interpolated/2020-07-02_14.07.33_Belly.csv:[7025,7905,9557,10089,12481,12961,15177,17045,19977,20469,22721,24569,26769,28641,29649,31509,32193,35165,37161,38005,40473,43309,44117]
resources/preprocessed/Interpolated/Andre_liegestuetzen1_13_10_2020_RightArm.csv:[16996,19611,20146,25366,26456,29811,32981,35041,37881,38446,41526,42726,46061,46566,48701,51086,51816,61816,62466,65241,65901]
resources/preprocessed/Interpolated/2020-07-02_12.50.00_RightArm.csv:[16111,19051,20339,20911,22803,23303,24967,26479,26999,28467,29063,31091,32447,33051,35131,35623,37367,39507,40071,41887,43371,44023,46195,46711,48727,49247,51271,53151,55851,57455,58319,60107,61019,62995]
resources/preprocessed/Interpolated/Andre_Squats2_13_10_2020_Belly.csv:[47560,52130,53330,56690,59530,61345,61900,63800,68775,70345,72345,76295,77590,79875,80940,83035,87145,88140,90130,94405,95610,96980,102585,103820,108960,112230,113410,116095,118250,120500,123115,125765,129640,130925,135740,136790,140260,141515,144810,146440,148970,150350,153605,154585,159010,160705,164100,165370,168005,168805,174005,175535,179045,180390,184060,185425,190395,191345,196115,197250,199885,202790,203625,209420,210425,212870]
resources/preprocessed/Interpolated/2020-07-02_12.50.00_Chest.csv:[16663,17759,19735,20567,22043,24107,24607,26723,28103,30059,32151,34155,35687,36415,38331,40387,40899,42931,44611,45163,46779,47495,49467,50063,52439,53055,55315,55747,57587,58263,60363,61019]
resources/preprocessed/Interpolated/2020-07-02_13.00.09_Chest.csv:[27399,29315,33871,35115,35811,37095,39063,39683,41139,41799,43867,45407,46119,47715,51807,52379,55191,56711,58043,60083,61595,62411]
resources/preprocessed/Interpolated/2020-07-02_13.00.09_RightArm.csv:[27455,28127,31311,31879,33239,34531,37627,38979,41099,41743,43079,44499,45291,46923,47635,49167,49827,51647,52419,54327,55147,57231,58139,60735,62331]
resources/preprocessed/Interpolated/2020-07-02_15.13.22_Chest.csv:[23003,26879,28051,30039,31523,32087,34763,36615,40235,41087,42667,43583,45239,46291,47827,49071,50543,51807,53315,55095,56787,58367,60235,61967,64167,64819]
resources/preprocessed/Interpolated/Andre_liegestuetzen1_13_10_2020_Belly.csv:[16996,18831,20201,21436,25336,26546,29536,30261,33846,35031,39126,41496,42666,44851,50091,51021,56371,59991,61321,62921,65841,66641]
resources/preprocessed/Interpolated/2020-07-02_15.31.36_Belly.csv:[72499,73235,78675,79479,82639,83503,86383,87099,88671,89223,91431,92087,93599,94387,96031,98263,99791,100299,102759,103855,105123,106399,107719,109223,110395,111991,113263]
resources/preprocessed/Interpolated/Jan_liegestuetzen2_13_10_2020_LeftArm.csv:[17271,20866,23486,24191,26166,26916,30371,31021,37016,40376,49131]
resources/preprocessed/Interpolated/2020-07-02_15.31.36_Chest.csv:[72595,73323,76023,77295,80055,82559,83379,86395,86931,89163,91395,92139,93607,94423,96699,97399,98927,101287,101839,103907,105307,106419,107919,109111,110359,113279]
resources/preprocessed/Interpolated/Andre_Squats_13_10_2020_RightArm.csv:[60996,62261,64871,71291,74851,76941,80231,81871,85271,86846,89571,91796,93351,97096,100256,102111,105336,106806,112761,115451,116656,120061,121186,125746,127556,130666,132321,132986,137006,137731,139511,140221,142791,144461,145166,148196,149881,150646,152326,154096,154756,156536,157186,158931]
resources/preprocessed/Interpolated/2020-07-02_14.14.32_Chest.csv:[32011,32979,34615,38383,38883,40963,41499,44107,45139,47043,48351,49147,51123,51967,54075,54683,57151,58931,60527,61419,63435,64775]
resources/preprocessed/Interpolated/2020-07-02_15.31.36_LeftArm.csv:[72699,73331,75823,78827,81751,82595,86395,88383,89951,90515,92163,92751,94391,95015,97207,98963,99527,101303,101891,103895,104383,106423,106999,109095,109731,111775,112443]
resources/preprocessed/Interpolated/2020-07-02_15.31.36_RightArm.csv:[72435,73291,76515,78675,82447,83491,86391,88355,89963,90515,92683,94411,94923,97155,98987,99455,101331,101851,103863,104395,106423,107011,109107,109671,111815,112427]
resources/preprocessed/Interpolated/Andre_Squats2_13_10_2020_Chest.csv:[47500,54340,55995,58410,61385,63120,63750,65495,68785,70855,72315,74845,76440,78415,79715,81640,82965,84805,86900,87940,89885,92140,94130,95635,96945,101165,102865,106795,109755,112685,115675,116735,118225,121340,124985,126340,129780,131245,135855,136835,140755,141515,144045,145435,148810,150345,153670,155160,159765,160470,164410,165385,167785,168805,170230,171185,174690,175445,179565,180445,184510,185400,189485,190415,193135,196120,197905,199500,202750,203835,207425,208685,212120,213630]
resources/preprocessed/Interpolated/2020-07-02_14.07.33_LeftArm.csv:[7005,9929,12861,15097,18129,20285,22117,24873,25609,29053,32697,33345,36297,37117,40345,43141,44069]
resources/preprocessed/Interpolated/Andre_Squats2_13_10_2020_RightArm.csv:[47500,49705,55365,58305,60715,61340,63105,63730,65540,68610,69880,72450,73990,75995,77620,79625,81265,82945,84625,86585,88390,89975,91910,93960,96040,96990,98965,100550,103255,104625,107600,110170,111635,114600,118815,123390,124945,128380,129760,134555,135520,139065,140080,142850,143950,148935,149900,153510,154530,157035,158145,164060,165490,167820,170300,171225,175500,176880,180320,182795,183845,185380,187840,188860,192745,193905,197500,198565,202020,203010,206075,206950,209475,210830,211855]
resources/preprocessed/Interpolated/Andre_liegestuetzen1_13_10_2020_LeftArm.csv:[16996,19586,23511,24776,28636,34261,35046,37591,39856,42701,48321,51001,51916,61826,62441,65221,65851]
resources/preprocessed/Interpolated/2020-07-02_13.00.09_LeftArm.csv:[27519,28143,29979,31335,31875,35103,35703,37083,37671,38979,39659,41083,41747,43099,44527,45311,47675,49123,49923,51631,52499,54391,55183,57203,58203,60059,60771,62391]
resources/preprocessed/Interpolated/Andre_liegestuetzen3_13_10_2020_LeftArm.csv:[31098,33903,38138,41413,43858,49203,52493,53408,57453,59508,62823,63768]
resources/preprocessed/Interpolated/Lukas_liegestuetzen1_13_10_2020_LeftArm.csv:[38255,40395,41195,44175,44810,48290,49435,53260,53775,59420,60785,64400,65780,68820,70125,77165,77735,80825,83995]
resources/preprocessed/Interpolated/Andre_Squats2_13_10_2020_LeftArm.csv:[47500,52025,55940,56600,58350,60745,63125,63720,68640,70145,72300,73910,75920,77455,79635,80980,82930,84685,86630,88380,90005,92080,93885,95260,97115,99025,100610,103045,104060,106345,107615,109455,114870,119340,123505,124845,128240,129620,131065,134495,135620,139235,140170,142900,143875,145395,148870,149905,153565,154660,157805,159270,160605,164155,165260,168780,170200,171415,172840,174345,176955,182935,185315,188105,188730,192875,197570,198650,204380,205435,206860,208685,212060,212830]
resources/preprocessed/Interpolated/Andre_Squats_13_10_2020_Belly.csv:[60996,63651,67556,71706,72751,74141,78031,79116,83051,84206,88051,89146,93061,94276,96956,98301,103181,104416,108191,109296,113001,114136,117861,119076,122421,123546,127136,128921,129526,131976,133806,136126,136701,138541,139031,141036,141576,143491,144051,146481,148146,151156,153026,153646,155406,155971,157916,158486]
resources/preprocessed/Interpolated/Andre_liegestuetzen2_13_10_2020_Chest.csv:[41081,42361,43676,45476,47841,51196,52381,54536,61366,64361,64871,69556,71131,73046,73586,75751,78181]
resources/preprocessed/Interpolated/Andre_liegestuetzen2_13_10_2020_LeftArm.csv:[39996,43701,46041,48711,51091,53851,56371,61156,67321,67981,72051,72611,74741,75406,78641,79621]
resources/preprocessed/Interpolated/Lukas_liegestuetzen3_13_10_2020_LeftArm.csv:[11331,13691,17631,19606,23261,26656,28796]
resources/preprocessed/Interpolated/Andre_liegestuetzen1_13_10_2020_Chest.csv:[16996,21126,21816,24551,25296,27951,31381,35031,37606,41516,42731,45871,46516,49996,53121,55721,59171,60111,63051,65216,65841]
resources/preprocessed/Interpolated/Andre_liegestuetzen2_13_10_2020_RightArm.csv:[39996,42451,44421,45686,47906,51161,52436,54621,58181,59531,61896,65826,70191,72091,74766,77156]
resources/preprocessed/Interpolated/2020-07-02_12.50.00_Belly.csv:[16575,20619,23299,25559,26471,27415,29547,29991,31595,32615,33579,34679,35655,37975,40035,41099,42283,44527,45043,46695,47855,49351,51715,54627,55147,58283,59863,60391,62547]
resources/preprocessed/Interpolated/Andre_liegestuetzen3_13_10_2020_Belly.csv:[30998,32823,33913,37053,37688,41928,43148,49018,50198,56553,59888,61438,63228,65183]
resources/preprocessed/Interpolated/Andre_Squats_13_10_2020_Chest.csv:[60996,64756,66241,67571,71196,73271,77011,80236,81971,83616,86981,88556,92001,94976,97191,98786,102231,103646,107011,108676,113496,118126,118891,121471,122846,125701,126641,128996,130696,131361,133751,135426,136126,137846,138546,140411,140991,142841,143526,148216,149916,150606,152326,153086,154751,155456,157211,157901]
resources/preprocessed/Interpolated/Jan_liegestuetzen1_13_10_2020_LeftArm.csv:[84915,86710,88485,90890,92115,94640,96125,98620,100080,101605,103935,106555,107690,110275,111590,114145,115670,118080,119505,122340,123340,125595,127210,129000,131050,133310,134860,137390,138670,141100,142480,144990,146380,148730,150850,152775,154285,156870,158065,161145,162585,165225,166450,168565,169680,172235,174190,176020,177345,180785,182710]
