resources/preprocessed/Interpolated/Lukas_liegestuetzen3_13_10_2020_RightArm.csv:[11331,14276,15811,18306,19601,21071,23856,28321]
resources/preprocessed/Interpolated/Lukas_liegestuetzen3_13_10_2020_Chest.csv:[11246,12636,14211,18241,21296,23916,28326]
resources/preprocessed/Interpolated/Lukas_liegestuetzen3_13_10_2020_Belly.csv:[13021,14996,18696,22421,23926,25261,28531]
resources/preprocessed/Interpolated/Lukas_liegestuetzen2_13_10_2020_RightArm.csv:[36060,38705,40245,41860,43540,45270,46890,50305,51940,53700,55295,58450,60920,63405,65960,69430,73545]
resources/preprocessed/Interpolated/Lukas_liegestuetzen2_13_10_2020_LeftArm.csv:[36080,38700,40345,41930,43540,45230,47005,50335,51990,53650,55290,56870,58575,60215,63425,66055,69430,72970]
resources/preprocessed/Interpolated/Lukas_liegestuetzen2_13_10_2020_Chest.csv:[36105,38585,40340,42385,43920,45820,48440,50095,52485,55260,57345,58880,60510,64310,66210,67615,69585,70795,73995]
resources/preprocessed/Interpolated/Lukas_liegestuetzen2_13_10_2020_Belly.csv:[36385,38685,40675,43585,45105,48970,51830,56750,58520,60580,62855,65050,66420,69410,72185,73905]
resources/preprocessed/Interpolated/Lukas_liegestuetzen1_13_10_2020_Belly.csv:[38165,41315,43615,45245,46500,48765,50560,52275,54260,56340,58150,59785,63830,65775,67665,73190,74745,76340,78300,79680,81635,83995]
resources/preprocessed/Interpolated/Jan_liegestuetzen3_13_10_2020_RightArm.csv:[34000,37820,39350,40730,42225,43690,45020,46420,47900,49545,51280,53155,55640,56995]
resources/preprocessed/Interpolated/Jan_liegestuetzen3_13_10_2020_LeftArm.csv:[34345,37825,39410,40705,42170,43610,44990,46430,47925,49555,51290,53455,56955]
resources/preprocessed/Interpolated/Jan_liegestuetzen3_13_10_2020_Belly.csv:[36610,37990,40805,42640,45155,46655,48295,50085,51795,53745,56090]
resources/preprocessed/Interpolated/Jan_liegestuetzen2_13_10_2020_RightArm.csv:[16996,20891,22201,23566,24996,26256,27646,29081,30401,31836,33246,34691,36266,37781,39441,41191,42981,45341,47251,50281]
resources/preprocessed/Interpolated/Jan_liegestuetzen2_13_10_2020_Chest.csv:[17596,19516,20841,22301,23611,26261,27706,29051,30386,31846,33221,36241,37691,39476,41256,43226,45336,47816,50066]
resources/preprocessed/Interpolated/Jan_liegestuetzen2_13_10_2020_Belly.csv:[19691,21061,22306,23746,25066,29121,30511,32066,35176,36326,38236,39846,41646,43481,45541,48256,50961]
resources/preprocessed/Interpolated/2020-07-02_14.59.59_LeftArm.csv:[74111,76451,77619,78795,79923,81123,83591,85935,88355,90863,92023,93523,96375,99995]
resources/preprocessed/Interpolated/Andre_liegestuetzen2_13_10_2020_Belly.csv:[39996,42861,44361,46071,47806,49421,51156,52806,54596,56366,58141,59891,61736,63771,65651,69211,71436,72706,75471,76971,78741]
resources/preprocessed/Interpolated/Jan_liegestuetzen1_13_10_2020_RightArm.csv:[85000,88535,92120,96175,100200,103880,107880,111675,115700,119605,123440,127300,131325,135130,138905,142460,146470,150160,154350,158355,162610,166605,169965,173625,177460,183995]
resources/preprocessed/Interpolated/2020-07-02_14.59.59_Chest.csv:[74079,76671,77679,81219,83611,85979,88487,90891,93623,96547,98367,99995]
resources/preprocessed/Interpolated/2020-07-02_15.13.22_Belly.csv:[23003,24691,28171,29127,30171,31175,32311,35355,36627,37715,38843,41199,43683,46355,49123,51883,54927,58399,61967,63347,65019]
resources/preprocessed/Interpolated/2020-07-02_15.13.22_RightArm.csv:[23003,25659,27375,29063,31131,32239,34327,35427,36551,37711,38831,39907,41111,42299,43611,44799,46263,47407,49019,50127,51859,52935,54935,56259,58387,59763,62183,63631,65927]
resources/preprocessed/Interpolated/Lukas_liegestuetzen1_13_10_2020_Chest.csv:[38300,41275,42875,44750,48240,50230,51935,54010,55535,57700,59455,62950,67125,68350,72250,74710,76080,78180,80685,83455]
resources/preprocessed/Interpolated/Jan_liegestuetzen1_13_10_2020_Chest.csv:[84900,88180,91545,96925,99930,104115,107895,111645,115565,119310,121140,123880,128235,131490,135040,138925,143395,146385,150010,151560,154220,158245,162460,167540,169920,173875,177375,179370,182750]
resources/preprocessed/Interpolated/2020-07-02_14.20.28_RightArm.csv:[61995,65011,66155,67283,68419,69507,70635,71819,73011,74131,75343,76655,78059,79551,81071,83443]
resources/preprocessed/Interpolated/2020-07-02_14.20.28_Belly.csv:[61995,63747,66183,68475,69591,70711,72247,74163,78575,79991,81695,83583]
resources/preprocessed/Interpolated/2020-07-02_14.14.32_RightArm.csv:[32019,35223,36495,37799,39067,40327,41695,43051,44415,45835,47147,48559,49947,51371,52807,54255,55683,57515,58951,60767,62835]
resources/preprocessed/Interpolated/2020-07-02_15.13.22_LeftArm.csv:[23003,26315,28171,30199,32227,34323,36623,37707,38843,41131,42167,43619,44807,46267,47363,49079,51811,52891,54823,56267,58259,59731,62147,63667,66067]
resources/preprocessed/Interpolated/2020-07-02_14.14.32_Belly.csv:[32055,33915,35783,37091,38331,40979,42287,43683,44963,47119,49115,50187,51887,53331,56359,57699,59599,61015,63435]
resources/preprocessed/Interpolated/2020-07-02_14.59.59_RightArm.csv:[74031,76507,77659,78839,81163,82303,83579,84715,85967,87015,88371,89507,90875,92071,93547,94651,96391,99179]
resources/preprocessed/Interpolated/Jan_liegestuetzen3_13_10_2020_Chest.csv:[34785,36310,37765,39335,40700,42195,43590,44965,46420,47975,49780,51235,53335,55725]
resources/preprocessed/Interpolated/2020-07-02_14.20.28_LeftArm.csv:[62887,66103,67275,68375,69495,70615,71767,72935,74123,75303,76639,78043,79535,81039,82827]
resources/preprocessed/Interpolated/2020-07-02_13.00.09_Belly.csv:[27355,31255,33263,36099,38215,40923,42211,45287,48667,51159,52383,53991,55531,56667,59995]
resources/preprocessed/Interpolated/2020-07-02_14.14.32_LeftArm.csv:[32003,35215,36463,37767,39059,40343,41727,43031,44427,45847,47107,48539,49931,51347,52703,54219,55663,57447,58979,60775,62775,64091]
resources/preprocessed/Interpolated/2020-07-02_11.17.39_Belly.csv:[58559,60603,61587,64043,66651,68243,70099,71867,73643,75379,77251,79015,80995,82743,84731,86699,88783,90107,92051,93323,95683,98179,99487,100815,102199,103551,106827,108139]
resources/preprocessed/Interpolated/Andre_liegestuetzen3_13_10_2020_Chest.csv:[31003,36073,40583,42063,43778,46138,47483,49613,51268,53943,56228,57968,60713,63273]
resources/preprocessed/Interpolated/2020-07-02_11.17.39_Chest.csv:[58271,59259,60643,62171,64923,69135,71787,74391,78047,79931,81819,83531,86323,87603,89943,93151,94283,95495,96587,98027,99303,101823,103167,104695,106235,108139]
resources/preprocessed/Interpolated/Jan_liegestuetzen1_13_10_2020_Belly.csv:[86690,91815,95810,97395,99745,101595,103275,104640,105870,107240,111515,115390,119345,124860,128700,131145,134895,136150,138660,142030,143685,146070,147560,150000,151305,153955,155625,157725,159510,162455,164630,166180,167820,169660,171440,173275,174850,177120,179575,183840]
resources/preprocessed/Interpolated/2020-07-02_11.17.39_LeftArm.csv:[58879,60671,62275,64031,65747,67467,69087,70883,72639,74459,76323,78083,79923,81755,83655,85647,87511,88827,89975,92079,94335,95531,96763,99315,101943,104571,106127,108139]
resources/preprocessed/Interpolated/2020-07-02_14.59.59_Belly.csv:[75339,76431,78903,81031,83703,85979,87903,90779,93603,96495,99995]
resources/preprocessed/Interpolated/Andre_Squats_13_10_2020_LeftArm.csv:[60996,62976,65721,68436,71161,73786,76651,79126,81901,84186,86076,88926,91926,94266,96276,102061,104356,106761,111621,114086,116621,118906,121256,123446,125836,128206,130676,132991,135381,137841,140241,142786,145126,147526,149881,152366,154776,157176]
resources/preprocessed/Interpolated/2020-07-02_14.07.33_Chest.csv:[7065,9525,10749,13073,14797,16093,17077,18669,19929,21249,22777,26337,28241,29781,31169,34065,36209,38113,39241,41577,43421]
resources/preprocessed/Interpolated/2020-07-02_11.17.39_RightArm.csv:[58851,60591,62319,64023,65719,67423,69063,70859,72671,74423,76279,78063,79903,81783,83631,85619,87587,88831,89995,92071,94287,96767,99331,101967,104563,105867,108139]
resources/preprocessed/Interpolated/Andre_liegestuetzen3_13_10_2020_RightArm.csv:[31003,33963,35653,37263,38908,40438,42063,43793,45488,47258,48943,51253,53323,55493,57968,59458,62233,63588,65498]
resources/preprocessed/Interpolated/2020-07-02_12.50.00_LeftArm.csv:[16003,18395,20327,22255,23295,24403,25439,26467,28519,30479,32479,34515,35583,36727,37823,38891,40035,41263,43343,44447,45563,46675,47959,49207,50471,51739,53151,54587,55799,58335,61023,62683]
resources/preprocessed/Interpolated/2020-07-02_14.20.28_Chest.csv:[61995,64467,65487,67203,68863,71115,72283,73427,74663,75859,77199,78807,80123,81695,83611]
resources/preprocessed/Interpolated/2020-07-02_14.07.33_RightArm.csv:[7005,10313,11593,12921,14217,15557,16853,18125,19417,20725,22125,23605,24869,26241,27609,29017,30517,31909,33409,34861,36329,37781,39353,41013,43329]
resources/preprocessed/Interpolated/Lukas_liegestuetzen1_13_10_2020_RightArm.csv:[38230,41190,42980,44830,46620,48360,50085,51870,53785,55705,57540,59455,63065,65790,67610,70700,72465,74270,75955,77700,83995]
resources/preprocessed/Interpolated/2020-07-02_14.07.33_Belly.csv:[7025,9557,10993,12961,14765,17045,19977,21313,22721,25441,26769,28153,29649,32193,33361,35165,36657,38005,39729,40897,43309]
resources/preprocessed/Interpolated/Andre_liegestuetzen1_13_10_2020_RightArm.csv:[16996,20146,21861,23551,25366,27026,28661,30346,31836,33481,35041,36771,38446,39866,41526,43161,44796,46566,48286,50001,51816,53681,55626,57881,60096,61816,65901]
resources/preprocessed/Interpolated/2020-07-02_12.50.00_RightArm.csv:[16111,18419,20339,22235,23303,24435,25463,26479,28467,30551,32447,34591,35623,36723,37863,38939,40071,41255,43371,45547,46711,47919,49247,50511,51751,53151,54619,55851,58319,61019,62683]
resources/preprocessed/Interpolated/Andre_Squats2_13_10_2020_Belly.csv:[47560,50395,53330,55650,57215,59530,61900,68775,72345,76295,79875,83035,87145,90130,94405,96980,101570,103820,106190,108340,111280,113410,115420,118250,123115,127970,129640,132555,134760,136790,139295,141515,143765,146440,148970,151180,153605,155795,158375,160705,163075,165370,168005,170135,173010,175535,180390,183065,185425,188025,190395,192780,195230,197250,199260,202790,204535,207180,209420,211685,213995]
resources/preprocessed/Interpolated/2020-07-02_12.50.00_Chest.csv:[16663,20567,23439,24607,26723,28631,31347,33643,35687,37323,40387,41823,43635,44611,46779,47935,49467,53055,55747,58263,61019,62879]
resources/preprocessed/Interpolated/2020-07-02_13.00.09_Chest.csv:[27399,29315,31387,33159,35115,37095,39063,41139,42475,45407,47715,50003,51343,52379,54091,55191,58043,60083,62411]
resources/preprocessed/Interpolated/2020-07-02_13.00.09_RightArm.csv:[27455,29487,31311,33239,35039,37055,38979,41099,43079,45291,47635,49827,52419,53835,55147,56663,58139,60107,62331]
resources/preprocessed/Interpolated/2020-07-02_15.13.22_Chest.csv:[23003,26367,28051,30039,32087,34067,36615,38611,41087,43583,44727,46291,47323,49071,51807,55095,56295,58367,59747,61967,63599,64819]
resources/preprocessed/Interpolated/Andre_liegestuetzen1_13_10_2020_Belly.csv:[16996,20201,22061,23556,25336,27056,30261,33446,35031,36781,38236,39816,41496,43131,44851,46521,48226,50091,51841,53646,55726,58076,59991,62921,65841]
resources/preprocessed/Interpolated/2020-07-02_15.31.36_Belly.csv:[73235,74811,77551,78675,80251,82639,85079,86383,87675,88671,90931,92087,94387,95579,97679,99791,101319,103855,106399,109223,111991,113931]
resources/preprocessed/Interpolated/Jan_liegestuetzen2_13_10_2020_LeftArm.csv:[17271,20866,22226,23486,26166,27556,29011,30371,31781,33216,34666,36186,37781,39481,41211,43091,45326,47236,49131,50996]
resources/preprocessed/Interpolated/2020-07-02_15.31.36_Chest.csv:[73323,74791,77295,81283,82559,84263,86395,87663,89639,92139,94423,96699,98927,101287,103907,106419,109111,111011,113915]
resources/preprocessed/Interpolated/Andre_Squats_13_10_2020_RightArm.csv:[60996,62941,66141,68486,71291,73816,76941,79136,81871,84136,86846,88946,91796,94466,97096,99321,102111,104301,106806,109386,111271,114076,116656,118916,121186,123436,125746,128226,130666,132986,135366,137731,140221,142791,145166,147551,149881,152326,154756,157186]
resources/preprocessed/Interpolated/2020-07-02_14.14.32_Chest.csv:[32011,34615,35779,37071,38383,39635,40963,42283,43719,45139,47043,49147,50627,51967,54075,55743,58931,61419,63435]
resources/preprocessed/Interpolated/2020-07-02_15.31.36_LeftArm.csv:[73331,74811,78827,80863,82595,84967,86395,87887,89951,92163,94391,97619,98963,101303,103895,106423,109095,110255,111775]
resources/preprocessed/Interpolated/2020-07-02_15.31.36_RightArm.csv:[73291,75859,77299,78675,82447,85043,86391,87803,88871,89963,91027,92175,93223,94411,95439,96623,97667,98987,99939,101331,103863,104883,106423,107547,109107,110227,111815]
resources/preprocessed/Interpolated/Andre_Squats2_13_10_2020_Chest.csv:[47500,51430,53665,55995,58410,60765,63120,65495,68785,72315,76440,79715,82965,86900,89885,94130,96945,101165,103905,106795,109015,110560,112685,115675,118225,123085,124985,127860,129780,132310,134640,136835,139360,141515,144045,146435,148810,153670,155935,157845,160470,163370,165385,167785,170230,173405,175445,178395,180445,182540,185400,187555,190415,193135,195225,197905,202750,204540,207425,209540,212120]
resources/preprocessed/Interpolated/2020-07-02_14.07.33_LeftArm.csv:[7005,10349,11593,12861,14201,15505,16865,18129,19349,20717,22117,23549,24873,26221,27625,29053,30529,31893,33345,34789,36297,37717,39301,40953,43141]
resources/preprocessed/Interpolated/Andre_Squats2_13_10_2020_RightArm.csv:[47500,51450,53670,55945,58305,60715,63105,65540,68610,72450,75995,79625,82945,86585,89975,93960,96990,100550,104625,107600,109505,111635,114600,117165,118815,120980,124945,127055,129760,132070,134555,136845,139065,141470,143950,146330,148935,151005,153510,155905,158145,160585,163095,165490,167820,170300,173290,175500,178165,180320,182795,185380,187840,190305,192745,195125,197500,199305,202020,204550,206950,209475,211855,213995]
resources/preprocessed/Interpolated/Andre_liegestuetzen1_13_10_2020_LeftArm.csv:[16996,20196,21876,23511,25321,26876,28636,30226,31806,33346,35046,36666,38311,39856,41526,43241,44851,46601,48321,50126,51916,53751,55781,57946,60171,61826,63086,65851]
resources/preprocessed/Interpolated/2020-07-02_13.00.09_LeftArm.csv:[27519,29547,31335,33183,35103,37083,38979,41083,43099,45311,47675,49923,52499,53875,55183,56683,58203,60059,62391]
resources/preprocessed/Interpolated/Andre_liegestuetzen3_13_10_2020_LeftArm.csv:[31098,33903,35628,37278,38908,40468,42098,43858,45558,47318,49203,51263,53408,55598,59508,63768,65018]
resources/preprocessed/Interpolated/Lukas_liegestuetzen1_13_10_2020_LeftArm.csv:[38255,41195,43075,44810,46720,48290,50175,51965,53775,55815,57705,59420,61225,63075,65780,68820,70735,72530,74290,76015,77735,79570,81360,83995]
resources/preprocessed/Interpolated/Andre_Squats2_13_10_2020_LeftArm.csv:[47500,51430,53710,55940,58350,60745,63125,65405,68640,72300,75920,79635,82930,86630,90005,93885,97115,100610,104060,107615,113175,114870,117335,119340,121000,124845,127535,129620,132260,134495,136900,139235,141460,143875,146315,148870,150990,153565,155965,157805,160605,162540,165260,168065,170200,172840,175415,178195,180345,182935,185315,188105,190110,192875,195100,197570,199325,202090,204380,206860,209390,212060,213645]
resources/preprocessed/Interpolated/Andre_Squats_13_10_2020_Belly.csv:[60996,63041,66311,68491,71706,74141,77176,79116,82196,84206,87146,89146,92066,94276,96956,99236,102206,104416,107196,109296,111746,114136,116596,119076,121626,123546,125146,127136,129526,131976,134311,136701,139031,141576,144051,146481,148716,151156,153646,155971,158486]
resources/preprocessed/Interpolated/Andre_liegestuetzen2_13_10_2020_Chest.csv:[41081,43676,47841,51196,52926,54536,56326,60071,64361,68921,71131,73586,75271,78181]
resources/preprocessed/Interpolated/Andre_liegestuetzen2_13_10_2020_LeftArm.csv:[39996,41176,42876,44461,46041,47776,49561,51091,52876,54621,56371,58366,60071,61896,63926,65816,67981,70256,72611,75406,78641]
resources/preprocessed/Interpolated/Lukas_liegestuetzen3_13_10_2020_LeftArm.csv:[11331,14321,15851,17006,18261,19606,21036,22471,23896,25526,28796]
resources/preprocessed/Interpolated/Andre_liegestuetzen1_13_10_2020_Chest.csv:[16996,20251,21816,23571,25296,26926,28616,30476,31986,33366,35031,36686,38361,40011,41516,43176,44806,46516,48246,49996,51831,53731,55721,57941,60111,63051,65841]
resources/preprocessed/Interpolated/Andre_liegestuetzen2_13_10_2020_RightArm.csv:[39996,42856,44421,46076,47906,49511,51161,52836,54621,56256,58181,59941,61896,63696,65826,68006,70191,72636,75366,77156,78661]
resources/preprocessed/Interpolated/2020-07-02_12.50.00_Belly.csv:[16575,18179,20115,21339,23299,25559,27415,29547,31595,33579,35655,37975,40035,42283,44527,46695,49351,51715,53103,54627,55915,59863,62547]
resources/preprocessed/Interpolated/Andre_liegestuetzen3_13_10_2020_Belly.csv:[30998,33913,35748,37053,38633,40193,41928,43783,45403,47228,49018,51243,53213,55563,57858,59888,63228,65448]
resources/preprocessed/Interpolated/Andre_Squats_13_10_2020_Chest.csv:[60996,62906,66241,68436,71196,73901,77011,79201,81971,84251,86981,89301,92001,94291,97191,99501,102231,104371,107011,109371,111531,114151,116891,118891,121471,123541,125701,128251,130696,132036,135426,137846,140411,142841,145166,147576,149916,152326,154751,157211,158551]
resources/preprocessed/Interpolated/Jan_liegestuetzen1_13_10_2020_LeftArm.csv:[84915,88485,92115,96125,100080,103935,107690,111590,115670,119505,123340,127210,131050,134860,138670,142480,146380,150850,154285,158065,162585,166450,169680,174190,177345,179380,182710]
