resources/preprocessed/Interpolated/Lukas_liegestuetzen3_13_10_2020_RightArm.csv:[12131,13896,15496,16761,17986,19281,20711,22141,23526,25116,26816,28306]
resources/preprocessed/Interpolated/Lukas_liegestuetzen3_13_10_2020_Chest.csv:[11011,13916,15491,16776,17986,19276,20701,22136,23536,25091,26816,28271]
resources/preprocessed/Interpolated/Lukas_liegestuetzen3_13_10_2020_Belly.csv:[12161,13936,15486,16781,17996,19291,20691,22141,23526,25096,26796,28241]
resources/preprocessed/Interpolated/Lukas_liegestuetzen2_13_10_2020_RightArm.csv:[36945,38380,39975,41510,43050,44710,46480,48235,49910,51610,53260,54830,56405,58040,59735,61630,63125,65720,68840,71675,72905]
resources/preprocessed/Interpolated/Lukas_liegestuetzen2_13_10_2020_LeftArm.csv:[36965,38350,39955,41470,43025,44790,46475,48230,49895,51595,53275,54845,56395,58060,59780,61640,63095,65720,68755,71600,72995]
resources/preprocessed/Interpolated/Lukas_liegestuetzen2_13_10_2020_Chest.csv:[36955,38380,39990,41520,43065,44805,46500,48255,49905,51600,53270,54865,56405,58050,59765,61630,63095,65695,68845,71685,73025]
resources/preprocessed/Interpolated/Lukas_liegestuetzen2_13_10_2020_Belly.csv:[36965,38375,39985,41510,43065,44800,46490,48280,49920,51605,53270,54860,56390,58040,59765,61620,63075,65680,68810,71620,72935]
resources/preprocessed/Interpolated/Lukas_liegestuetzen1_13_10_2020_Belly.csv:[39320,40830,42620,44420,46175,47895,49670,51440,53315,55245,57100,58910,60875,62720,64480,66420,68255,70140,72050,73820,75570,77270,79030,80910,83090]
resources/preprocessed/Interpolated/Jan_liegestuetzen3_13_10_2020_RightArm.csv:[34285,37480,38950,40405,41815,43265,44700,46045,47485,49035,50725,52580,54560,55920]
resources/preprocessed/Interpolated/Jan_liegestuetzen3_13_10_2020_LeftArm.csv:[34000,37495,38990,40425,41815,43295,44695,46080,47515,49075,50840,52580,54585,55970]
resources/preprocessed/Interpolated/Jan_liegestuetzen3_13_10_2020_Belly.csv:[34990,35995,37525,38965,40430,41815,43275,44710,46070,47505,49080,50810,52600,54550,55935]
resources/preprocessed/Interpolated/Jan_liegestuetzen2_13_10_2020_RightArm.csv:[17126,20566,21941,23211,24626,25941,27266,28696,30046,31466,32871,34301,35801,37371,39021,40616,42501,44381,46691,48106]
resources/preprocessed/Interpolated/Jan_liegestuetzen2_13_10_2020_Chest.csv:[17756,20571,21951,23291,24631,25951,27286,28706,30091,31476,32891,34306,35816,37371,39041,40681,42511,44416,46696,48126]
resources/preprocessed/Interpolated/Jan_liegestuetzen2_13_10_2020_Belly.csv:[17726,20566,21936,23296,24626,25946,27286,28696,30091,31466,32876,34291,35801,37366,39016,40676,42476,44376,46656,48096]
resources/preprocessed/Interpolated/2020-07-02_14.59.59_LeftArm.csv:[74923,76587,79491,81179,84263,85999,89079,91575,93491,96203,97179,99023]
resources/preprocessed/Interpolated/Andre_liegestuetzen2_13_10_2020_Belly.csv:[40621,42516,44071,45726,47361,49116,50766,52481,54176,55971,57811,59611,61446,63396,65321,67476,69621,72151,74816,76586]
resources/preprocessed/Interpolated/Jan_liegestuetzen1_13_10_2020_RightArm.csv:[85660,94715,98645,102690,106355,110285,114230,118190,122615,126280,129920,133870,137530,141380,143805,149010,151315,155515,159725,163855,167530,171005,174765,178460,182790]
resources/preprocessed/Interpolated/2020-07-02_14.59.59_Chest.csv:[74863,76963,79415,81779,84271,86591,89059,91531,94251,97151,99199]
resources/preprocessed/Interpolated/2020-07-02_15.13.22_Belly.csv:[23267,26875,28707,30675,32827,34895,37199,39427,41635,44255,46891,49731,51743,54795,58251,60251]
resources/preprocessed/Interpolated/2020-07-02_15.13.22_RightArm.csv:[23003,26883,28415,30759,32859,35051,37227,39455,41719,44291,46943,49783,52547,54731,58151,61699]
resources/preprocessed/Interpolated/Lukas_liegestuetzen1_13_10_2020_Chest.csv:[39270,40825,42580,44410,46150,47890,49670,51440,53310,55210,57110,58895,60845,62680,64465,66420,68245,70120,72040,73790,75550,77265,79010,80900,83055]
resources/preprocessed/Interpolated/Jan_liegestuetzen1_13_10_2020_Chest.csv:[85000,90800,94610,98490,102460,106330,110195,114195,118150,122190,126140,129860,133675,137510,141180,143715,144970,148850,151240,152950,155475,156915,159675,161240,163785,165605,167465,168920,170970,172575,174850,176460,179320,180975,182725]
resources/preprocessed/Interpolated/2020-07-02_14.20.28_RightArm.csv:[61995,64879,65939,66979,68179,69295,70271,71531,72751,73883,75059,76379,77783,79259,80719,82539,83963]
resources/preprocessed/Interpolated/2020-07-02_14.20.28_Belly.csv:[61995,63691,64867,65935,67055,68187,69311,70431,71579,72763,73947,75123,76383,77759,79235,80703,82519,84007]
resources/preprocessed/Interpolated/2020-07-02_14.14.32_RightArm.csv:[32003,35051,36271,37551,38831,40067,41419,42787,44131,45563,46935,48303,49671,51091,52503,53911,55367,56919,58275,60427,62455,63763]
resources/preprocessed/Interpolated/2020-07-02_15.13.22_LeftArm.csv:[23099,26779,28699,30623,32835,34995,36739,39455,41731,44283,46951,49775,51603,54707,61667,64047]
resources/preprocessed/Interpolated/2020-07-02_14.14.32_Belly.csv:[32031,35051,36271,37539,38811,40087,41431,42747,44143,45551,46911,48267,49631,51055,52479,53883,55339,56859,58539,60379,62367,64807]
resources/preprocessed/Interpolated/2020-07-02_14.59.59_RightArm.csv:[75031,77171,79371,81887,84295,86587,89135,91619,93499,96311,99123]
resources/preprocessed/Interpolated/Jan_liegestuetzen3_13_10_2020_Chest.csv:[34990,37520,38975,40430,41820,43290,44710,46075,47510,49085,50830,52595,54575,55950]
resources/preprocessed/Interpolated/2020-07-02_14.20.28_LeftArm.csv:[61995,64859,65931,69271,70383,71495,72659,73835,74915,76331,77699,79187,80667,82063,83891]
resources/preprocessed/Interpolated/2020-07-02_13.00.09_Belly.csv:[26999,28907,30787,32659,34547,36447,38555,40407,42451,44519,46999,49135,51599,54163,57215]
resources/preprocessed/Interpolated/2020-07-02_14.14.32_LeftArm.csv:[32003,35027,36243,37531,38787,40067,41423,42747,44131,45531,46875,48263,49603,51051,52467,53847,55291,56863,58631,59975,62467,64875]
resources/preprocessed/Interpolated/2020-07-02_11.17.39_Belly.csv:[58359,60023,61923,63575,65307,66947,68647,70339,72119,73871,75735,77491,79331,81215,83119,85071,86923,88911,91427,93643,96067,98567,101195,103903]
resources/preprocessed/Interpolated/Andre_liegestuetzen3_13_10_2020_Chest.csv:[31883,33623,35223,36878,38488,40093,41718,43403,45088,46818,48563,50678,52793,55043,57478,60233,62908,64838]
resources/preprocessed/Interpolated/2020-07-02_11.17.39_Chest.csv:[58387,60119,61931,63599,65299,66951,68667,70351,72147,73907,75763,77515,79335,81219,83127,85087,86899,89563,91447,93619,96095,98539,101151,103875,105967]
resources/preprocessed/Interpolated/Jan_liegestuetzen1_13_10_2020_Belly.csv:[85020,86690,90795,94490,98495,102465,106350,110230,114155,116620,118135,120665,124650,126160,128555,129885,132285,133710,136020,137505,139785,141205,143520,144965,148845,151155,152945,155260,156870,159175,161205,163615,165620,167395,168910,170900,172555,174440,176430,178155,180980,182725]
resources/preprocessed/Interpolated/2020-07-02_11.17.39_LeftArm.csv:[58227,59907,61931,63571,65275,66903,68687,70375,72143,73791,75779,77431,81399,83155,85119,86811,88855,91447,93615,95987,100795,103831,105983]
resources/preprocessed/Interpolated/2020-07-02_14.59.59_Belly.csv:[74871,76995,79403,81779,84235,86575,88419,91503,94223,97143,99131]
resources/preprocessed/Interpolated/Andre_Squats_13_10_2020_LeftArm.csv:[60996,64186,68876,73386,75591,78726,80361,83801,88786,93741,95366,98981,103936,105511,108741,110601,113701,115381,118406,123141,127281,129661,132046,132951,134406,136781,139126,141606,144116,146431,148891,151206,153621,154606,156021,158536]
resources/preprocessed/Interpolated/2020-07-02_14.07.33_Chest.csv:[7005,8869,10101,11349,12645,13989,15289,16589,17845,19161,20465,21837,23265,24609,25961,27321,28741,30213,31625,33061,34493,35973,37469,38969,40653,42349,44117]
resources/preprocessed/Interpolated/2020-07-02_11.17.39_RightArm.csv:[58339,59955,61963,63583,65283,66939,68715,70339,72143,73827,75779,77615,79511,81255,83111,85099,86887,88795,91491,93679,95963,98611,100791,103875,107611]
resources/preprocessed/Interpolated/Andre_liegestuetzen3_13_10_2020_RightArm.csv:[31888,33608,35208,36853,38483,40078,41718,43408,45103,46813,48563,50683,52783,55103,57653,59293,64793]
resources/preprocessed/Interpolated/2020-07-02_12.50.00_LeftArm.csv:[16395,21615,23399,25611,27643,29819,31823,33599,35675,38223,40087,42679,44559,46759]
resources/preprocessed/Interpolated/2020-07-02_14.20.28_Chest.csv:[61995,64883,65955,67087,68199,69323,70451,71595,72783,73963,75143,76395,77779,79251,80727,82535,84007]
resources/preprocessed/Interpolated/2020-07-02_14.07.33_RightArm.csv:[7493,11337,12649,13977,15265,16565,17857,19109,20409,21809,23253,24601,25945,27301,28741,30221,31629,33069,34529,35973,37481,38965,40645,42333,43649]
resources/preprocessed/Interpolated/Lukas_liegestuetzen1_13_10_2020_RightArm.csv:[39280,40785,42505,44360,46115,47875,49565,51425,53210,55170,57125,58875,60815,62675,64420,66430,68235,70060,72045,73780,75525,77245,78980,80895,82620]
resources/preprocessed/Interpolated/2020-07-02_14.07.33_Belly.csv:[7005,8853,10097,11345,12637,13973,15281,16577,17845,19165,20449,21821,23237,24585,25941,27297,28713,30193,31597,33025,34445,35937,37421,38929,40605,42309,44117]
resources/preprocessed/Interpolated/Andre_liegestuetzen1_13_10_2020_RightArm.csv:[17816,19611,21401,23141,24821,26506,28161,29831,31401,33031,34621,36281,37886,39511,41101,42791,44456,46156,47896,49676,51401,53321,55291,57411,59666,62686,65411,66996]
resources/preprocessed/Interpolated/2020-07-02_12.50.00_RightArm.csv:[16531,21651,23443,25615,27759,29791,31955,33847,35731,38187,40119,42763,44935,46787]
resources/preprocessed/Interpolated/Andre_Squats2_13_10_2020_Belly.csv:[48715,50435,52740,54950,57240,59640,62005,64380,67960,70705,74180,78830,82260,84570,88965,93470,96080,98095,100620,103215,105160,107440,110020,112125,115435,117130,119265,122790,124305,127535,132035,136455,137985,141070,142755,145825,147530,151445,155425,156910,158205,160000,161640,164955,166845,169810,175090,179930,184905,189915,191630,194800,199800,204380,205840,207055,209215,210750,211970,213995]
resources/preprocessed/Interpolated/2020-07-02_12.50.00_Chest.csv:[16391,19787,21631,23443,25803,27759,29823,31863,33867,35763,38167,40143,42687,44783,46831,49355,51967,53539,54987,57499,60115,62995]
resources/preprocessed/Interpolated/2020-07-02_13.00.09_Chest.csv:[26999,28927,30799,32655,34547,36439,38523,40395,42471,44539,46999,49151,51523,54335,57227,60091]
resources/preprocessed/Interpolated/2020-07-02_13.00.09_RightArm.csv:[26999,28883,30771,32547,33799,36535,38363,40431,42443,44571,48927,51391]
resources/preprocessed/Interpolated/2020-07-02_15.13.22_Chest.csv:[23623,26891,28727,30691,32819,34979,37203,39439,41651,44267,46907,49763,51771,54795,58151,61823]
resources/preprocessed/Interpolated/Andre_liegestuetzen1_13_10_2020_Belly.csv:[17791,19651,21436,23146,24841,26516,28186,29861,31416,33026,34616,36266,37896,39521,41116,42796,44451,46146,47846,49601,51386,53266,55246,57421,59606,62501,65361,66986]
resources/preprocessed/Interpolated/2020-07-02_15.31.36_Belly.csv:[72847,90575,92715,94987,97247,99607,101919,104459,106379,109779,112543,113975]
resources/preprocessed/Interpolated/Jan_liegestuetzen2_13_10_2020_LeftArm.csv:[17191,20541,21941,23271,24671,25946,27291,28691,30071,31471,32891,34296,35796,37341,39051,40676,42511,44446,46716,48126]
resources/preprocessed/Interpolated/2020-07-02_15.31.36_Chest.csv:[73223,88419,90627,92731,94987,97251,99631,101967,104531,106435,109191,112571,113975]
resources/preprocessed/Interpolated/Andre_Squats_13_10_2020_RightArm.csv:[60996,64171,68461,73466,75691,78711,80346,83741,88856,93716,95306,98931,103946,108766,110586,113671,118376,123116,127316,129661,132066,134421,136811,139181,141646,144146,146431,148911,151236,153656,156036,158551]
resources/preprocessed/Interpolated/2020-07-02_14.14.32_Chest.csv:[32387,35063,36283,37563,38827,40107,41451,42783,44179,45583,46931,48299,49671,51099,52519,53915,55391,56911,58591,60423,62443,64879]
resources/preprocessed/Interpolated/2020-07-02_15.31.36_LeftArm.csv:[74175,90067,92771,95147,96739,99155,102023,104511,109815,112587,113975]
resources/preprocessed/Interpolated/2020-07-02_15.31.36_RightArm.csv:[72271,92347,94975,97235,99191,101999,104583,106315,109191,112615,113831]
resources/preprocessed/Interpolated/Andre_Squats2_13_10_2020_Chest.csv:[48735,50435,52740,54945,57240,59640,62005,64380,67950,70760,74110,78810,82260,84585,88980,93435,96070,100715,103210,105155,110030,112170,115430,117125,119310,122840,124310,127515,131990,136455,137995,141095,142770,145840,147575,150800,155425,156900,160010,161660,164960,166850,169860,171960,175125,176770,179945,181680,184920,186670,189945,191640,194860,199805,204390,205845,207035,209230,210730,211930,213995]
resources/preprocessed/Interpolated/2020-07-02_14.07.33_LeftArm.csv:[7493,10085,11381,12641,13933,15277,16577,17817,19177,20429,21801,23261,24565,25917,27273,28725,30185,31593,33001,34441,35897,37433,38933,40509,42329,43937]
resources/preprocessed/Interpolated/Andre_Squats2_13_10_2020_RightArm.csv:[48750,50435,52765,54940,57250,59640,62030,64440,67965,70795,74135,78670,82240,84660,88850,93085,96100,97325,98480,103265,105230,107025,109955,114120,117150,119315,122525,127385,131905,136350,137985,141090,142855,145815,147745,151470,152495,155480,156955,158210,159975,164550,169805,175095,179925,184910,189940,194760,199900,201390,204415,205870,207070,209435,210780,211900,213995]
resources/preprocessed/Interpolated/Andre_liegestuetzen1_13_10_2020_LeftArm.csv:[17821,19606,21401,23141,24841,26516,28176,29836,31416,33046,34601,36286,37906,39511,41151,42806,44471,46161,47881,49636,51386,53341,55306,57421,59661,62581,65391,66996]
resources/preprocessed/Interpolated/2020-07-02_13.00.09_LeftArm.csv:[27759,28743,30703,32799,34571,36475,38739,40475,42515,44495,48911,51815,53931]
resources/preprocessed/Interpolated/Andre_liegestuetzen3_13_10_2020_LeftArm.csv:[31873,33633,35233,36888,38498,40093,41733,43413,45083,46828,48588,50758,52803,55133,57648,60353,64763]
resources/preprocessed/Interpolated/Lukas_liegestuetzen1_13_10_2020_LeftArm.csv:[39210,40720,42540,44385,46125,47855,49635,51430,53285,55205,57090,58885,60795,62540,64430,66380,68240,70070,72045,73790,75540,77245,79000,80905,82820]
resources/preprocessed/Interpolated/Andre_Squats2_13_10_2020_LeftArm.csv:[48800,50435,52735,54960,57245,59630,62020,64410,68005,71185,74045,78790,82180,84685,88765,93415,96050,97320,103200,105200,106785,109970,117260,119435,122525,127335,131985,136385,138030,141070,142810,145765,147805,151410,155320,159845,162230,164900,166970,169805,175195,179935,184895,186770,189900,191470,194895,199850,201415,204380,205785,209270,210910,213995]
resources/preprocessed/Interpolated/Andre_Squats_13_10_2020_Belly.csv:[62371,64226,68351,73456,75436,78781,80311,83826,85276,88811,90371,93861,96976,99031,100411,103981,105426,108811,110516,113781,115276,118491,120136,123106,124816,127221,129616,131986,134371,136746,139136,141596,144116,146461,148881,151201,153646,156061,158536]
resources/preprocessed/Interpolated/Andre_liegestuetzen2_13_10_2020_Chest.csv:[40591,42506,44061,45721,47361,49106,50761,52481,54171,55966,57816,59611,61451,63401,65326,67486,69691,72161,74821,77706,79996]
resources/preprocessed/Interpolated/Andre_liegestuetzen2_13_10_2020_LeftArm.csv:[40611,42496,44051,45701,47341,49116,50756,52476,54151,55976,57831,59606,61466,63386,65396,67511,69761,72226,74891,76541]
resources/preprocessed/Interpolated/Lukas_liegestuetzen3_13_10_2020_LeftArm.csv:[12156,13561,15481,16771,17936,19251,20691,22106,23556,25091,26796,28316]
resources/preprocessed/Interpolated/Andre_liegestuetzen1_13_10_2020_Chest.csv:[17806,19651,21441,23146,24856,26526,28196,29861,31431,33046,34621,36281,37911,39526,41136,42811,44461,46156,47871,49621,51391,53291,55241,57391,59591,62511,65341,66996]
resources/preprocessed/Interpolated/Andre_liegestuetzen2_13_10_2020_RightArm.csv:[40666,42426,44046,45681,47316,49086,50751,52456,54136,55961,57791,59586,61436,63456,65256,67526,69786,72286,74951,76606]
resources/preprocessed/Interpolated/2020-07-02_12.50.00_Belly.csv:[16387,19787,21631,23463,25803,27751,29831,31855,33875,35775,38179,40151,42687,44783,46847,49423,52039,53519,55031,57503,60107,62995]
resources/preprocessed/Interpolated/Andre_liegestuetzen3_13_10_2020_Belly.csv:[31883,33623,35218,36883,38493,40098,41728,43403,45098,46818,48558,50693,52803,55003,57458,60148,62883,64783]
resources/preprocessed/Interpolated/Andre_Squats_13_10_2020_Chest.csv:[62361,64231,68296,73471,75456,78776,80296,83821,85271,88811,90401,93816,99031,100416,103981,105451,108811,110541,113791,115286,118516,120126,123151,124786,127246,129621,132001,134391,136766,139141,141611,144121,146466,148876,151211,153651,156051,158536]
resources/preprocessed/Interpolated/Jan_liegestuetzen1_13_10_2020_LeftArm.csv:[84900,94600,98550,102610,106280,110160,114255,118235,122005,126265,130090,133475,137615,141300,144940,148965,151250,156940,159615,163845,167485,171035,175115,179235,180980,182715]
