resources/preprocessed/Interpolated/Lukas_liegestuetzen3_13_10_2020_RightArm.csv:[11976,13691,16431,17681,18976,20441,21856,23171,24906,26651]
resources/preprocessed/Interpolated/Lukas_liegestuetzen3_13_10_2020_Chest.csv:[11901,13546,17661,20426,21806,23086,24556,26321,28711]
resources/preprocessed/Interpolated/Lukas_liegestuetzen3_13_10_2020_Belly.csv:[10996,13716,16811,19246,20441,21621,22711,24566,25691,28796]
resources/preprocessed/Interpolated/Lukas_liegestuetzen2_13_10_2020_RightArm.csv:[36755,38305,39885,41425,42935,44705,46405,48175,49840,51500,53170,54770,56315,57950,59675,61525,64070,67195,70150,72635]
resources/preprocessed/Interpolated/Lukas_liegestuetzen2_13_10_2020_LeftArm.csv:[36655,39725,41300,42780,44690,46265,48175,49835,51260,53175,54660,56115,57970,59590,61515,64035,67165,70110,71490,73795]
resources/preprocessed/Interpolated/Lukas_liegestuetzen2_13_10_2020_Chest.csv:[36690,37925,39675,41290,43320,44430,46330,47775,51635,53030,54595,56060,57795,59450,61285,65585,66965,68845,71500]
resources/preprocessed/Interpolated/Lukas_liegestuetzen2_13_10_2020_Belly.csv:[36995,38145,39680,41340,42950,44340,47870,49825,54685,56025,57805,59375,61185,63900,65595,67910,71555,73090]
resources/preprocessed/Interpolated/Lukas_liegestuetzen1_13_10_2020_Belly.csv:[39130,40770,42560,44485,45870,47895,49730,51655,53340,55315,56965,58725,62475,64455,66480,69130,72530,75450,79030,82825]
resources/preprocessed/Interpolated/Jan_liegestuetzen3_13_10_2020_RightArm.csv:[35915,37105,38650,40030,41470,42960,44315,45665,47140,48750,50540,52295,54230,56385]
resources/preprocessed/Interpolated/Jan_liegestuetzen3_13_10_2020_LeftArm.csv:[35905,37200,38610,40080,41445,42925,44330,45670,47085,48720,50545,52305,54195,56225]
resources/preprocessed/Interpolated/Jan_liegestuetzen3_13_10_2020_Belly.csv:[34270,35470,37255,38795,41580,43290,44505,45855,47280,48870,50555,52420,54370,56790]
resources/preprocessed/Interpolated/Jan_liegestuetzen2_13_10_2020_RightArm.csv:[20261,21581,22881,24241,25626,26946,28391,29766,31171,32621,34041,35421,37081,38796,40411,42251,44121,46386,48556]
resources/preprocessed/Interpolated/Jan_liegestuetzen2_13_10_2020_Chest.csv:[18756,20026,21561,22931,24266,25481,27031,29711,31131,32611,34076,35361,37081,38836,40391,42266,44121,46456,48971,50676]
resources/preprocessed/Interpolated/Jan_liegestuetzen2_13_10_2020_Belly.csv:[16996,18736,20326,21686,23086,24411,25706,26991,28501,29826,31241,32671,34066,35591,37121,38841,40496,42306,44231,46511,49006,50451]
resources/preprocessed/Interpolated/2020-07-02_14.59.59_LeftArm.csv:[74787,75907,77047,78243,79419,81687,82759,84159,85347,86503,88943,91439,92859,94103,95583,96959]
resources/preprocessed/Interpolated/Andre_liegestuetzen2_13_10_2020_Belly.csv:[41766,43626,45301,46496,48596,50251,51756,53786,55236,56991,58766,61091,62371,64466,66431,68571,70731,73341,76366,79996]
resources/preprocessed/Interpolated/Jan_liegestuetzen1_13_10_2020_RightArm.csv:[87230,90880,94800,98685,101590,106515,109270,114155,118150,122365,126310,129830,132830,133870,137620,141245,144420,148820,153020,156935,161270,165570,168580,172170,176425,178525,180650,182850]
resources/preprocessed/Interpolated/2020-07-02_14.59.59_Chest.csv:[75703,77203,79359,81723,84127,86483,88015,89543,91543,94883,97555,99063]
resources/preprocessed/Interpolated/2020-07-02_15.13.22_Belly.csv:[23971,25815,27687,28687,31695,34811,37211,38259,40435,42607,44123,45203,47819,50271,53135,55599,56735,58979,60295,62851,64235,65523]
resources/preprocessed/Interpolated/2020-07-02_15.13.22_RightArm.csv:[25099,26879,28591,30639,31727,32747,34903,37103,39303,40615,41615,43019,44115,46831,48387,49595,51063,52403,53547,55427,57439,58979,60279,62859,64195]
resources/preprocessed/Interpolated/Lukas_liegestuetzen1_13_10_2020_Chest.csv:[40550,42450,44135,45705,47645,49455,53080,54915,57110,58850,60700,62205,64430,65495,67815,70085,71770,73070,75470,77165,78975,82735]
resources/preprocessed/Interpolated/Jan_liegestuetzen1_13_10_2020_Chest.csv:[85160,86875,90150,94280,98515,102430,106405,109855,113785,117810,121870,123260,125790,129425,133310,136980,140655,144545,148245,150800,152445,156390,158835,160850,163410,165255,168525,172225,176045,178755,180530,183495]
resources/preprocessed/Interpolated/2020-07-02_14.20.28_RightArm.csv:[63499,64511,65575,66735,67883,68975,70103,71247,72443,73627,74807,76111,77535,79091,80583,82363,84007]
resources/preprocessed/Interpolated/2020-07-02_14.20.28_Belly.csv:[62707,64259,65287,66887,69019,70123,71299,73619,74835,76151,77475,78975,80479,82207,83087]
resources/preprocessed/Interpolated/2020-07-02_14.14.32_RightArm.csv:[34735,36079,37347,38459,39747,41279,42595,43999,45415,46599,48127,49499,50923,52335,53747,55199,56803,58443,60259,62295,64667]
resources/preprocessed/Interpolated/2020-07-02_15.13.22_LeftArm.csv:[25167,26799,28727,30703,32711,34879,35999,37115,38287,39379,41583,44183,45739,46791,48359,49635,52375,53487,55483,56767,58955,60263,62851,64159]
resources/preprocessed/Interpolated/2020-07-02_14.14.32_Belly.csv:[32911,35191,36255,38631,39923,41443,42635,44067,45391,46671,48151,49659,50947,53831,55195,56871,58671,60355,62007,64751]
resources/preprocessed/Interpolated/2020-07-02_14.59.59_RightArm.csv:[74831,77027,78239,79331,80427,81791,84211,85419,86523,87623,88891,90363,91459,92919,94147,95663,96935,98403]
resources/preprocessed/Interpolated/Jan_liegestuetzen3_13_10_2020_Chest.csv:[35660,37140,38520,40135,41580,42835,44425,45820,47170,48805,50595,52360,54300,56810]
resources/preprocessed/Interpolated/2020-07-02_14.20.28_LeftArm.csv:[63459,64523,65559,66727,67859,68939,70099,71251,72427,73607,74787,76047,77439,78951,80427,82359,83959]
resources/preprocessed/Interpolated/2020-07-02_13.00.09_Belly.csv:[26999,28147,29231,31759,34671,36479,37719,40415,42631,44715,47063,49283,51671,53279,54495,57287,60603,61939]
resources/preprocessed/Interpolated/2020-07-02_14.14.32_LeftArm.csv:[34739,36063,37343,38455,39723,41111,42575,43975,45379,46507,48083,49455,50755,52295,53695,55035,56707,58367,60251,62263,64611]
resources/preprocessed/Interpolated/2020-07-02_11.17.39_Belly.csv:[59379,61099,62123,66147,69535,70651,73095,74891,76127,78495,79551,83135,85223,87251,88243,89487,91411,92735,93839,95011,96203,97611,98791,101323,104051,107603]
resources/preprocessed/Interpolated/Andre_liegestuetzen3_13_10_2020_Chest.csv:[32753,34363,36713,38298,39928,41088,43203,44843,46738,48128,50623,52338,54568,57338,58918,62268,65138]
resources/preprocessed/Interpolated/2020-07-02_11.17.39_Chest.csv:[59551,61647,63579,67031,68763,70355,72299,73967,75671,78515,79623,81211,83119,85167,86931,88183,89307,91499,92659,93655,94851,96003,97515,98687,101119,103851,107599]
resources/preprocessed/Interpolated/Jan_liegestuetzen1_13_10_2020_Belly.csv:[85055,88295,93420,99040,103905,106540,110670,112140,114465,116075,118330,120210,122660,124210,125500,130240,133885,135525,137650,141300,143015,145265,146950,148975,150650,153095,154670,157040,158630,161415,163195,165555,168935,172485,176485,178295,180965]
resources/preprocessed/Interpolated/2020-07-02_11.17.39_LeftArm.csv:[58291,59427,61207,62867,64551,66235,67943,69619,71427,73191,75039,76823,78623,80491,82399,84991,86871,88303,89455,91395,93579,95123,96003,98487,101047,103691,105143,107303]
resources/preprocessed/Interpolated/2020-07-02_14.59.59_Belly.csv:[75843,77003,77919,79419,80395,82091,84247,87339,89859,92431,94867,97659]
resources/preprocessed/Interpolated/Andre_Squats_13_10_2020_LeftArm.csv:[62326,63711,64866,67811,72681,74821,77891,80211,82811,84891,87761,89911,93611,95371,98701,103031,105161,108161,110451,112811,115191,117781,119961,122221,124651,126571,128926,132266,133721,136946,138516,140971,142031,143426,145846,148186,150606,153056,156511,157831]
resources/preprocessed/Interpolated/2020-07-02_14.07.33_Chest.csv:[8765,10053,11401,12605,13861,15289,16589,17945,20429,21877,23309,24573,25873,27333,28765,30225,32805,33757,35705,37393,38625,40753,42061,44085]
resources/preprocessed/Interpolated/2020-07-02_11.17.39_RightArm.csv:[58351,60011,61803,62871,64559,66231,68275,69619,71435,73191,75035,76819,78643,80527,82411,85019,86867,88315,89427,91347,93603,95983,98499,101075,103699,105119,107335]
resources/preprocessed/Interpolated/Andre_liegestuetzen3_13_10_2020_RightArm.csv:[33538,36823,38453,40018,43323,45023,46768,48498,50628,52778,54983,57453,60168,62863,64238]
resources/preprocessed/Interpolated/2020-07-02_12.50.00_LeftArm.csv:[17619,19027,20895,22787,23847,24955,26995,29047,29967,31043,31923,33051,33999,35083,36143,37351,39479,40691,41827,42739,43955,44931,46163,47291,48687,49775,51235,52291,54103,55087,57431,59323,62191]
resources/preprocessed/Interpolated/2020-07-02_14.20.28_Chest.csv:[62723,64971,66463,68235,69371,70475,71667,72783,73995,76683,78327,79551,82195,83111]
resources/preprocessed/Interpolated/2020-07-02_14.07.33_RightArm.csv:[8693,9913,11177,12289,13817,15101,16421,17525,18765,20277,21657,23113,24253,25605,27001,28477,30037,31309,32761,34153,35665,37177,38801,40377,42217,44117]
resources/preprocessed/Interpolated/Lukas_liegestuetzen1_13_10_2020_RightArm.csv:[40285,42535,44350,46090,47850,49580,51405,53285,55225,57075,58855,60800,62640,64440,66395,68215,70125,71985,73750,75490,77175,78955,80845]
resources/preprocessed/Interpolated/2020-07-02_14.07.33_Belly.csv:[7905,10089,12481,13861,15177,16501,17653,20469,21749,23213,24569,25781,27277,28641,29997,31509,32857,34309,36157,37161,38793,40473,41977,44117]
resources/preprocessed/Interpolated/Andre_liegestuetzen1_13_10_2020_RightArm.csv:[19611,21386,23131,24781,26456,28221,29811,31386,32981,34586,36241,37881,39466,41076,42726,44161,46061,47561,48701,51086,53206,55211,57356,59516,61236,62466,65241,66986]
resources/preprocessed/Interpolated/2020-07-02_12.50.00_RightArm.csv:[17691,19051,20911,22803,23795,24967,26999,29063,31091,33051,33931,35131,36123,37367,39507,40655,41887,44023,46195,47279,48727,49783,51271,52235,54147,55119,57455,60107,62995]
resources/preprocessed/Interpolated/Andre_Squats2_13_10_2020_Belly.csv:[49805,52130,54280,56690,59055,61345,63800,66895,70345,75070,77590,80940,84690,85785,88140,92940,95610,100230,102585,104850,107110,108960,112230,113910,116095,120500,124080,125765,128455,130925,133715,135740,137665,140260,142685,144810,147975,150350,154585,156935,159010,161380,164100,166895,168805,171180,174005,176425,179045,181710,184060,186360,189205,191345,193940,196115,198500,199885,201890,203625,205950,208380,210425,212870]
resources/preprocessed/Interpolated/2020-07-02_12.50.00_Chest.csv:[17759,19735,22043,24107,25107,26219,28103,30059,32151,34155,36415,38331,39591,40899,42931,45163,46275,47495,50063,51323,52439,55315,57587,60363,61539,62383]
resources/preprocessed/Interpolated/2020-07-02_13.00.09_Chest.csv:[26999,28815,30191,31899,32763,33871,35811,38567,39683,41799,43867,46119,47223,48755,50551,51807,53259,54595,56711,61595]
resources/preprocessed/Interpolated/2020-07-02_13.00.09_RightArm.csv:[26999,28127,29983,31879,34531,35707,37627,39663,41743,44499,46923,49167,51647,54327,57231,58827,60735]
resources/preprocessed/Interpolated/2020-07-02_15.13.22_Chest.csv:[25231,26879,28779,31523,32787,34763,37975,40235,42667,44151,45239,46735,47827,50543,53315,56787,60235,61467,62899,64167,65755]
resources/preprocessed/Interpolated/Andre_liegestuetzen1_13_10_2020_Belly.csv:[18831,21436,22621,24026,26546,29536,31576,33846,36006,37631,39126,41031,42666,45971,47396,48926,51021,52566,55076,56371,58651,61321,63556,65231,66641]
resources/preprocessed/Interpolated/2020-07-02_15.31.36_Belly.csv:[72499,75335,79479,80743,81839,83503,85875,87099,89223,91431,93599,95083,96031,97367,98263,100299,102759,105123,107719,110395,113263]
resources/preprocessed/Interpolated/Jan_liegestuetzen2_13_10_2020_LeftArm.csv:[20301,21596,22856,24191,25536,26916,28376,29641,31021,32496,33951,35456,37016,38726,40376,42196,44126,46321,48426]
resources/preprocessed/Interpolated/2020-07-02_15.31.36_Chest.csv:[72595,76023,80055,81983,83379,85791,86931,89163,91395,93607,94931,95899,97399,100363,101839,102787,105307,107919,110359,113279]
resources/preprocessed/Interpolated/Andre_Squats_13_10_2020_RightArm.csv:[62261,63726,64871,67391,69831,72681,74851,77891,80231,82931,85271,87851,89571,93351,95431,98251,100256,103036,105336,108171,110591,112761,115451,118221,120061,122211,124681,127556,128851,129976,132321,134716,137006,139511,142051,144461,146936,148196,150646,153016,154096,155411,156536,158931]
resources/preprocessed/Interpolated/2020-07-02_14.14.32_Chest.csv:[32979,35147,36411,37551,38883,40135,41499,42919,44107,45651,48351,49639,51123,52831,54683,57151,60527,62391,64775]
resources/preprocessed/Interpolated/2020-07-02_15.31.36_LeftArm.csv:[72699,75823,77767,80235,81751,83547,85843,87159,88383,90515,92751,95015,97207,98471,99527,101891,104383,106999,108475,109731,111099,112443]
resources/preprocessed/Interpolated/2020-07-02_15.31.36_RightArm.csv:[72435,76515,77911,80147,81803,83491,85771,87207,88355,90515,91671,92683,93847,94923,97155,99455,100759,101851,103291,104395,105807,107011,108447,109671,111083,112427,113975]
resources/preprocessed/Interpolated/Andre_Squats2_13_10_2020_Chest.csv:[49865,52150,54340,56635,59055,61385,63750,66715,70855,74845,78415,81640,84805,87940,92140,95635,100060,102865,104860,108090,109755,111660,113640,114750,116735,119615,121340,122470,126340,128420,131245,133305,135855,138000,140755,142600,145435,147585,150345,152295,155160,156860,159765,161695,164410,167000,168805,171185,174690,176975,179565,181685,184510,186930,189485,191165,194340,196120,199500,203835,206135,208685,211065,213630]
resources/preprocessed/Interpolated/2020-07-02_14.07.33_LeftArm.csv:[8681,9929,11177,12297,13813,15097,16453,17593,18837,20285,21657,23069,24277,25609,27129,28377,29897,31313,32697,34153,35629,37117,38765,40345,42021,44069]
resources/preprocessed/Interpolated/Andre_Squats2_13_10_2020_RightArm.csv:[49705,52030,53115,55365,56560,58940,60120,61340,62480,63730,64850,66565,69880,73990,77620,81265,84625,88390,91910,96040,98965,103255,105460,108835,110170,113650,115360,117745,120435,121605,123390,126360,128380,130995,133375,135520,138025,140080,142850,144975,147520,149900,151890,154530,157035,159960,161750,164060,166885,168865,171225,173965,176880,178880,181775,183845,186870,188860,191675,193905,196390,198565,201330,203010,206075,208575,210830,212680]
resources/preprocessed/Interpolated/Andre_liegestuetzen1_13_10_2020_LeftArm.csv:[19586,21081,22796,24776,26461,29496,31361,32711,34261,35876,37591,39141,40786,42701,44376,46051,47571,49511,51001,52971,55201,57316,59496,61226,62441,65221,66996]
resources/preprocessed/Interpolated/2020-07-02_13.00.09_LeftArm.csv:[26999,28143,29027,29979,31875,33731,35703,37671,39659,41747,44527,46207,49123,51631,53327,54391,57203,59419,60771]
resources/preprocessed/Interpolated/Andre_liegestuetzen3_13_10_2020_LeftArm.csv:[33188,34443,36463,38138,39738,41413,43063,45013,46763,48238,50638,52493,55008,57453,58763,60158,61353,62823,64403]
resources/preprocessed/Interpolated/Lukas_liegestuetzen1_13_10_2020_LeftArm.csv:[40395,42525,44175,46090,47790,49435,51380,53260,55190,57080,58835,60785,62600,64400,66395,68205,70125,71980,73720,75505,77165,78960,80825,82335]
resources/preprocessed/Interpolated/Andre_Squats2_13_10_2020_LeftArm.csv:[49785,52025,54335,56600,58980,60140,61345,63720,66750,70145,73910,77455,80980,84685,88380,92080,95260,99025,103045,105145,106345,109455,113785,116260,118015,120025,121625,123505,126765,128240,131065,132955,135620,137820,140170,142900,145395,147535,149905,151685,154660,157050,159270,161525,164155,165885,168780,171415,174345,176955,178940,181370,183855,186800,188730,190950,193915,196200,198650,200170,203020,205435,208685,211105,212830]
resources/preprocessed/Interpolated/Andre_Squats_13_10_2020_Belly.csv:[62021,63651,67556,69341,72751,74926,78031,80011,83051,84971,88051,90161,93061,95171,98301,100181,103181,105231,108191,110241,113001,115061,117861,120791,122421,124491,126596,128921,131396,132546,133806,136126,137246,138541,139751,141036,142111,143491,145891,148146,150606,153026,155406,157916]
resources/preprocessed/Interpolated/Andre_liegestuetzen2_13_10_2020_Chest.csv:[40071,42361,45476,47291,48926,50581,52381,54116,57691,59436,61366,64871,67131,68296,69556,73046,75751,77661,79076]
resources/preprocessed/Interpolated/Andre_liegestuetzen2_13_10_2020_LeftArm.csv:[40466,42141,43701,45376,47011,48711,50451,52176,53851,55636,57736,59286,61156,63351,64971,67321,69636,72051,74741,76666,77756,79621]
resources/preprocessed/Interpolated/Lukas_liegestuetzen3_13_10_2020_LeftArm.csv:[11971,13691,17631,18896,20416,21861,23261,24911,26656]
resources/preprocessed/Interpolated/Andre_liegestuetzen1_13_10_2020_Chest.csv:[17531,19236,21126,22566,24551,26191,27951,29861,31381,32811,34406,35971,37606,39421,41041,42731,44256,45871,47486,49286,51281,53121,55096,57316,59171,60746,62241,63676,65216,66996]
resources/preprocessed/Interpolated/Andre_liegestuetzen2_13_10_2020_RightArm.csv:[42451,44016,45686,47341,49076,50701,52436,54111,55926,57791,59531,61381,63366,65241,67461,69671,72091,73316,74766,76471,77771,79456]
resources/preprocessed/Interpolated/2020-07-02_12.50.00_Belly.csv:[16067,17559,18791,20619,22667,24739,26471,28059,28987,29991,32615,34679,36319,37327,38375,39459,41099,43051,43931,45043,46083,47855,49875,51163,52355,54059,55147,56719,58283,60391]
resources/preprocessed/Interpolated/Andre_liegestuetzen3_13_10_2020_Belly.csv:[31588,32823,34413,36403,37688,39263,41068,43148,47813,50198,52658,53773,56553,59123,61438,65183]
resources/preprocessed/Interpolated/Andre_Squats_13_10_2020_Chest.csv:[62141,64756,67571,69171,73271,75166,78516,80236,83616,84916,88556,90176,93636,94976,98786,100276,103646,105346,108676,110406,113496,115116,118126,119986,122846,124256,126641,128996,131361,133751,136126,138546,139786,140991,143526,145891,148216,150606,153086,155456,157901]
resources/preprocessed/Interpolated/Jan_liegestuetzen1_13_10_2020_LeftArm.csv:[86710,89500,90890,94640,98620,101605,106555,110275,114145,118080,122340,125595,129000,133310,137390,141100,144990,148730,152775,156870,158760,161145,165225,168565,172235,176020,178785,180785,183745]
