resources/preprocessed/Interpolated/Lukas_liegestuetzen3_13_10_2020_RightArm.csv:[11011,11596,12381,13271,14126,15076,15726,16141,16761,17546,18166,18791,19436,20276,20911,21631,22356,22886,23761,24621,25236,25826,26131,26991,27616,27971,28421,28796]
resources/preprocessed/Interpolated/Lukas_liegestuetzen3_13_10_2020_Chest.csv:[11041,11596,12301,13006,13481,14116,15016,15701,16196,16821,17451,18156,18801,19431,20196,20851,21576,22256,23126,23731,24621,25261,25781,26341,26986,27916,28541]
resources/preprocessed/Interpolated/Lukas_liegestuetzen3_13_10_2020_Belly.csv:[11016,11606,12416,13106,13476,14146,14981,15746,16196,16821,17441,18056,18821,19481,20191,20811,21566,22261,22986,23641,24646,25211,25826,26251,26911,27711,28586]
resources/preprocessed/Interpolated/Lukas_liegestuetzen2_13_10_2020_RightArm.csv:[36040,36430,37055,37825,38790,39500,40225,41015,41760,42570,43275,43950,44340,45035,45970,46805,47760,48520,49360,50210,51145,51895,52805,53435,54425,55065,55985,56615,57540,58345,59375,60000,61200,61830,62545,62855,63655,64435,65190,65760,66105,66370,66900,67530,68325,68685,69080,69940,70565,71220,71845,72255,72730,73075,73900]
resources/preprocessed/Interpolated/Lukas_liegestuetzen2_13_10_2020_LeftArm.csv:[36050,36450,37155,37880,38600,39460,40085,41030,41290,41835,42630,43320,44435,45060,46075,46745,47355,47725,48420,49405,50110,50395,51130,51755,52840,53605,54270,55050,55975,56585,56840,57565,58295,59145,60065,61150,61855,62300,62560,62940,63715,64495,65285,65920,66255,66885,67535,68210,68615,69015,69920,70545,71175,71800,72585,73210,73640,73985]
resources/preprocessed/Interpolated/Lukas_liegestuetzen2_13_10_2020_Chest.csv:[36005,36450,37075,37875,38755,39465,40285,41045,41805,42580,43270,44340,45080,46100,46760,47450,47755,48420,49380,50210,51135,51770,52820,53455,54435,55060,55970,56585,57560,58220,59215,60000,61180,61830,62605,63040,63680,64280,65250,65515,65860,66350,66910,67540,68390,68655,69020,69910,70490,71245,71875,72535,73165,73500,73970]
resources/preprocessed/Interpolated/Lukas_liegestuetzen2_13_10_2020_Belly.csv:[36035,36525,37145,37885,38580,39520,40245,41060,41680,42600,43310,44345,45175,46115,46700,47785,48485,49465,50200,51165,51785,52840,53460,54375,55080,55975,56590,57615,58215,59370,59875,60645,61150,61785,62580,63015,63695,64330,65025,65315,65630,66090,66360,66910,67530,68250,68640,69085,69420,69955,70495,71190,71785,72155,72445,72785,73170,73435,73955]
resources/preprocessed/Interpolated/Lukas_liegestuetzen1_13_10_2020_Chest.csv:[38060,38815,39650,40340,41355,42030,43100,43950,44750,45665,46545,47425,48175,49175,50020,50930,51775,52805,53660,54735,55635,56710,57445,58405,59215,60305,61205,62270,62990,63960,64670,65950,66610,67745,68550,68815,69670,70620,71550,72235,73320,73960,75085,75715,75985,76770,77420,78555,79195,79445,80415,81080,81990,82405,82780,83040,83405,83850]
resources/preprocessed/Interpolated/Lukas_liegestuetzen1_13_10_2020_Belly.csv:[38000,38855,39590,40345,41185,42115,43040,43960,44795,45705,46465,47455,48260,49190,49995,50940,51865,52815,53665,54720,55585,56625,57365,58400,59230,60385,61215,62290,63020,63965,64675,65460,65985,66675,67750,68575,69685,70550,71610,72240,73355,73980,75065,75715,76825,77500,78565,79200,79900,80460,81095,81865,82250,82625,82910,83300,83605,83995]
resources/preprocessed/Interpolated/Jan_liegestuetzen3_13_10_2020_RightArm.csv:[34015,34485,34780,35110,35725,36260,36925,37685,38360,39215,39935,40590,41345,42005,42775,43465,44135,44880,45550,46175,46980,47610,48350,48600,49240,49785,50215,50840,51555,51860,52655,53440,53760,54060,54750,55415,55850,56290,56580]
resources/preprocessed/Interpolated/Jan_liegestuetzen3_13_10_2020_LeftArm.csv:[34000,34250,34530,34820,35205,35620,36185,37010,37635,38440,39240,39960,40585,41360,42030,42775,43440,44145,44885,45645,46275,46905,47685,48325,48650,49270,50330,51030,51575,51890,52790,53415,53670,54160,54810,55450,55930,56405,56750]
resources/preprocessed/Interpolated/Jan_liegestuetzen3_13_10_2020_Belly.csv:[34045,34560,34820,35140,35445,35705,36240,37085,37710,38630,39115,39865,40545,41340,41910,42795,43375,44175,44835,45505,46130,46930,47610,48115,48515,49160,49845,50335,50960,51585,52045,52670,53260,53690,54200,54700,55315,55590,56275,56995]
resources/preprocessed/Interpolated/Jan_liegestuetzen2_13_10_2020_RightArm.csv:[16996,17641,17981,18341,18606,19381,20031,20736,21476,22101,22641,23321,24151,24841,25496,26126,26756,27521,28156,28866,29316,30201,30996,31621,32376,32996,33736,34366,35336,35961,36811,37436,38591,39216,39946,40851,41461,41951,42581,43326,43881,44506,45191,45496,46266,46901,47541,48171,48491,48876,49296,49816,50136,50466,50721]
resources/preprocessed/Interpolated/Jan_liegestuetzen2_13_10_2020_Chest.csv:[17046,17391,17766,18241,18676,19326,20076,20781,21491,22116,22801,23476,24126,24826,25456,26081,26766,27391,28151,28891,29546,30176,30986,31601,32376,33006,33756,34421,35256,35981,36826,37451,38596,39216,39781,40141,40771,41451,41956,42591,43256,43556,43886,44516,45146,45841,46216,46901,47571,48111,48836,49121,49471,50006,50271,50761]
resources/preprocessed/Interpolated/Jan_liegestuetzen2_13_10_2020_Belly.csv:[16996,17266,17666,17921,18656,19286,20051,20756,21436,22141,22796,23421,24141,24761,25436,26091,26731,27396,28186,28821,29561,30181,30946,31581,32391,32996,33796,34421,35321,35946,36826,37471,38156,38546,39081,39691,40151,40421,40766,41391,42001,42581,43216,43481,43831,44521,45126,45381,45796,46106,46826,47571,48101,48456,49356,49986,50321,50941]
resources/preprocessed/Interpolated/Andre_liegestuetzen3_13_10_2020_RightArm.csv:[30998,31348,32343,33218,33863,34788,35593,36378,37203,38013,38743,39553,40358,41268,41993,42928,43698,44648,45393,46443,47068,48113,48998,50098,50553,51183,52273,52623,53268,54678,54978,55643,56193,56618,57098,57953,58643,59078,59368,59808,60713,61428,61808,62288,62588,62918,63468,64058,64328,64678,64973,65418]
resources/preprocessed/Interpolated/2020-07-02_14.20.28_RightArm.csv:[62007,62335,62627,62891,63243,63795,64367,64951,65511,65995,66451,66951,67591,68091,68723,69223,69731,70343,70883,71171,71483,72059,72343,72847,73251,73519,74019,74459,74731,75043,75691,75979,76479,77079,77359,77911,78807,79395,79943,80239,80923,81443,81775,82111,82679,83275,83623,84007]
resources/preprocessed/Interpolated/2020-07-02_14.20.28_Belly.csv:[62063,62343,62659,63003,63275,63755,64427,64927,65483,65959,66607,67119,67767,68275,68891,69391,69987,70487,71131,71631,72331,72883,73503,74003,74683,75207,75963,76451,77331,77939,78839,79331,80279,80895,82067,82631,83999]
resources/preprocessed/Interpolated/2020-07-02_14.14.32_RightArm.csv:[32003,32435,32939,33451,33991,34563,35063,35811,36403,36803,37143,37651,38415,38923,39667,40171,40991,41535,42043,42383,42955,43735,44243,44923,45751,46219,47015,47551,47871,48443,48943,49207,49795,50371,50643,51215,51779,52083,52623,53179,53507,54015,54667,54999,55499,56171,56455,57051,57855,58731,59235,59679,59967,60543,61099,61575,61875,62619,63183,63531,63991,64383,64955]
resources/preprocessed/Interpolated/2020-07-02_15.13.22_LeftArm.csv:[23031,23499,23999,24351,24699,25199,25511,26335,26599,26923,27235,27915,28363,29191,30223,31223,32123,32443,32955,33227,34139,34495,34835,35343,36295,36599,37367,37831,38727,39115,39615,40095,40411,41063,41383,41887,42179,42507,42783,43163,43591,44423,44971,45423,46019,46283,46571,47067,47495,48035,48407,48847,49363,49871,50127,50639,50931,51231,51731,52027,52715,53111,53623,53963,54299,54735,55319,55819,56139,56427,56899,57203,57547,57963,58303,58599,59279,59663,60083,60579,61251,61763,62127,62447,62707,63203,63595,64107,64619,65183,65683,66019]
resources/preprocessed/Interpolated/2020-07-02_14.14.32_Belly.csv:[32003,32279,32563,33055,33499,33987,34627,35127,35831,36399,37115,37663,38379,38947,39655,40227,41007,41519,42315,42835,43743,44307,45103,45671,46459,47047,47823,48431,49227,49751,50651,51187,52039,52623,53475,54027,54919,55447,56447,57015,58155,58675,59971,60567,61135,61951,62567,63263,64411,64975]
resources/preprocessed/Interpolated/2020-07-02_14.59.59_RightArm.csv:[74003,74391,74899,75527,76219,76507,77243,77603,78615,78943,79667,79951,80223,80751,81127,81411,82015,82303,82603,83099,83507,83879,84387,84895,85627,85915,86763,87123,88143,88411,88683,89195,89535,90027,90547,90895,91279,92011,93139,93519,93831,94431,94767,95279,95899,96311,96763,97303,97971,98315,98747,99119,99835]
resources/preprocessed/Interpolated/2020-07-02_14.20.28_Chest.csv:[62015,62347,62663,62971,63259,63763,64411,64931,65495,66051,66651,67183,67811,68279,68895,69399,70035,70531,71163,71667,72375,72891,73543,74043,74723,75259,75959,76507,77367,77939,78811,79391,80343,80931,82131,82699,83403,83995]
resources/preprocessed/Interpolated/2020-07-02_14.07.33_RightArm.csv:[7017,7465,7965,8397,9001,9561,10061,10849,11509,12253,12761,13513,14137,14841,15425,16141,16757,17453,17961,18265,18685,19185,19973,20605,21405,21969,22829,23401,23897,24213,24717,25245,25565,26077,26597,26865,27373,28033,28333,28837,29493,29845,30353,30913,31249,31769,32337,32673,33161,33457,33765,34161,34681,35265,35605,36101,36757,37061,37609,38233,38597,39113,39741,40205,40513,41305,41653,41925,42425,42925,43245,43549,44093]
resources/preprocessed/Interpolated/Lukas_liegestuetzen1_13_10_2020_RightArm.csv:[38030,38820,39635,40340,40925,41250,42020,42785,43200,43920,44760,45680,46445,47390,48160,49025,49390,50020,50950,51770,52705,53770,54690,55010,55640,56720,57455,58400,59215,60355,61245,62120,62910,64030,64660,65975,66660,67730,68535,69610,69935,70620,71545,72370,73325,74010,75085,75715,75985,76735,77580,78540,79190,79455,80435,81100,82095,82365,82620,83055,83600,83850]
resources/preprocessed/Interpolated/2020-07-02_14.07.33_Belly.csv:[7005,7429,7693,8369,8977,9649,10229,10897,11529,12225,12733,13533,14109,14841,15385,16165,16689,17433,17965,18737,19273,20021,20589,21413,21925,22841,23381,24177,24693,25533,26041,26853,27417,28305,28869,29789,30329,31181,31701,32633,33133,33985,34577,35541,36089,37069,37569,38509,39105,39625,40189,40725,41225,41909,42417,42985,43357,43957]
resources/preprocessed/Interpolated/2020-07-02_13.00.09_RightArm.csv:[27007,27363,27851,28347,28615,28883,29599,30343,30919,31587,32191,32523,33315,33687,34119,34371,34751,35099,35379,36079,36583,37003,37619,37939,38803,39187,39959,40603,40955,41251,42035,42675,43031,43823,44235,44731,45295,45567,46615,47263,47739,48475,48967,49599,49883,50615,50919,51307,51883,52335,52911,53519,53959,54243,54891,55231,55543,56107,56371,56867,57503,58023,58459,59043,59403,59779,60127,60431,60735,61263,61559,61867,62407]
resources/preprocessed/Interpolated/Jan_liegestuetzen3_13_10_2020_Chest.csv:[34010,34425,34850,35170,35550,36230,37065,37690,38470,39170,39965,40595,41255,41885,42840,43515,44145,44770,45580,46205,47060,47685,48635,49260,49815,50350,51045,51570,52055,52685,53470,53735,54135,54800,55415,55895,56455,56760]
resources/preprocessed/Interpolated/2020-07-02_14.20.28_LeftArm.csv:[61995,62307,62751,63227,63731,64403,64903,65463,65715,65967,66351,66851,67347,67691,68079,68599,68891,69203,69723,70063,70319,70867,71459,72047,72371,72647,73231,73511,73831,74419,74923,75267,75663,75939,76443,77047,77311,77883,78527,79383,79999,80287,80875,81403,81935,82711,83523,83931]
resources/preprocessed/Interpolated-Revised/Jan_liegestuetzen1_13_10_2020_edited_Belly.csv:[72001,72261,72531,73227,73838,74458,75084,75774,76410,77161,77641,78257,79048,79673,80339,80960,81570,82286,82957,83562,84238,84839,85539,86135,86760,87461,87957,88587,89218,89849,90409,91040,91720,92331,93067,93577,94363,94959,95674,96280,97076,97696,98622,99228,99788,100274,100915,101545,102101,102686,103212,103622,103968,104593,105204,105634,105940,106265,106836,107401,107686,108102,108582,108958,109538,109828,110134,110449,110759,111120,111520,111946,112676,113307,113838,114498,114808]
resources/preprocessed/Interpolated/2020-07-02_12.50.00_LeftArm.csv:[16035,16291,16755,17191,17935,18215,18715,19063,19343,19927,20391,20903,21159,21911,22283,22799,23299,23599,23987,24491,24975,25323,25631,26131,26519,27007,27263,27687,28195,28523,29063,29339,30479,31083,31431,31723,32367,33043,33387,33759,34067,34459,34775,35111,35607,35935,36639,37375,37779,38079,38435,38839,39539,40031,40459,40807,41147,41879,42371,43271,43987,44243,44679,45083,45391,46179,46655,46907,47815,48727,49139,49555,50207,50483,51259,51731,52023,52731,53119,53563,54131,54467,54799,55591,55959,56731,57031,57383,57635,58051,58423,58899,59355,59655,60631,60899,61347,61611,61895,62259,62623,62927]
resources/preprocessed/Interpolated/2020-07-02_13.00.09_Chest.csv:[26999,27363,27779,28435,29431,30367,31379,32271,32987,34131,34883,36003,37147,38051,38887,39991,40655,41319,42047,42995,44123,44751,45367,46527,47267,47571,48751,49459,49911,50871,51147,51947,52271,52595,53927,54951,55319,56007,56775,57527,57923,58239,58719,59127,59663,60239,60899,61247,61587,62067,62395]
resources/preprocessed/Interpolated/2020-07-02_12.50.00_Chest.csv:[16019,16335,16699,16971,17379,17887,18199,18695,19327,19915,20227,20527,21179,22299,23023,23307,23567,24191,24547,25291,25543,26339,27367,28191,28587,29123,29403,30455,31147,31431,32423,33119,33499,34495,35315,35683,36691,37419,37759,38887,39595,40059,40383,41215,42031,42311,43275,44067,44403,44667,45519,46347,46731,47031,47879,48851,49283,50339,51323,51659,51939,52699,53099,53587,54207,54531,54815,55515,55791,57091,57611,57919,58243,58575,59079,59667,60631,61083,61735,62043,62683,62995]
resources/preprocessed/Interpolated-Revised/Jan_liegestuetzen1_13_10_2020_edited_LeftArm.csv:[72001,72316,73177,73797,74418,75149,75769,76270,76916,77596,78217,78978,79663,80344,80965,81575,82196,82862,83557,84173,84844,85504,86120,86730,87356,88052,88682,89218,89844,90529,91135,91605,92286,93047,93672,94358,95014,95649,96325,97146,97771,98602,99213,99824,100274,100895,101640,102061,102686,103282,103672,104103,104618,105239,105569,105835,106250,106810,107411,107786,108307,108662,109218,109583,109874,110339,110689,110995,111770,112416,112867,113492,113958,114213,114578,114839]
resources/preprocessed/Interpolated-Revised/Jan_liegestuetzen1_13_10_2020_edited_RightArm.csv:[72001,72686,73207,73833,74463,75119,75744,76415,77041,77736,78352,78958,79583,80239,80920,81620,82236,82857,83517,84223,84849,85449,86070,86831,87291,87937,88567,89268,89954,90584,91105,91690,92316,92952,93582,94353,94974,95679,96295,97116,97746,98582,99208,99798,100274,100900,101735,102051,102676,103252,103727,104048,104663,105214,105589,105870,106270,106891,107426,107766,108252,108622,108978,109523,109879,110229,110484,110779,111230,111725,112106,112731,113302,113597,113953,114248,114573,114979]
resources/preprocessed/Interpolated/Andre_Squats2_13_10_2020_Belly.csv:[47555,48260,49320,50060,50375,51575,52335,52710,53790,54555,54900,56185,56820,57205,57475,58460,59205,59550,59850,60885,61590,61955,62210,63260,63965,64290,64540,65555,66135,66880,67615,69060,70290,70690,71765,72055,72945,73705,73955,74245,74965,76375,77150,77575,78010,78355,79900,81815,82740,83315,84120,84735,85680,86850,88500,89405,90790,91145,91770,93025,94025,95625,96515,96830,97285,97630,98780,99600,99880,101095,102765,103700,104120,104390,104695,105475,105750,106625,106995,107375,107945,108245,109595,110720,111570,112890,113560,114040,114475,114850,115235,115670,116685,118215,118780,119840,120145,120520,120795,121060,122450,123305,123780,124740,125115,125510,126225,127015,128190,128475,128795,129675,130115,131550,132215,132660,133105,133450,134950,135985,136790,137570,139435,140620,141345,142320,143205,144160,145520,146450,147075,148995,149285,150200,150455,150750,151040,151405,151680,152565,153680,154960,155545,156525,157300,157665,158440,159580,160045,160455,160780,161130,161580,162030,162285,162930,163250,163535,164465,165120,165605,166260,166980,167270,168190,168485,169320,169710,170130,170735,171540,172280,173350,173720,174665,175330,175605,176375,177020,178250,179545,180335,181285,182210,183030,184470,185125,185430,186310,186965,187290,188080,188365,189415,190160,190510,191275,191980,193070,194325,194970,195330,196050,197055,198010,199405,200100,200875,201400,201735,202690,203885,204505,205400,206135,206455,207400,208955,209600,210205,210805,211180,212100,213200,213495,213815]
resources/preprocessed/Interpolated/2020-07-02_13.00.09_Belly.csv:[27011,27367,27799,28443,29415,30375,31439,32259,32903,34123,34811,35267,36015,36635,37179,38075,38851,40011,40631,41023,42079,43015,44075,44771,45267,46487,47279,48735,49471,49927,51159,51859,52283,52663,53743,54135,55019,56039,56791,57487,57983,58351,59015,59659,60179,60563,61067,61523,61963,62383]
resources/preprocessed/Interpolated/2020-07-02_14.14.32_LeftArm.csv:[32003,32511,32947,33455,33959,34571,35071,35835,36367,37095,37603,38087,38399,38947,39527,40231,40791,41055,41559,42295,42927,43699,44295,44839,45123,45631,46179,46443,46991,47595,47879,48383,48903,49195,49731,50331,50583,51235,51743,52071,52567,53143,53415,53931,54631,54927,55415,56111,56371,57087,57859,58163,58735,59199,59583,59915,60507,61475,62127,62535,63367,63807,64119,64503,64907]
resources/preprocessed/Interpolated-Revised/Jan_liegestuetzen1_13_10_2020_edited_Chest.csv:[72001,72676,73212,73828,74463,75094,75719,76455,77076,77741,78367,79033,79703,80294,80910,81600,82221,82877,83527,84223,84844,85459,86080,86821,87436,88037,88662,89263,89879,90539,91120,91675,92401,93027,93647,94353,94984,95684,96300,97081,97761,98592,99223,99803,100234,100855,101595,102096,102696,103267,103762,104043,104663,105214,105754,106225,106846,107401,107852,108152,108402,108702,109223,109513,109944,110194,110459,110814,111140,111775,112681,113467,113858,114523,114979]
resources/preprocessed/Interpolated/2020-07-02_11.17.39_Belly.csv:[58227,58795,59559,60063,60731,61435,62327,63131,64171,64899,65759,66543,67435,68227,69115,69915,70879,71687,72283,72683,73415,74587,75295,76219,77107,77651,78059,78911,79807,80819,81871,82723,83407,83715,84667,85631,86479,87135,87755,88419,88871,89151,89687,90039,91043,91583,91863,93211,93899,94283,95263,95623,96163,96751,98119,98851,99227,99479,100103,100719,101631,101903,102531,102803,103415,103915,104379,104879,105371,105839,106215,106927,107703,108139]
resources/preprocessed/Interpolated/Andre_liegestuetzen3_13_10_2020_Chest.csv:[30998,31443,32333,33208,33898,34818,35568,36468,37213,38068,38728,39718,40373,41293,42013,43053,43683,44643,45373,46393,47203,48113,48968,50328,51198,52263,52558,53263,54608,55598,56613,57033,57923,58983,59263,59558,60708,61578,62108,63368,64428,64708,64983,65333]
resources/preprocessed/Interpolated/2020-07-02_11.17.39_Chest.csv:[58227,58515,58931,59511,60007,60763,61439,62351,63123,64135,64903,65711,66551,67467,68215,69131,69891,70867,71743,72719,73491,74499,75311,76279,77095,78095,78931,80043,80799,81859,82687,83331,83603,83903,84643,85707,86471,87191,87763,88407,88871,89175,89903,91019,91675,92139,93219,94307,95179,95603,96131,96415,96811,97815,98095,98851,99163,99479,100699,101619,102275,103411,104035,104591,104843,105499,106207,106915,107167,107767,108139]
resources/preprocessed/Interpolated/2020-07-02_11.17.39_LeftArm.csv:[58227,58595,58847,59419,59951,60455,60751,61191,61695,62099,62447,63171,64099,64871,65375,65763,66483,66895,67155,67491,67943,68211,68711,69083,69611,69871,70567,70819,71715,72219,72727,73347,73715,73995,74331,75023,75283,76243,76811,77303,77755,78059,78347,78635,79119,79999,80779,81291,81695,82067,82679,83359,83699,84323,84663,85583,86227,87259,87603,88303,88799,89187,89899,90759,91683,92075,92991,94295,95271,95595,96179,96631,97711,98035,98403,99023,99367,100375,100671,101051,101647,101907,102283,102663,103423,103923,104511,104883,105215,105547,105931,106387,106735,107007,107407,107747,108139]
resources/preprocessed/Interpolated/2020-07-02_14.59.59_Belly.csv:[73999,74427,74919,75203,75695,76215,77239,77739,78619,79023,79547,79979,80851,81119,81867,82219,82531,83219,83539,83811,84315,85695,86159,86683,86991,87995,88291,88563,89127,89455,90047,90651,91115,91687,92075,92447,92771,93143,93531,94339,94887,95211,95895,96315,96731,97415,98055,98767,99143,99547,99995]
resources/preprocessed/Interpolated/Andre_Squats_13_10_2020_LeftArm.csv:[61001,61321,61851,62116,63051,63741,64241,64621,66446,68136,68671,69031,69786,70066,70576,71651,72111,72896,74066,75186,76941,78331,79251,79991,80626,81071,82101,83301,84311,84946,85571,86991,88296,88916,89416,90111,91256,92141,93221,94016,94891,95516,95966,96921,97401,98531,99146,99566,99826,100691,100991,102231,103421,104366,105046,107151,108331,109021,110191,111136,112211,113201,114456,114911,115896,116861,118001,118681,119196,119791,121481,122761,123306,123806,124306,124851,126161,126876,127126,127411,127756,128541,129271,129666,129926,130831,131571,131916,132496,133286,133981,134281,134826,135581,136376,136676,137181,137931,138676,139076,139531,140441,141151,141601,142116,142986,143606,144051,144421,145386,146141,146401,146676,147756,148446,148726,149146,149996,150626,151156,151671,152391,153211,153621,154171,154921,155636,156016,156331,157356,158141,158481,158991]
resources/preprocessed/Interpolated/2020-07-02_14.07.33_Chest.csv:[7005,7437,7709,8409,8961,9633,10209,10849,11501,12217,12749,13569,14169,14861,15413,16169,16669,17429,18029,18729,19253,20009,20593,21429,22009,22841,23445,24193,24733,25541,26045,26885,27481,28313,28893,29805,30369,31197,31741,32677,33181,34085,34653,35561,36069,37085,37609,38553,39121,39673,40265,40757,41317,41949,42457,43049,43385,44065]
resources/preprocessed/Interpolated/2020-07-02_11.17.39_RightArm.csv:[58235,58575,59075,59343,59919,60355,60815,61415,61695,62363,63203,63719,63999,64287,64843,65155,65667,66227,66723,67359,67931,68291,69019,69611,69919,70623,71011,71679,72319,72675,73187,73675,73935,74315,75031,75351,75619,76019,76815,77159,77663,78091,78639,78959,79987,80495,80831,81759,82751,83263,83643,83903,84323,84647,85079,85707,86235,86747,87215,87799,88311,88799,89143,89523,89971,90655,91003,91871,92803,93191,93959,94347,94635,95279,95819,96343,96799,97743,98059,98859,99163,99483,100403,100911,101627,102371,102691,103403,104011,104339,104775,105267,105535,106019,106363,106671,107091,107739,108103]
resources/preprocessed/Interpolated/2020-07-02_14.59.59_Chest.csv:[74143,74395,74947,75651,76279,76659,77199,77695,78591,79027,79527,79899,80819,81119,81399,81903,82263,83287,83851,84435,85699,86135,86727,87091,88115,88655,89171,89483,90671,91079,91763,92071,92623,93207,93507,93819,94391,94751,95287,95903,96371,96747,97307,97615,98115,98791,99291,99695,99967]
resources/preprocessed/Interpolated/2020-07-02_14.59.59_LeftArm.csv:[73999,74499,74999,75291,75987,76279,76583,76943,77215,77771,78379,78779,79603,80059,80815,81091,81419,81915,82167,82423,83263,83823,84515,84851,85671,85963,86307,86703,87331,87647,88139,88479,89167,89503,90031,90695,91079,91991,92611,93171,93551,93887,94387,94703,95203,95699,96187,96743,97419,98147,98611,98959,99303,99787]
resources/preprocessed/Interpolated/2020-07-02_12.50.00_RightArm.csv:[16007,16419,16919,17315,17831,18107,18419,18695,19359,19859,20187,20559,21211,21807,22359,22811,23307,23635,24011,24507,25147,25455,26127,26399,27027,27415,28271,28655,29103,29455,29799,30219,30579,31099,31419,31775,32383,33079,33471,33879,34183,34559,35143,35623,35903,36699,37399,37743,38183,38543,38899,39547,40043,40295,41151,41571,41895,42295,42583,42975,43343,44019,44271,44667,45519,46451,46707,47031,47531,47855,48115,48859,49267,49659,49959,50315,50579,51267,51679,51959,52467,52803,53111,53503,54147,54523,54811,55579,56043,56387,56767,57051,57883,58295,58547,58879,59391,59807,60327,60639,61071,61731,62119,62627,62947]
resources/preprocessed/Interpolated/Andre_liegestuetzen1_13_10_2020_RightArm.csv:[17051,17451,18316,19186,20121,20971,22021,22656,23556,24376,25086,26056,26781,27631,28566,29411,30041,30961,31766,32641,33276,34246,34876,35726,36536,37446,38221,39086,39726,40626,41401,42406,43031,44051,44676,45761,46381,47416,48286,49296,49901,50806,51651,52936,53586,54716,55591,56516,56871,57731,58436,58806,59096,60061,60866,61426,61726,62261,63086,63951,64391,64736,65721,66481,66771]
resources/preprocessed/Interpolated/Andre_liegestuetzen2_13_10_2020_Belly.csv:[39996,41136,42081,42801,43611,44376,45201,46001,46911,47741,48616,49416,50286,51061,52136,52776,53756,54496,55606,56281,57391,58101,59241,59891,61086,61731,63051,63726,64876,65726,67056,67861,69281,70096,70801,71671,72591,73401,74321,75391,76146,76556,77356,78196,78696,79336,79666,79956]
resources/preprocessed/Interpolated/2020-07-02_15.13.22_Belly.csv:[23003,23411,23663,23915,24271,24707,25263,25547,26435,27195,28287,29111,30263,31123,32375,33167,34511,35223,36371,36775,37455,37723,38615,38971,39567,40079,40431,41019,41851,42239,42759,43391,43847,44355,44935,45439,46099,46503,46991,47367,47983,48631,48955,49283,49807,50271,50671,51331,51759,52143,52663,52931,53623,54395,54815,55159,55795,56175,56479,56911,57791,58303,58639,59171,59683,60171,60667,60987,61483,61991,62539,63039,63407,63915,64239,64535,64847,65139,65571,66063]
resources/preprocessed/Interpolated/2020-07-02_15.13.22_RightArm.csv:[23071,23423,23795,24067,24643,25395,26179,26579,27199,27899,28231,29055,29755,30151,31127,32059,32431,33151,34111,34599,35107,36279,36575,36827,37391,37651,38679,39051,39571,39867,40535,40987,41331,41843,42095,42427,43271,43591,44403,44703,45427,46051,46571,47067,47335,47995,48455,48971,49391,49895,50647,50927,51219,51787,52055,52643,53091,53591,53863,54411,54751,55275,55939,56251,56575,56891,57263,57707,58151,58627,59331,59671,60043,60443,60731,61195,61723,62011,62503,63011,63475,63855,64187,64655,65295,65619,66023]
resources/preprocessed/Interpolated/2020-07-02_15.13.22_Chest.csv:[23035,23443,23915,24687,25631,26463,27223,28355,29039,30235,31235,32099,32435,33259,34279,34587,35211,36359,36759,37427,38027,38663,39007,39591,40063,41051,41403,41903,42347,43351,43831,44335,44783,45427,46063,46459,46959,47343,47987,48687,48959,49383,49895,50227,50815,51419,51807,52087,52591,52935,53647,54395,54767,55299,55903,56187,56543,56943,57247,57735,58271,58623,59303,59715,60131,60571,61459,62119,62507,63219,63483,63879,64139,64391,64759,65283,65611,65939]
resources/preprocessed/Interpolated/Andre_liegestuetzen1_13_10_2020_Belly.csv:[16996,17351,18331,19211,20061,21101,21831,22706,23466,24461,25211,26076,26806,27761,28576,29436,30146,31021,31676,32626,33291,34141,34951,35906,36566,37486,38231,39096,39731,40636,41451,42346,43021,44061,44736,45736,46441,47406,48141,49261,49901,50981,51656,52911,53571,54841,55581,56221,56556,56986,57726,58391,59141,60036,60761,61086,61536,62021,63076,63751,64026,64376,64836,65766,66491,66996]
resources/preprocessed/Interpolated/2020-07-02_15.31.36_Belly.csv:[72271,73003,73355,73767,74163,74455,74735,75143,75427,75719,76143,76595,77035,77339,77731,78071,78483,78979,79387,79975,80295,80615,81299,81859,82347,82663,83211,83567,84251,84639,85267,85991,86391,86911,87731,88731,89763,90111,90987,91511,92287,92899,93171,93659,94307,94599,95331,96899,97399,97683,98187,98827,99191,100055,100491,101111,101495,102083,102387,102887,103171,103675,104051,104787,105451,105995,106371,106735,107307,107963,108251,108763,109083,109343,109839,110283,110711,111023,111467,111823,112079,112671,113499,113975]
resources/preprocessed/Interpolated/Jan_liegestuetzen2_13_10_2020_LeftArm.csv:[16996,17346,17796,18226,18591,18851,19381,19966,20776,21491,22116,22776,23481,24106,24781,25421,26136,26721,27491,28116,28826,29531,30156,30796,31571,32461,33061,33796,34416,35321,35981,36796,37531,38621,39246,39766,40166,40791,41476,42061,42686,43241,43536,43951,44576,45141,45436,45696,46241,46866,47561,48196,48461,49041,49426,49781,50051,50346,50961]
resources/preprocessed/Interpolated/2020-07-02_15.31.36_Chest.csv:[72271,72747,73095,73523,74175,74719,75375,75971,76255,76531,76835,77135,77599,77911,78275,78655,79047,79515,79851,80347,81311,81947,82407,82735,83235,84279,84647,84995,85379,85903,86247,86815,87939,88811,89731,89999,91067,92279,92883,93159,94167,94583,95123,95439,96559,96859,97443,98787,99231,100107,101071,101327,102115,102371,102999,103619,104047,104719,106015,106403,106707,107411,108047,108303,108779,109131,109859,110155,110787,111519,111771,112119,112947,113451,113975]
resources/preprocessed/Interpolated/Andre_Squats_13_10_2020_RightArm.csv:[60996,61286,61841,63081,63701,64231,64576,66346,68031,68376,68631,68906,69796,70211,70676,71631,72551,73001,73796,75296,75621,76931,78281,78986,79366,79976,80446,81441,82151,83321,83956,84266,84881,87061,88371,88836,89381,90006,91051,92051,93251,93996,94611,94901,95591,97321,98506,98786,99361,99761,100421,102216,103536,104421,105196,105576,107181,108221,109041,109391,110231,110981,111296,112111,113181,113686,114051,114446,114986,116831,117951,118526,118881,119256,119891,121521,122651,123336,123851,124271,124886,125346,126131,126846,127176,127746,128491,129276,129761,130081,130786,131651,132036,132561,133331,133961,134306,134696,135581,136391,136721,137216,137971,138751,139096,139656,140426,141166,141576,142081,142941,143646,144046,144346,145306,145996,146421,146671,147741,148461,148906,149226,149966,150851,151146,151591,152476,153191,153641,154206,154931,155641,155991,156461,157256,158081,158476,158876]
resources/preprocessed/Interpolated/2020-07-02_14.14.32_Chest.csv:[32039,32567,32935,33499,34019,34615,35143,35839,36391,37123,37687,38427,38963,39699,40251,41019,41599,42339,42967,43755,44347,45115,45683,46463,47071,47887,48475,49247,49819,50683,51219,52123,52631,53483,54067,54991,55507,56479,57159,58179,58759,60003,60559,61279,61983,62631,63391,63715,64499,64995]
resources/preprocessed/Interpolated/2020-07-02_15.31.36_LeftArm.csv:[72271,72587,72895,73443,74227,74731,75511,76127,76627,76971,77283,77543,77955,78231,78587,78959,79795,80079,80575,81271,81579,81939,82395,82679,83179,83679,84023,84275,84639,85103,85375,85679,86031,86371,86839,87695,88783,89575,89987,90295,90963,91271,91835,92283,92895,93239,94171,94655,95155,95651,95935,96347,96683,97179,97559,98295,98787,99227,99735,100963,101307,101599,102087,102495,103047,103623,104119,104615,105111,105531,105983,106367,106667,107147,107447,108039,108803,109179,109503,109843,110771,111039,111403,111691,112099,112899,113399,113875]
resources/preprocessed/Interpolated/2020-07-02_15.31.36_RightArm.csv:[72271,72559,72899,73155,73407,73879,74443,74955,75443,75775,76063,76627,76927,77491,77963,78251,78535,78915,79183,79623,80063,80515,81331,81611,82131,82443,82991,84163,84463,84899,85247,85583,85899,86243,86503,86839,87555,87951,88251,88787,89675,90023,90319,90763,91195,91879,92359,92863,94079,94407,95107,95399,96343,96851,97627,98271,98807,99163,99663,100235,100535,101079,101335,102107,102543,103035,103355,103855,104187,104535,104867,105131,105887,106387,106819,107351,107643,107999,108299,108783,109167,109419,110251,110615,110979,111483,111763,112127,112895,113395,113779]
resources/preprocessed/Interpolated/Andre_Squats2_13_10_2020_Chest.csv:[47550,48375,49325,50065,50370,51660,52285,52730,53840,54535,54895,56115,56815,57200,57500,58510,59185,59560,59915,60895,61585,61940,62265,63285,63915,64300,65555,66090,67600,69015,70350,70660,72085,72960,73645,73990,75025,76480,77575,78320,79895,81180,81825,82690,83350,84100,84715,85615,86905,88535,89880,90725,91005,91570,93005,93975,95635,96515,96940,97465,98580,99950,100345,101060,102760,103825,104690,105780,106580,106895,107330,107975,108555,109595,110935,111780,112785,114055,114475,114940,115610,116675,118160,118890,119890,120580,122460,123325,123940,124625,125050,125515,127035,128175,128450,129680,130190,131565,132210,132655,133080,133435,134905,136080,136795,137575,138575,139480,140625,141370,142335,144265,145485,146445,147090,148940,149350,150550,150845,151410,151675,152710,153645,154965,155780,156505,157350,157640,158445,159585,160250,160785,161135,161395,161790,162290,163220,164475,165135,165600,166270,166965,167285,168185,169395,169695,170040,170380,170770,171530,172265,173335,173615,174660,175590,176370,177005,178395,179540,180330,181260,182200,183035,184485,185165,185435,186315,186940,188200,189445,190525,191265,191955,192205,193135,194505,195355,196055,196760,197060,198025,199400,200110,200870,201660,201915,202695,203885,204510,205425,206160,206435,207395,208940,209560,210185,210820,211185,212075,213570,213820]
resources/preprocessed/Interpolated/2020-07-02_14.07.33_LeftArm.csv:[7005,7465,7825,8429,8929,9613,10197,10957,11469,12157,12657,13277,13561,14161,14809,15441,16165,16665,17145,17409,17913,18753,19317,20001,20505,21397,21909,22513,22829,23441,24157,24661,25237,25509,26017,26577,26861,27365,28009,28289,28921,29469,29761,30337,30905,31165,31661,32321,32609,33097,33745,34529,35229,35493,36005,36713,37057,37553,38185,38485,39085,39701,40065,40737,41265,41577,41869,42485,42885,43333,43617,44017]
resources/preprocessed/Interpolated/Andre_Squats2_13_10_2020_RightArm.csv:[47500,48145,49255,50100,50350,50610,51655,52360,52715,53125,53785,54545,54890,56125,56820,57190,57765,58510,59155,59585,59945,60890,61515,61960,62270,63170,63950,64280,64540,65525,65940,66770,67115,67445,68025,68725,69145,70290,70545,70970,72100,72945,73585,74215,74875,76525,77525,78240,79820,81005,81260,81790,82450,82805,83430,84245,84595,85225,85585,85850,86935,88380,89295,89655,89945,90725,91065,91585,92115,92560,92905,94005,94610,95650,96425,96825,97540,97925,98535,99215,99600,100420,101075,102045,102815,103440,103805,104295,104765,105425,105810,106405,106925,107180,108090,108535,109165,109560,110115,110635,111545,111835,112675,113775,114080,114415,115205,116500,116790,117365,118180,118835,119835,120235,120670,122060,122605,123015,123480,123920,124695,125010,125615,126595,126970,127245,127535,127845,128195,128710,129725,130000,130290,131495,132345,133120,133445,134855,135990,136665,137605,138285,139335,140585,141370,141685,142375,142715,143020,144200,145510,146425,147205,149025,150170,150985,151600,152050,153710,155025,155545,155855,156580,157080,157430,158470,159570,160080,160445,160740,161080,161415,161795,162285,162980,164005,164460,164845,165200,165625,166315,167020,167360,168210,169400,169965,170225,170740,170995,171375,172190,173315,174210,174610,175185,175520,175900,176160,176775,177240,177885,178250,179500,180040,180500,180825,181320,181900,182225,183010,184430,185195,185480,185780,186365,186980,188085,189650,190665,191320,193180,194280,194925,195330,195690,196130,196770,197835,198840,199490,200525,201020,201290,201590,201855,202480,203015,203940,204510,205090,205455,205945,206495,207380,208140,209000,209615,210210,210835,211215,212055,213265,213610,213870]
resources/preprocessed/Interpolated/Andre_liegestuetzen1_13_10_2020_LeftArm.csv:[17001,17366,18281,19151,19996,21091,21731,21991,22746,23526,24496,25126,26166,26791,27756,28576,29296,30136,30836,31681,32601,33321,34181,34806,35781,36591,37561,38201,39096,39721,40771,41426,42326,43106,44066,44711,45671,46471,47376,48176,49256,49866,50976,51611,52956,53676,54546,54931,55626,56676,57746,58476,59211,60091,60761,61201,61571,62086,63101,63831,64111,64446,64826,65686,66571,66896]
resources/preprocessed/Interpolated/2020-07-02_13.00.09_LeftArm.csv:[27031,27403,27763,28183,28631,28959,29295,29639,30039,30291,30547,30871,31503,31891,32295,32555,33123,33743,34143,34467,35055,35711,35987,36683,37215,37615,38339,38923,39651,40023,40371,40695,41031,41751,42039,42379,42771,43031,43827,44183,44875,45171,45531,46339,46595,46927,47523,47855,48471,48983,49239,49959,50799,51199,52059,52515,53499,53915,54319,54971,55231,55931,56371,56727,57043,57559,57939,58283,58643,58935,59279,59691,60351,60855,61363,61627,62059,62367]
resources/preprocessed/Interpolated/Andre_liegestuetzen3_13_10_2020_LeftArm.csv:[30998,31383,32313,33248,33888,34853,35658,36518,37153,38098,38763,39643,40363,41233,42018,43048,43673,44558,45353,46433,47158,48198,48928,49668,50183,51273,52328,53363,54768,55598,56248,56578,57078,57913,58468,58778,59103,59423,59978,60753,61618,61998,62448,63313,63988,64283,64618,64953,65398]
resources/preprocessed/Interpolated/Lukas_liegestuetzen1_13_10_2020_LeftArm.csv:[38015,38395,38660,38985,39680,40200,40820,41170,42070,42775,43950,44645,45690,46480,47415,48190,49095,49990,50925,51725,52795,53645,54705,55590,56560,57380,58355,59180,59885,60335,61195,62170,62800,63875,64685,65920,66780,67770,68570,68830,69665,70645,71565,72305,73325,73960,75085,75710,76020,76775,77400,78555,79185,80365,81085,81695,82010,82360,82715,83335,83605,83905]
resources/preprocessed/Interpolated/Andre_Squats2_13_10_2020_LeftArm.csv:[47500,48460,49340,50045,50390,51630,52310,52730,52985,53895,54520,54875,55245,56030,56840,57205,57725,58545,59170,59570,59935,60940,61580,61955,62300,63300,63925,64290,64630,65600,65940,66525,66900,67570,69190,70660,70995,71950,72245,72910,73555,74150,74875,75155,76495,78115,79820,80985,81730,82555,82865,83385,84130,84500,84940,85795,86890,87255,88390,88740,89535,89895,90725,91410,92650,93020,93915,94580,95560,96455,96775,97590,98000,98405,98840,99095,99465,99730,100200,101105,102715,103400,103845,104135,104410,104705,105425,105740,106050,106365,106655,107030,108015,108500,109310,109575,110165,110570,111350,111825,112750,113375,113750,114110,114535,114950,115530,116195,116725,117395,118170,118985,119670,120035,120620,121185,121970,122245,122595,123045,123455,123950,124615,124930,125585,126930,127305,127600,128105,128725,129640,130310,131470,131915,132200,132470,132775,133425,134855,136040,136615,136865,137640,139425,140570,141300,141760,142355,144155,145260,146430,146740,147190,147555,148990,149310,150105,150465,150940,151635,152045,152310,153655,154885,155435,155705,156585,157195,157555,158370,159545,159835,160095,160430,160765,161235,161595,162040,163180,164050,164435,164770,165050,165305,165725,166420,166985,167365,168215,168490,169345,170020,170365,170825,171240,171635,172390,173275,174220,174550,174950,175370,175860,176190,176835,177315,177970,179470,180095,180440,180775,181325,182180,183135,184455,185185,185800,186300,186925,187290,187985,188270,189355,190165,190425,190840,191265,191605,191920,192255,193085,194615,195615,196295,197955,199335,200135,200405,200890,201395,201800,202780,203895,204535,204795,205155,205410,205860,206220,206490,207420,208125,208960,209840,210495,210830,211205,212105,213560,213995]
resources/preprocessed/Interpolated/Andre_Squats_13_10_2020_Belly.csv:[61016,61956,63061,63806,64236,64586,66126,66436,67926,68291,68736,69051,69961,70391,70911,71581,72166,72461,72856,74036,75016,76111,76971,77436,78301,78966,79921,80581,81091,81436,82051,82466,83281,84156,84861,85521,86071,87011,87426,88351,89216,89891,90971,91411,92141,93411,94086,94961,95871,96236,96521,97301,97741,98521,99286,99601,99971,100596,100986,101306,101646,102271,102586,103441,104306,105001,106241,107101,108341,109276,110071,110756,111326,112041,112396,113361,114116,114831,115771,116841,118041,118766,119106,119721,120486,121631,122661,123326,123786,124431,125181,126111,126766,127146,127431,128481,129166,129486,130876,131561,131931,132271,133266,133881,134276,134686,135616,136316,136691,137036,138066,138696,139091,139436,140496,141171,141601,141911,143016,143651,144046,144296,145391,146071,146406,146666,147781,148451,148861,149951,150796,151131,152361,153231,153566,153926,155001,155656,155986,156296,157401,158076,158476,158871]
resources/preprocessed/Interpolated/Andre_Squats_13_10_2020_Chest.csv:[61011,61926,63116,63806,64246,64586,66641,67926,68531,68866,69951,70381,70931,71581,72131,72876,74036,75001,76966,78286,79171,79776,80606,82106,83306,84271,84876,85616,86966,88366,89221,89966,90926,91181,92176,93396,94041,94926,95921,96316,97386,98526,99281,99986,100611,101136,102356,103606,104361,105026,106416,107236,108366,109291,110066,111041,111301,112126,113376,114221,114906,115776,116836,118116,118771,119061,119696,120526,121556,122696,123401,124356,125141,126146,126786,127151,127586,128476,129196,129551,130856,131576,131986,132316,133291,133921,134296,134546,135601,136321,136706,137111,138056,138691,139106,139396,140446,141171,141596,141911,143006,143646,144031,144316,145326,146031,146406,146666,147756,148466,148871,150126,150811,151131,151451,152511,153221,153626,153946,154961,155641,155986,156316,157371,158076,158486,158756]
resources/preprocessed/Interpolated/Andre_liegestuetzen2_13_10_2020_Chest.csv:[40041,41111,42046,42866,43586,44486,45286,46001,46876,47791,48586,49401,50381,51136,52101,52756,53666,54556,55596,56281,57351,58076,59206,59951,61016,61731,62991,63726,65021,65651,67096,67791,69266,70066,70966,71281,71651,72591,73831,74251,75396,76101,76396,76906,77251,77541,78161,78841,79476,79986]
resources/preprocessed/Interpolated/Andre_liegestuetzen2_13_10_2020_LeftArm.csv:[40121,41091,42006,42791,43536,44316,45296,46001,46926,47841,48591,49391,50381,51116,52071,52746,53671,54536,55561,56191,57486,58211,59216,59951,60996,61791,62976,63706,64296,64996,65626,65941,67121,67766,68981,69271,70206,70926,71276,71641,72706,73391,73811,74341,75486,76026,76386,77276,77671,78836,79446,79871]
resources/preprocessed/Interpolated/Lukas_liegestuetzen3_13_10_2020_LeftArm.csv:[11041,11586,12306,13146,13766,14086,15031,15701,16176,16806,17286,17541,17971,18791,19421,20146,20661,20966,21606,22291,23156,23776,24481,24741,25371,25796,26166,27051,27571,27931,28191,28691]
resources/preprocessed/Interpolated/Andre_liegestuetzen1_13_10_2020_Chest.csv:[16996,17431,18291,19306,20156,21031,21866,22696,23521,24446,25271,26136,26866,27811,28571,29411,30226,31001,31761,32611,33371,34206,34971,35906,36621,37561,38196,39091,39866,40631,41446,42411,43076,44041,44736,45756,46536,47446,48161,49241,49891,51006,51636,52916,53611,54831,55576,56986,57661,59201,60036,60946,61441,61981,63091,63941,64366,64846,65716,66511,66876]
resources/preprocessed/Interpolated/Andre_liegestuetzen2_13_10_2020_RightArm.csv:[40136,41301,41971,42901,43586,44376,45181,45971,46886,47801,48606,49461,50386,51006,51976,52811,53731,54451,54736,55581,56346,57226,58231,59071,59836,60911,61711,63051,63856,64631,64921,65731,67106,67846,68791,69261,70081,70986,71361,71776,72616,73396,73721,74466,75341,76141,76421,76761,77056,77556,78181,78546,78811,79496,79746,79996]
resources/preprocessed/Interpolated/2020-07-02_12.50.00_Belly.csv:[16051,16363,16891,17295,17899,18607,19351,19931,20527,21175,22375,22951,23363,24503,25339,26479,27363,28187,28571,29451,30491,31495,32383,33491,34519,35335,35699,36431,36799,37447,37751,38903,39603,40047,40363,41259,42307,42895,43331,44079,44415,45559,46471,46739,47015,47519,47879,48807,49151,49451,50547,51339,51671,51939,52727,53103,53503,54219,54547,54823,55427,55707,56467,57099,57695,58027,58667,59011,59667,60307,60559,60919,61291,61759,62059,62715,62995]
resources/preprocessed/Interpolated/Andre_liegestuetzen3_13_10_2020_Belly.csv:[30998,31333,32368,33143,33928,34738,35548,36503,37143,38088,38723,39753,40378,41303,41958,42978,43688,44668,45343,46463,47103,48138,48918,49643,50348,51193,52283,53288,54618,55518,56378,57043,57903,58543,58803,59273,59683,60698,61528,62148,63498,64183,64573,64918,65298]
