resources/preprocessed/Interpolated/Lukas_liegestuetzen3_13_10_2020_RightArm.csv:[11596,15076,18791,20911,24621,26991]
resources/preprocessed/Interpolated/Lukas_liegestuetzen3_13_10_2020_Chest.csv:[15016,18801,22256]
resources/preprocessed/Interpolated/Lukas_liegestuetzen3_13_10_2020_Belly.csv:[14146,16821,22261]
resources/preprocessed/Interpolated/Lukas_liegestuetzen2_13_10_2020_RightArm.csv:[36430,39500,41760,46805,49360,52805,57540,61200,63810,66900,71220,73920]
resources/preprocessed/Interpolated/Lukas_liegestuetzen2_13_10_2020_LeftArm.csv:[37155,39460,44435,48420,51130,55050,57565,61150,63715,66885,69920,71800,73985]
resources/preprocessed/Interpolated/Lukas_liegestuetzen2_13_10_2020_Chest.csv:[37075,39465,48420,51135,53455,55970,61180,63680,66910,71245]
resources/preprocessed/Interpolated/Lukas_liegestuetzen2_13_10_2020_Belly.csv:[37145,39520,42600,47785,51785,54450,61785,63695,66910,71190,73955]
resources/preprocessed/Interpolated/Lukas_liegestuetzen1_13_10_2020_Chest.csv:[39650,43950,47425,50020,52805,54735,58405,60305,63960,67745,73320,76770,80415,82650]
resources/preprocessed/Interpolated/Lukas_liegestuetzen1_13_10_2020_Belly.csv:[39590,43040,46465,49995,52815,54720,58400,60385,63020,66675,73355,76825,80460,82625]
resources/preprocessed/Interpolated/Jan_liegestuetzen3_13_10_2020_RightArm.csv:[37685,40590,44880,46980,50215,54060,56290]
resources/preprocessed/Interpolated/Jan_liegestuetzen3_13_10_2020_LeftArm.csv:[34250,36185,39960,44885,47685,50330,54160,56405]
resources/preprocessed/Interpolated/Jan_liegestuetzen3_13_10_2020_Belly.csv:[37085,43375,47090,52045,56995]
resources/preprocessed/Interpolated/Jan_liegestuetzen2_13_10_2020_RightArm.csv:[19381,24151,26126,28156,32376,35336,37436,41951,43881,46266]
resources/preprocessed/Interpolated/Jan_liegestuetzen2_13_10_2020_Chest.csv:[19326,24826,28151,30986,35256,37451,40141,44516,46901,48836]
resources/preprocessed/Interpolated/Jan_liegestuetzen2_13_10_2020_Belly.csv:[19286,24141,28186,30181,32996,36826,40766,46106,49356]
resources/preprocessed/Interpolated/Andre_liegestuetzen3_13_10_2020_RightArm.csv:[33218,37203,41268,44648,50318,52273,54678,57098,59808]
resources/preprocessed/Interpolated/2020-07-02_14.20.28_RightArm.csv:[63795,65995,68723,70343,72343,74019,77911,82111,84007]
resources/preprocessed/Interpolated/2020-07-02_14.20.28_Belly.csv:[63755,68891,75207,77939,82067,83999]
resources/preprocessed/Interpolated/2020-07-02_14.14.32_RightArm.csv:[35175,37651,41535,43735,46443,48443,52083,54015,57855,59967,62027]
resources/preprocessed/Interpolated/2020-07-02_15.13.22_LeftArm.csv:[24699,26335,28363,30223,32443,34835,37567,39115,41383,43815,46571,49363,52027,55319,62707,65183]
resources/preprocessed/Interpolated/2020-07-02_14.14.32_Belly.csv:[34627,38379,41007,45103,47823,52039,55447,58155,59971,61951,64411]
resources/preprocessed/Interpolated/2020-07-02_14.59.59_RightArm.csv:[74619,76755,78943,81411,83879,86155,88683,91279,93139,94767,96763,98747]
resources/preprocessed/Interpolated/2020-07-02_14.20.28_Chest.csv:[64411,68895,73543,75259,77939,82131,83995]
resources/preprocessed/Interpolated/2020-07-02_14.07.33_RightArm.csv:[11509,16141,18685,21405,27373,31249,35605,38597,40205,41925,44093]
resources/preprocessed/Interpolated/Lukas_liegestuetzen1_13_10_2020_RightArm.csv:[39635,46610,50020,54690,58400,60355,64030,67730,70620,76735,82620]
resources/preprocessed/Interpolated/2020-07-02_14.07.33_Belly.csv:[9649,14109,17433,20021,24177,26041,30329,32633,35541,39105,40725,42417,43957]
resources/preprocessed/Interpolated/2020-07-02_13.00.09_RightArm.csv:[27851,29599,31587,35379,37003,38803,41251,43031,48475,50051]
resources/preprocessed/Interpolated/Jan_liegestuetzen3_13_10_2020_Chest.csv:[36230,39965,44145,47060,52685,54800]
resources/preprocessed/Interpolated/2020-07-02_14.20.28_LeftArm.csv:[64403,68079,70319,72047,74923,77047,78679,82711]
resources/preprocessed/Interpolated-Revised/Jan_liegestuetzen1_13_10_2020_edited_Belly.csv:[73838,79048,84238,86135,88587,92331,94363,97076,103968,106265,109828]
resources/preprocessed/Interpolated/2020-07-02_12.50.00_LeftArm.csv:[17347,19343,21159,22799,24491,26555,28523,30479,32367,34459,36871,43271,45591]
resources/preprocessed/Interpolated/2020-07-02_13.00.09_Chest.csv:[28435,30367,32271,34131,36003,38051,39991,42047,44123,46527,48751,51147,53927,56775,59663]
resources/preprocessed/Interpolated/2020-07-02_12.50.00_Chest.csv:[17379,19327,21179,23023,24547,26479,28587,30455,32423,34495,36691,38887,41215,43275,45519,47879,50543,53587,55515,57091,59667,62683]
resources/preprocessed/Interpolated-Revised/Jan_liegestuetzen1_13_10_2020_edited_LeftArm.csv:[74563,78217,81575,84889,87356,91135,93047,95014,98602,102686,106250,108662]
resources/preprocessed/Interpolated-Revised/Jan_liegestuetzen1_13_10_2020_edited_RightArm.csv:[73833,77041,78958,80920,86070,88567,92316,95679,98582,102676,104663,106891]
resources/preprocessed/Interpolated/Andre_Squats2_13_10_2020_Belly.csv:[49320,51575,53790,56185,58460,60885,63260,65555,67615,70290,72945,74965,78355,81815,85680,88500,93025,95625,98780,101095,105750,109595,112890,116685,119840,122450,125510,130115,134950,139435,144370,149285,153680,158440,163250,168190,171540,174665,178250,183030,188365,193070,196050,198010,200875,203885,207400,212300]
resources/preprocessed/Interpolated/2020-07-02_13.00.09_Belly.csv:[28443,30375,32259,34123,36015,38075,40011,42079,44075,46487,48735,51159,52663,55019,56791]
resources/preprocessed/Interpolated/2020-07-02_14.14.32_LeftArm.csv:[34571,37095,38947,41055,42927,47879,49731,53931,57087,59583,62127,64503]
resources/preprocessed/Interpolated-Revised/Jan_liegestuetzen1_13_10_2020_edited_Chest.csv:[73828,77076,79033,81600,84223,86821,89263,93027,94984,98592,102696,104663,106846,108948]
resources/preprocessed/Interpolated/2020-07-02_11.17.39_Belly.csv:[58795,61435,64171,65759,68227,69915,71687,73415,75295,77107,78911,80819,82723,84667,86479,89151,91043,93211,95623,98119,100719,103415]
resources/preprocessed/Interpolated/Andre_liegestuetzen3_13_10_2020_Chest.csv:[33208,37213,41293,45373,48113,50328,52263,54608,57033,59803,62328,65478]
resources/preprocessed/Interpolated/2020-07-02_11.17.39_Chest.csv:[58963,61439,64903,66551,68215,69891,71743,73491,75311,77095,78931,80799,82687,84643,86471,89175,91019,93219,95603,98095,100699,102275,104035]
resources/preprocessed/Interpolated/2020-07-02_11.17.39_LeftArm.csv:[58303,59951,62343,64099,65763,67491,69871,73347,75283,78755,80779,82679,85583,87259,89187,91003,93203,95271,101647,103423,107235]
resources/preprocessed/Interpolated/2020-07-02_14.59.59_Belly.csv:[74427,76215,79023,81347,83811,86159,87995,91115,93779,96731,98767]
resources/preprocessed/Interpolated/Andre_Squats_13_10_2020_LeftArm.csv:[63051,66446,71651,74066,76941,82101,86991,92141,97401,102231,107151,112211,116861,121481,126161,128541,130831,133286,135581,137931,140441,142986,145386,147756,149996,152391,154921,157356]
resources/preprocessed/Interpolated/2020-07-02_14.07.33_Chest.csv:[9633,12217,14861,19253,22009,24193,26045,30369,35561,37609,40265,41949,44065]
resources/preprocessed/Interpolated/2020-07-02_11.17.39_RightArm.csv:[58819,61415,63203,64843,66447,68151,69919,72883,74479,76203,78091,79987,81759,83643,85707,87859,89971,91871,94131,96799,99163,101627,103403,107271]
resources/preprocessed/Interpolated/2020-07-02_14.59.59_Chest.csv:[74395,76279,79027,81399,83851,86135,88655,91079,93819,96747,98791]
resources/preprocessed/Interpolated/2020-07-02_14.59.59_LeftArm.csv:[74499,76279,79027,81419,83823,86307,88655,91079,93887,96743,98611]
resources/preprocessed/Interpolated/2020-07-02_12.50.00_RightArm.csv:[17315,19359,21211,23015,24599,26399,28655,30523,32383,34559,36699,38899,40415,42295,47031]
resources/preprocessed/Interpolated/Andre_liegestuetzen1_13_10_2020_RightArm.csv:[18316,22656,25291,29411,33276,36536,39086,41401,44051,46381,48286,51651,53586,55591,57811,60061]
resources/preprocessed/Interpolated/Andre_liegestuetzen2_13_10_2020_Belly.csv:[42801,48616,52776,58101,61086,63051,67056,69281,71671,74321,77356]
resources/preprocessed/Interpolated/2020-07-02_15.13.22_Belly.csv:[24707,26435,28287,30263,32375,34511,36775,38971,41019,43847,46503,49283,52143,55159,58639,62539]
resources/preprocessed/Interpolated/2020-07-02_15.13.22_RightArm.csv:[25615,27199,29055,31127,33151,35267,36827,39051,41331,43795,46571,49391,52055,55275,58831,62503]
resources/preprocessed/Interpolated/2020-07-02_15.13.22_Chest.csv:[24687,26463,28355,30235,32435,34587,36759,39007,41051,43831,46459,49383,52087,55299,58623,60131,65283]
resources/preprocessed/Interpolated/Andre_liegestuetzen1_13_10_2020_Belly.csv:[18331,22706,25211,29436,33291,37486,42346,46441,50981,53571,55581,57726,60036,62021,64836]
resources/preprocessed/Interpolated/2020-07-02_15.31.36_Belly.csv:[72387,90111,92287,94599,96899,99191,101575,104051,106735,109343,112079,113975]
resources/preprocessed/Interpolated/Jan_liegestuetzen2_13_10_2020_LeftArm.csv:[18851,22116,25421,28116,32461,37531,42061,43951,46241,48736]
resources/preprocessed/Interpolated/2020-07-02_15.31.36_Chest.csv:[72271,90239,92279,94583,96859,99231,101539,104047,106015,109367,112119,113975]
resources/preprocessed/Interpolated/Andre_Squats_13_10_2020_RightArm.csv:[63081,66346,71631,73796,76931,82151,87061,92051,97321,102216,107181,112111,116831,121521,126131,128491,130786,133331,135581,137971,140426,142941,145306,147741,149966,152476,154931,157256]
resources/preprocessed/Interpolated/2020-07-02_14.14.32_Chest.csv:[34019,37123,38963,41019,43755,48475,52123,54991,58179,60003,61983,64499]
resources/preprocessed/Interpolated/2020-07-02_15.31.36_LeftArm.csv:[73107,90295,92283,94655,96683,99227,101599,104119,105983,109347,112099,113875]
resources/preprocessed/Interpolated/2020-07-02_15.31.36_RightArm.csv:[73407,90319,91879,94595,96851,98807,101543,104035,105887,107483,110979,112895]
resources/preprocessed/Interpolated/Andre_Squats2_13_10_2020_Chest.csv:[49325,51660,53840,56115,58510,60895,63285,65555,67600,70350,72960,75025,78320,81825,85615,88535,91570,93975,98760,101060,105780,109595,112785,116675,119890,122460,125515,130190,134905,139480,144265,149350,153645,158445,163220,168185,171530,174660,178395,183035,188350,193135,196055,198025,200870,203885,207395,212075]
resources/preprocessed/Interpolated/2020-07-02_14.07.33_LeftArm.csv:[8929,10957,14161,19317,24661,26861,33097,36005,37553,41869,43617]
resources/preprocessed/Interpolated/Andre_Squats2_13_10_2020_RightArm.csv:[49255,51655,53785,56125,58510,60890,63170,65525,67445,70290,72945,74875,78240,81790,85225,88380,90725,92755,95650,98535,105425,109165,112675,117025,119835,122060,125615,130290,134855,139335,144200,149025,150985,153710,158470,163205,166315,168210,171580,174610,179500,183010,188085,193180,198005,202480,207380,212055,213995]
resources/preprocessed/Interpolated/Andre_liegestuetzen1_13_10_2020_LeftArm.csv:[19151,22746,25126,30136,32601,39096,41426,44066,47546,52956,54931,56906,59211]
resources/preprocessed/Interpolated/2020-07-02_13.00.09_LeftArm.csv:[27763,29639,32555,35055,37215,38923,41031,43031,48471,50123,52515,54971]
resources/preprocessed/Interpolated/Andre_liegestuetzen3_13_10_2020_LeftArm.csv:[33248,37153,41233,44558,48198,50398,53363,55598,57913,59978]
resources/preprocessed/Interpolated/Lukas_liegestuetzen1_13_10_2020_LeftArm.csv:[39680,42070,46480,49990,53645,57380,60335,63875,66780,70645,76775,80365]
resources/preprocessed/Interpolated/Andre_Squats2_13_10_2020_LeftArm.csv:[49340,51630,53895,56030,58545,60940,63300,65600,67570,70660,72910,74875,78250,81730,85795,88390,90725,93020,95560,98220,105740,109575,112750,116950,120620,125585,130310,134855,139425,144155,149310,153655,156585,159545,162040,164435,166420,169345,174715,179470,183135,186300,189355,191265,196295,200890,202780,207420,209840,212105]
resources/preprocessed/Interpolated/Andre_Squats_13_10_2020_Belly.csv:[63061,66436,71581,74036,76971,82051,87011,92141,97301,102271,107101,112041,116841,121631,126111,128481,130876,133266,135616,138066,140496,143016,145391,147781,150141,152581,155001,157401]
resources/preprocessed/Interpolated/Andre_Squats_13_10_2020_Chest.csv:[63116,66641,71581,74036,76966,82106,86966,92176,97386,102356,107236,112126,116836,121556,126146,128476,130856,133291,135601,138056,140446,143006,145326,147756,150126,152511,154961,157371]
resources/preprocessed/Interpolated/Andre_liegestuetzen2_13_10_2020_Chest.csv:[42866,46001,50381,52756,58076,61016,63726,67096,69266,71651,74251,77251]
resources/preprocessed/Interpolated/Andre_liegestuetzen2_13_10_2020_LeftArm.csv:[42791,46001,49391,52071,55561,58211,60996,63886,67121,69381,71641,74341]
resources/preprocessed/Interpolated/Lukas_liegestuetzen3_13_10_2020_LeftArm.csv:[11766,14086,16806,18791,23156,26431]
resources/preprocessed/Interpolated/Andre_liegestuetzen1_13_10_2020_Chest.csv:[18291,22696,26136,30226,33371,36621,42411,52916,55576,57661,60036,61981,64846]
resources/preprocessed/Interpolated/Andre_liegestuetzen2_13_10_2020_RightArm.csv:[42901,46886,50386,52811,58231,61711,63856,67106,69261,71776,74466]
resources/preprocessed/Interpolated/2020-07-02_12.50.00_Belly.csv:[17295,19351,21175,22951,24503,26479,28571,30491,32383,34519,36799,38903,41259,43471,45559,47879,50547,53503,55427,57099,59667,62715]
resources/preprocessed/Interpolated/Andre_liegestuetzen3_13_10_2020_Belly.csv:[33143,38088,40378,44668,48138,50348,52283,54618,57043,59428,62358]
