resources/preprocessed/Interpolated/Lukas_liegestuetzen3_13_10_2020_RightArm.csv:[11786,12891,14726,16241,17486,18711,19986,21791,22871,24331,26476,28756]
resources/preprocessed/Interpolated/Lukas_liegestuetzen3_13_10_2020_Chest.csv:[11746,13196,14716,15906,18871,19681,20281,21676,23006,24391,26256,27831,28646]
resources/preprocessed/Interpolated/Lukas_liegestuetzen3_13_10_2020_Belly.csv:[12606,13521,15446,17946,19081,20311,21386,22851,24351,25661,26591,27846,28796]
resources/preprocessed/Interpolated/Lukas_liegestuetzen2_13_10_2020_RightArm.csv:[36540,37720,39130,40710,42265,43865,45645,47305,49050,50775,52370,54040,55705,57840,58885,60670,61355,62575,63830,66405,69885,71375,72505,73910]
resources/preprocessed/Interpolated/Lukas_liegestuetzen2_13_10_2020_LeftArm.csv:[36565,37690,39175,40770,42315,43925,45645,47360,49070,50765,52420,54095,55710,57290,59015,60680,62595,63845,65080,66445,68295,69880,71310,73510]
resources/preprocessed/Interpolated/Lukas_liegestuetzen2_13_10_2020_Chest.csv:[36570,37750,39195,40775,42780,44290,46230,47150,48780,50700,52880,53920,55830,57730,59325,61000,62305,63060,63955,64715,65530,66730,68070,70035,71220,72770,73995]
resources/preprocessed/Interpolated/Lukas_liegestuetzen2_13_10_2020_Belly.csv:[36820,38055,39285,41270,42580,43920,45575,47255,49235,51405,52400,53970,55755,57255,58995,60990,62345,63485,65520,66820,67730,69040,69825,70920,72895,73995]
resources/preprocessed/Interpolated/Lukas_liegestuetzen1_13_10_2020_Belly.csv:[38710,40135,41815,43560,44220,45685,47080,49220,51195,52695,54555,56765,57865,58650,60155,61645,62460,64235,65565,66320,68160,68935,70040,71195,73685,75260,76845,77840,78845,80115,82115,83995]
resources/preprocessed/Interpolated/Jan_liegestuetzen3_13_10_2020_RightArm.csv:[34230,36870,38330,39775,41215,42625,44110,45475,46850,48370,50000,51740,53590,55625]
resources/preprocessed/Interpolated/Jan_liegestuetzen3_13_10_2020_LeftArm.csv:[34865,36885,38340,39800,41200,42605,44065,45470,46865,48365,50015,51770,53600,55550]
resources/preprocessed/Interpolated/Jan_liegestuetzen3_13_10_2020_Belly.csv:[34000,35420,37070,38525,40175,41380,42925,44345,45695,47130,48675,50505,52185,54120,56445]
resources/preprocessed/Interpolated/Jan_liegestuetzen2_13_10_2020_RightArm.csv:[17041,19951,21321,22666,24046,25386,26716,28086,29526,30866,32306,33756,35166,36691,38216,39951,41641,43461,45526,47676,49766,50781]
resources/preprocessed/Interpolated/Jan_liegestuetzen2_13_10_2020_Chest.csv:[16996,18061,19931,21311,22721,24041,25376,26736,28116,29446,30901,32291,33801,35121,36691,38191,40031,41666,43531,45661,47716,50571]
resources/preprocessed/Interpolated/Jan_liegestuetzen2_13_10_2020_Belly.csv:[16996,18566,20126,21536,22871,24231,25651,26986,28311,29706,31091,32506,33936,35466,36956,38656,40281,42076,43896,46051,48711,50271]
resources/preprocessed/Interpolated/2020-07-02_14.59.59_LeftArm.csv:[74495,75903,76959,78115,79239,80423,81575,82695,84007,85187,86375,87535,88775,90011,91307,92503,93959,95147,96783,97939,99767]
resources/preprocessed/Interpolated/Andre_liegestuetzen2_13_10_2020_Belly.csv:[39996,43331,44871,46471,47341,48241,49916,51586,53271,55046,56801,58611,60391,62136,64121,66131,67591,68411,69641,71826,73126,75926,77501,79006]
resources/preprocessed/Interpolated/Jan_liegestuetzen1_13_10_2020_RightArm.csv:[84900,88860,90760,92575,94565,96465,98460,100720,102420,104305,106285,108180,110225,112075,114120,116110,119985,122305,123860,126265,127810,129900,131705,133935,135505,139290,141200,142865,144050,146775,150560,154610,158670,161215,163030,164505,166905,167820,170290,171345,173955,174760,177820,179635,182415,183860]
resources/preprocessed/Interpolated/2020-07-02_14.59.59_Chest.csv:[74779,75627,77079,78187,79247,80775,81635,83183,84079,85339,86411,87931,88959,90563,91363,93211,94015,96111,97011,98799,99995]
resources/preprocessed/Interpolated/2020-07-02_15.13.22_Belly.csv:[23219,25111,26895,27659,28619,29647,30711,31591,32699,33655,34535,35803,37019,38151,39267,40339,41659,44063,45171,46727,47747,49511,50379,51499,52303,55351,56503,58835,60095,61483,62527,63815,65523]
resources/preprocessed/Interpolated/2020-07-02_15.13.22_RightArm.csv:[23251,26079,26843,27847,28599,29659,30595,31647,32671,33911,34751,35979,36975,38287,39251,40387,41535,42707,44047,45259,46691,47891,49455,50663,52251,53487,55291,56679,58771,60195,62567,64083,66095]
resources/preprocessed/Interpolated/Lukas_liegestuetzen1_13_10_2020_Chest.csv:[38000,38700,40105,41730,43350,45300,47005,48700,50565,51460,52400,54570,56065,57970,59880,61765,63460,65360,66585,67645,68855,71065,71835,72775,75175,76400,78715,80260,81605,82350,83965]
resources/preprocessed/Interpolated/Jan_liegestuetzen1_13_10_2020_Chest.csv:[84900,86175,88690,90280,91955,92905,97325,99875,104420,108180,110925,112080,113580,115980,119730,121590,122685,123315,124430,127200,128675,131925,135470,136240,139395,143045,143875,146830,147745,150475,152030,154510,158620,159745,162860,164390,166870,167975,170345,174345,175340,177610,179825,182200,183325]
resources/preprocessed/Interpolated/2020-07-02_14.20.28_RightArm.csv:[62035,63319,64319,65431,66539,67695,68811,69939,71119,72255,73427,74619,75847,77155,78607,80311,81591,83819]
resources/preprocessed/Interpolated/2020-07-02_14.20.28_Belly.csv:[61995,64131,65291,66439,68655,69975,71247,72659,73223,74579,75619,76131,77339,78363,78959,79759,80411,81363,82087,83163,84007]
resources/preprocessed/Interpolated/2020-07-02_14.14.32_RightArm.csv:[32003,33559,34427,35647,36903,38195,39475,40775,42127,43479,44887,46279,47599,49011,50403,51847,53291,54775,56235,57967,59595,61391,63447]
resources/preprocessed/Interpolated/2020-07-02_15.13.22_LeftArm.csv:[23267,24667,26763,28615,29711,30623,31647,32679,33719,34779,35931,37011,38183,39271,40375,41555,42663,44039,45271,46691,47831,49479,50631,52223,53443,55243,56659,57471,58711,60159,62483,64079,66095]
resources/preprocessed/Interpolated/2020-07-02_14.14.32_Belly.csv:[32003,34271,35059,36239,37511,38747,39419,39975,41343,42659,44067,45323,46747,47475,49475,50851,52279,53719,54547,56659,58115,59975,61607,64059]
resources/preprocessed/Interpolated/2020-07-02_14.59.59_RightArm.csv:[74515,75915,76943,78111,79259,80375,81591,82807,84031,85231,86391,87591,88791,90027,91315,92535,93975,95207,96811,97963,99695]
resources/preprocessed/Interpolated/Jan_liegestuetzen3_13_10_2020_Chest.csv:[34000,34900,36855,38275,39795,41180,42645,44115,45480,46890,48395,50100,51790,53575,55710]
resources/preprocessed/Interpolated/2020-07-02_14.20.28_LeftArm.csv:[61995,63311,64323,65415,66527,67703,68807,69951,71107,72263,73419,74603,75835,77139,78563,80091,81515,83431]
resources/preprocessed/Interpolated/2020-07-02_13.00.09_Belly.csv:[27859,29067,30787,31751,32739,33695,34603,35567,36451,37671,38895,39751,40431,41611,42603,43751,44691,45819,47031,49127,50747,51595,52827,54379,56103,57175,58311,59491,60371,61803]
resources/preprocessed/Interpolated/2020-07-02_14.14.32_LeftArm.csv:[32315,33583,35651,36879,38179,39463,40771,42131,43463,44871,46255,47579,48967,50379,51799,53207,54699,56139,57891,59527,61299,63399,64499]
resources/preprocessed/Interpolated/2020-07-02_11.17.39_Belly.csv:[58227,58971,61051,61991,64439,65411,67127,67875,68679,69531,70583,71475,72315,74063,75879,77703,78515,79475,81443,82311,83183,84219,85139,86175,87099,88259,89303,90603,91435,92527,93727,94963,96083,97459,98643,99903,101211,102631,103903,106323,107343]
resources/preprocessed/Interpolated/Andre_liegestuetzen3_13_10_2020_Chest.csv:[31423,32783,33778,35288,36533,38043,39763,40978,42423,44178,45848,47858,49348,50148,51733,54393,55943,56683,58293,59853,61118,62033,63668,64748]
resources/preprocessed/Interpolated/2020-07-02_11.17.39_Chest.csv:[58227,59595,61023,62691,63539,64495,65403,66279,66887,67999,68587,69587,70327,71391,72187,73159,73811,74911,77651,78527,79535,80415,81159,82283,83131,84143,85067,86131,86755,88051,89383,90547,91467,92299,93631,94807,95911,97199,98515,99803,100983,102367,103647,105139,106615]
resources/preprocessed/Interpolated/Jan_liegestuetzen1_13_10_2020_Belly.csv:[84955,87145,91120,92205,96200,97905,99160,100295,101445,102100,103645,105110,106335,107905,109390,110065,111915,113305,114270,115840,117220,118200,119815,121305,122255,123740,125365,127835,129105,130120,131580,132670,133825,135310,136630,137570,139090,140300,142660,144195,146595,147995,150400,151805,154410,155985,157000,158340,160000,161250,162860,164940,166780,168240,170250,171705,173765,175305,177590,179895,182130,183245,183995]
resources/preprocessed/Interpolated/2020-07-02_11.17.39_LeftArm.csv:[58227,59295,61059,62763,64499,66183,67879,69527,71323,73099,74911,76719,78511,79579,80367,81267,82247,84127,85083,86075,87991,89359,90487,91399,92507,93623,94787,95967,97239,98483,99767,102371,105007,106531,108139]
resources/preprocessed/Interpolated/2020-07-02_14.59.59_Belly.csv:[74871,75739,76999,77983,79271,80307,81571,84087,85311,86419,88583,91315,92295,93935,96831,99995]
resources/preprocessed/Interpolated/Andre_Squats_13_10_2020_LeftArm.csv:[60996,63436,64761,66186,67706,68831,71586,74236,77146,79596,82371,84571,86576,89376,92361,94816,96756,97946,99786,102521,104686,107226,109166,112021,114501,117091,119241,121646,123896,126271,127486,128686,129936,131131,132321,133486,134711,135871,136956,138251,139471,140716,141976,143236,144406,145621,146826,148001,149146,150371,151566,152796,154011,155256,156431,157651,158846]
resources/preprocessed/Interpolated/2020-07-02_14.07.33_Chest.csv:[7473,8729,9933,11241,12533,13757,15029,16521,17569,19089,20337,21633,23169,24509,25845,26849,28665,30133,31485,32477,33765,34529,36633,38517,39777,41909,43781]
resources/preprocessed/Interpolated/2020-07-02_11.17.39_RightArm.csv:[58227,59311,61071,62807,64471,66171,67863,69531,71319,73083,74883,76695,78491,80367,82227,84119,86071,88043,89367,90459,92495,93595,94763,95947,97223,98479,99775,102371,104983,106335,108139]
resources/preprocessed/Interpolated/Andre_liegestuetzen3_13_10_2020_RightArm.csv:[31453,32773,34418,36078,37698,39328,40883,42483,44233,45918,46713,47703,49473,51723,53783,54858,56018,57323,58438,59908,61223,62688,64008,65498]
resources/preprocessed/Interpolated/2020-07-02_12.50.00_LeftArm.csv:[16271,17323,18851,20799,22699,23795,24895,25895,26927,27907,28943,29971,30987,31935,32955,33951,35011,36083,37231,38299,39367,40535,41743,42751,43831,44911,46023,47179,48439,49687,50955,52199,53599,55059,56315,57507,58767,60171,61455,62995]
resources/preprocessed/Interpolated/2020-07-02_14.20.28_Chest.csv:[61995,64191,64791,66339,67543,69351,70359,71511,72691,73835,75127,76251,77679,79239,80663,82043,83099,84007]
resources/preprocessed/Interpolated/2020-07-02_14.07.33_RightArm.csv:[7209,8529,9489,10749,12009,13321,14629,15933,17297,18537,19813,21177,22561,23985,25325,26669,28093,29513,30973,32405,33861,35313,36777,38289,39885,41605,43625]
resources/preprocessed/Interpolated/Lukas_liegestuetzen1_13_10_2020_RightArm.csv:[38000,40065,41670,43500,45270,47070,48770,50515,51375,52335,54235,55085,56150,56970,57995,58765,59865,60675,61695,62540,63535,64280,65365,66260,67345,68080,69115,70040,71105,72915,74715,76390,78100,79935,80670,81855,83995]
resources/preprocessed/Interpolated/2020-07-02_14.07.33_Belly.csv:[7197,9965,11405,12509,13713,15097,16453,17585,18493,19157,20361,21717,23137,24421,25761,27137,28513,30037,31381,32609,33869,35565,37297,38537,40105,41425,42997,43741]
resources/preprocessed/Interpolated/Andre_liegestuetzen1_13_10_2020_RightArm.csv:[16996,18741,20591,22351,24001,24821,25731,27401,29116,30711,32241,33876,35481,37096,38806,40316,41976,43616,45231,46991,48631,50461,52251,54166,56146,57236,58336,59481,60566,62271,63561,65096,66376]
resources/preprocessed/Interpolated/2020-07-02_12.50.00_RightArm.csv:[16451,17319,18851,20779,22695,23783,24879,25903,26907,27899,28923,29995,30991,31963,32907,33939,34999,36095,37215,38303,39351,40555,41739,42763,43835,44947,46015,47187,48423,49683,50947,52195,53607,55055,56319,57483,58775,60139,61463,62995]
resources/preprocessed/Interpolated/Andre_Squats2_13_10_2020_Belly.csv:[48045,49900,50745,52000,53055,53720,55235,56535,57650,58430,60040,61210,62405,63630,64780,66030,67730,69210,72060,72825,75025,76720,79070,80255,82095,83455,85715,87550,90525,91945,92860,94765,97315,99135,102010,104220,106670,108715,109935,110630,111645,113780,115115,115920,117460,118680,119995,121755,122625,123605,125500,127575,128340,130240,132770,135180,137245,139715,141980,144205,146870,149450,151620,153150,153945,156275,158800,160035,161200,163535,165830,168215,170625,173460,175990,177390,178905,180860,183465,185860,188545,190830,193200,195760,197635,199680,201710,203340,205020,207510,209925,212310,213870]
resources/preprocessed/Interpolated/2020-07-02_12.50.00_Chest.csv:[16271,17067,18651,19395,21139,22059,23031,23891,25067,26091,27287,29283,31515,33403,34011,36195,37667,38299,39587,40783,42159,44031,45047,46087,47379,48503,49863,51139,52283,53531,55179,56315,58783,60419,61451,62343]
resources/preprocessed/Interpolated/2020-07-02_13.00.09_Chest.csv:[27851,29775,31811,32735,33707,34739,35635,37627,38583,39543,40719,41639,42911,43655,44659,45867,47267,48195,50383,51755,52931,54555,55671,56619,57523,58627,60467,61759,62411]
resources/preprocessed/Interpolated/2020-07-02_13.00.09_RightArm.csv:[27927,29019,29939,30815,31767,33671,34535,35559,37455,38435,39435,41547,43531,44543,45739,47003,48103,50327,51619,52883,54291,55611,57095,58567,60503,62411]
resources/preprocessed/Interpolated/2020-07-02_15.13.22_Chest.csv:[23135,24895,25931,26795,28555,30491,31531,32603,33667,34507,35799,37003,38071,39163,40251,41471,42579,43931,45171,46619,47735,49515,50503,52223,53283,54575,55475,56651,58839,60135,61443,62667,63999,65367]
resources/preprocessed/Interpolated/Andre_liegestuetzen1_13_10_2020_Belly.csv:[16996,18786,20641,22431,24011,24836,25811,27466,28181,29061,30731,32956,33856,35491,37226,38676,40366,42016,43581,45361,46986,48661,50461,52276,54031,55151,56186,57376,58491,60471,63406,65081,66386]
resources/preprocessed/Interpolated/2020-07-02_15.31.36_Belly.csv:[72271,73759,75231,77947,78431,78987,80719,81959,83187,84703,85555,86915,88303,89151,90079,90567,91407,92559,93543,94815,96035,97071,98239,99387,100187,101751,104283,106787,109579,112375,113975]
resources/preprocessed/Interpolated/Jan_liegestuetzen2_13_10_2020_LeftArm.csv:[17671,19886,21306,22681,23991,25341,26671,28071,29496,30851,32256,33696,35111,36681,38261,39981,41681,43536,45551,47621,49736,50756]
resources/preprocessed/Interpolated/2020-07-02_15.31.36_Chest.csv:[72271,73799,75303,77719,78527,79243,81695,83055,84663,85431,86807,88139,90131,91307,92547,93575,94791,95939,97119,99327,101631,102759,104303,105223,106823,107847,109499,111559,112431,113175,113975]
resources/preprocessed/Interpolated/Andre_Squats_13_10_2020_RightArm.csv:[60996,63416,64746,66506,68931,71646,74286,76731,77336,79626,82296,84536,86716,89401,92266,94891,97586,99766,101836,102541,104641,106806,109806,111731,114501,117066,119311,121571,123906,126206,127471,128691,129901,131156,132331,133491,134686,135871,136961,138241,139471,140736,141976,143236,144451,145646,146876,148016,149186,150376,151576,152796,154031,155236,156456,157656,158871]
resources/preprocessed/Interpolated/2020-07-02_14.14.32_Chest.csv:[32495,34307,35003,36267,37527,38775,40059,41387,42727,44075,45471,47415,48331,49635,50339,51047,52399,53803,54467,55567,56143,57011,58423,59643,60495,61811,63731,64579]
resources/preprocessed/Interpolated/2020-07-02_15.31.36_LeftArm.csv:[72271,73739,75211,77663,79155,81395,83023,85303,86839,88263,89327,90407,91479,92603,93695,94855,96107,97079,98171,99415,100619,101763,102939,104299,105383,106839,108055,109531,110779,112255,113351,113975]
resources/preprocessed/Interpolated/2020-07-02_15.31.36_RightArm.csv:[72271,73703,75615,76275,77807,79007,81303,82991,85387,86855,88243,89347,90399,91511,92619,93703,94831,95951,97027,98211,99411,100479,101775,102955,104283,105479,106851,108103,109535,110787,112255,113475]
resources/preprocessed/Interpolated/Andre_Squats2_13_10_2020_Chest.csv:[47500,49635,50785,51925,53085,54170,55290,56445,57650,58835,60060,61180,62400,63565,64765,66005,67795,69210,70790,72730,74610,76850,78265,80190,81750,83420,87320,88960,90340,91885,93165,94570,97340,98840,99910,101600,104285,107150,109435,111045,113080,114555,116030,118670,120470,122360,123570,125385,128310,130300,132720,135070,137270,139795,141985,144455,146895,149295,152080,154085,156360,158270,160970,163180,165780,166925,168185,170715,173815,175935,177080,178845,180890,183005,185860,188050,190885,193510,195685,198295,200625,203145,205045,207830,209960,212595]
resources/preprocessed/Interpolated/2020-07-02_14.07.33_LeftArm.csv:[7173,8573,9449,10785,11993,13329,14633,15941,17285,18545,19813,21185,22569,23989,25309,26673,28085,29473,30961,32373,33805,35261,36737,38233,39841,41509,43417]
resources/preprocessed/Interpolated/Andre_Squats2_13_10_2020_RightArm.csv:[47500,49575,50790,51915,53060,54160,55295,56425,57590,58780,60005,61180,62345,63545,64730,66005,68995,72920,76420,80050,83405,87055,90455,94405,95950,97460,100845,103045,105055,108040,109925,112145,113670,115050,116755,117685,119270,121415,122760,125365,127505,130145,132590,134990,137290,139515,141895,144360,146755,149330,151450,153815,156245,158550,160100,161160,163575,165875,168260,170780,173700,175940,178560,180800,183250,185795,188285,190740,193170,195540,197840,199680,201260,202475,205060,207405,209885,212370,213965]
resources/preprocessed/Interpolated/Andre_liegestuetzen1_13_10_2020_LeftArm.csv:[16996,18761,20621,22331,23986,25741,27351,29106,30701,32246,33826,35466,37106,38746,40321,41956,43661,45296,47026,48721,50511,52276,54216,56171,58386,60601,62291,63571,65131,66366]
resources/preprocessed/Interpolated/2020-07-02_13.00.09_LeftArm.csv:[27947,29027,29991,30815,31795,32679,33663,34599,35567,36535,37519,39471,40507,41551,43575,44599,45767,47059,48131,49087,50363,51639,52935,54311,55627,57127,58595,60495,62411]
resources/preprocessed/Interpolated/Andre_liegestuetzen3_13_10_2020_LeftArm.csv:[31493,32783,34408,36068,37703,39343,40933,42513,44233,45928,47703,49518,51698,53803,54953,56028,57368,58498,59923,61208,62733,64083,65468]
resources/preprocessed/Interpolated/Lukas_liegestuetzen1_13_10_2020_LeftArm.csv:[38000,38670,40065,41700,43510,45280,47050,48770,50540,52365,54240,56160,58030,59855,61685,62525,63545,65405,66250,67370,69175,71150,72950,74730,76445,78155,79945,81870,83995]
resources/preprocessed/Interpolated/Andre_Squats2_13_10_2020_LeftArm.csv:[47500,49585,50825,51900,53070,54165,55290,56420,57600,58810,60000,61165,62320,63540,64685,65890,69125,71915,72790,76390,80055,83405,87110,90435,94375,97605,101055,104435,106295,108065,110985,112690,113650,115290,117790,119725,121455,123400,125335,126565,127890,130085,132630,134955,137215,139625,141910,144360,146780,149295,151390,153930,156380,158320,160170,161210,163010,165705,168465,170695,173330,175805,178720,180755,183290,185760,188495,190420,193215,195525,197975,199770,201460,202545,204800,207415,209860,212520,213995]
resources/preprocessed/Interpolated/Andre_Squats_13_10_2020_Belly.csv:[60996,63491,64676,66666,68941,71981,74561,77596,79556,81251,82591,84626,86186,87606,89606,92521,94666,96341,97491,99706,101286,102626,104866,107561,109706,112171,114616,117096,119436,122066,124006,125566,126441,127651,128826,129986,131251,132451,133646,134751,136001,137141,138396,139551,140871,142041,143316,144466,145726,146936,148076,149201,150466,151596,152861,154121,155306,156501,157741,158956]
resources/preprocessed/Interpolated/Andre_liegestuetzen2_13_10_2020_Chest.csv:[39996,41561,43321,44891,47196,48376,49891,51596,53321,55046,56721,57656,58666,59371,60426,61181,62906,64716,66356,67056,68066,69166,70691,71861,73111,74101,75751,76736,77586,78596,79951]
resources/preprocessed/Interpolated/Andre_liegestuetzen2_13_10_2020_LeftArm.csv:[39996,41606,43336,44901,46531,48261,49976,51586,53316,55061,56846,58686,60471,62316,64306,66291,68436,70646,73121,74626,75836,77671,79101]
resources/preprocessed/Interpolated/Lukas_liegestuetzen3_13_10_2020_LeftArm.csv:[11736,12921,14771,16236,17431,18746,20046,21551,22996,24486,26206,28796]
resources/preprocessed/Interpolated/Andre_liegestuetzen1_13_10_2020_Chest.csv:[16996,18821,20676,22356,24006,25821,27446,29141,30846,32341,33886,35531,37161,38811,40416,42021,43656,45326,47016,48701,50471,52281,54201,55021,56166,57121,58366,60541,61676,63571,64841,66361]
resources/preprocessed/Interpolated/Andre_liegestuetzen2_13_10_2020_RightArm.csv:[39996,41636,43311,44901,46541,48301,49961,51601,53301,55066,56776,57681,58676,60436,62311,64251,65246,66326,67356,68431,69601,70656,71951,73166,74611,75851,77631,79081]
resources/preprocessed/Interpolated/2020-07-02_12.50.00_Belly.csv:[17007,18575,19835,20463,21819,23827,25971,27875,28947,29979,31943,33959,36091,37335,38331,39607,40611,42755,43947,44935,46139,47155,49707,50967,52179,53459,55087,56487,57515,58131,59287,60263,61299,62155,62995]
resources/preprocessed/Interpolated/Andre_liegestuetzen3_13_10_2020_Belly.csv:[30998,32728,34343,35303,36088,37568,39063,40713,42408,44233,45823,46703,47623,49458,51698,52538,53743,54973,55953,58283,60258,61283,62718,63828]
resources/preprocessed/Interpolated/Andre_Squats_13_10_2020_Chest.csv:[60996,63441,64701,65911,66626,68911,71636,74366,77441,79681,81406,82446,84696,86391,87471,88436,89756,91431,92481,94746,97661,98851,99851,101551,102706,104801,107511,109801,111876,113431,114626,117331,119346,121951,123996,126256,127706,128821,129966,131181,132501,133591,134776,135946,137186,138336,139601,140801,142081,143296,144516,145691,146906,148046,149216,150391,151606,152821,154066,155271,156476,157696,158961]
resources/preprocessed/Interpolated/Jan_liegestuetzen1_13_10_2020_LeftArm.csv:[84915,88890,90840,92565,94520,96520,98520,100495,102750,104320,106265,108070,110130,111980,114140,116010,118075,119830,122285,123775,127690,129955,131540,135225,139065,140285,142880,146820,150415,151330,154435,158515,159795,163030,163945,166735,167805,170120,171760,174605,177660,179780,182150,183215]
