resources/preprocessed/Interpolated/Lukas_liegestuetzen3_13_10_2020_RightArm.csv:[11786,12891,13631,14726,16241,17486,18711,19986,21791,22871,24331,24821,26476,27821,28756]
resources/preprocessed/Interpolated/Lukas_liegestuetzen3_13_10_2020_Chest.csv:[11746,13196,14716,15906,16441,17011,17551,18871,19681,20281,21676,22531,23006,24391,25621,26256,27831,28646]
resources/preprocessed/Interpolated/Lukas_liegestuetzen3_13_10_2020_Belly.csv:[10996,12606,13521,14841,15446,16021,17176,17946,19081,20311,21386,21801,22851,24351,25661,26591,27846,28796]
resources/preprocessed/Interpolated/Lukas_liegestuetzen2_13_10_2020_RightArm.csv:[36000,36540,37720,38175,39130,39810,40710,41280,42265,43865,45645,46300,47305,48020,49050,49710,50775,52370,53100,54040,54645,55705,57240,57840,58885,59535,60670,61355,62575,63830,65120,66405,67010,69885,71375,72505,73910]
resources/preprocessed/Interpolated/Lukas_liegestuetzen2_13_10_2020_LeftArm.csv:[36000,36565,37690,39175,40770,42315,43925,45645,47360,49070,49665,50765,52420,53090,54095,55710,57290,57845,59015,60680,62595,63845,65080,66445,66965,68295,69880,71310,72800,73510]
resources/preprocessed/Interpolated/Lukas_liegestuetzen2_13_10_2020_Chest.csv:[36570,37750,39195,40775,42780,43625,44290,46230,47150,47670,48780,49710,50700,51965,52880,53920,54500,55830,56995,57730,58860,59325,60515,61000,62305,63060,63955,64715,65530,66730,68070,68625,70035,71220,72770,73995]
resources/preprocessed/Interpolated/Lukas_liegestuetzen2_13_10_2020_Belly.csv:[36820,38055,39285,41270,42580,43920,45575,46510,47255,47580,49235,50220,51405,52400,52980,53970,54590,55755,57255,58995,60990,62345,63485,65520,66820,67730,69040,69825,70920,72895,73995]
resources/preprocessed/Interpolated/Lukas_liegestuetzen1_13_10_2020_Belly.csv:[38000,38710,40135,41815,42360,43560,44220,45685,47080,49220,51195,52695,54555,56765,57865,58650,60155,61645,62460,63650,64235,65565,66320,67485,68160,68935,70040,71195,72400,73685,75260,76420,76845,77840,78845,80115,80800,82115,83995]
resources/preprocessed/Interpolated/Jan_liegestuetzen3_13_10_2020_RightArm.csv:[34230,36870,38330,39775,41215,42625,44110,45475,46850,48370,50000,51740,53590,55625,56995]
resources/preprocessed/Interpolated/Jan_liegestuetzen3_13_10_2020_LeftArm.csv:[34000,34865,36885,38340,39800,41200,42605,44065,45470,46865,48365,50015,51770,53600,55550,55755,56995]
resources/preprocessed/Interpolated/Jan_liegestuetzen3_13_10_2020_Belly.csv:[34000,35420,37070,38525,40175,41380,42925,44345,45695,47130,48675,50505,52185,54120,56445]
resources/preprocessed/Interpolated/Jan_liegestuetzen2_13_10_2020_RightArm.csv:[17041,18006,19951,21321,22666,24046,25386,26716,28086,29526,30866,32306,33756,35166,36691,38216,39951,41641,43461,45526,47676,49766,50781]
resources/preprocessed/Interpolated/Jan_liegestuetzen2_13_10_2020_Chest.csv:[16996,18061,19931,21311,22721,24041,25376,26736,28116,29446,30901,32291,33801,35121,36691,38191,40031,41666,43531,45661,47716,50571]
resources/preprocessed/Interpolated/Jan_liegestuetzen2_13_10_2020_Belly.csv:[16996,18201,18566,20126,21536,22871,24231,25651,26986,28311,29706,31091,32506,33936,35466,36956,38656,40281,42076,43896,46051,48711,50271,50996]
resources/preprocessed/Interpolated/2020-07-02_14.59.59_LeftArm.csv:[74495,75903,76959,78115,79239,80423,81575,82695,84007,85187,86375,87535,88775,90011,91307,92503,93959,95147,96783,97939,99767]
resources/preprocessed/Interpolated/Andre_liegestuetzen2_13_10_2020_Belly.csv:[39996,41601,43331,44871,46471,47341,48241,49916,51586,52456,53271,55046,56801,57816,58611,59561,60391,62136,64121,65766,66131,67591,68411,69641,70691,71826,73126,74116,74881,75926,77501,79006]
resources/preprocessed/Interpolated/Jan_liegestuetzen1_13_10_2020_RightArm.csv:[84900,85395,88860,90760,92575,94565,96465,98460,100720,102420,104305,106285,108180,110225,112075,114120,116110,117960,119985,122305,123860,126265,127810,129900,131705,133935,135505,137400,139290,140375,141200,142865,144050,146775,147835,148720,150560,152930,154610,155875,158670,159595,161215,163030,164505,166905,167820,170290,171345,173955,174760,177820,179635,182415,183075,183860]
resources/preprocessed/Interpolated/2020-07-02_14.59.59_Chest.csv:[74779,75627,77079,78187,79247,80311,80775,81635,83183,84079,85339,86411,87931,88959,90563,91363,93211,94015,96111,97011,98799,99995]
resources/preprocessed/Interpolated/2020-07-02_15.13.22_Belly.csv:[23219,25111,25791,26895,27659,28619,29647,30711,31591,32699,33655,34535,35803,37019,38151,39267,40339,41659,42443,44063,45171,46727,47747,49511,50379,51499,52303,53003,55351,56503,58835,60095,61483,62527,63815,65523]
resources/preprocessed/Interpolated/2020-07-02_15.13.22_RightArm.csv:[23251,24743,26079,26843,27847,28599,29659,30595,31647,32671,33911,34751,35979,36975,38287,39251,40387,41535,42707,44047,45259,46691,47891,49455,50663,52251,53487,55291,56679,58771,60195,62567,64083,65215,66095]
resources/preprocessed/Interpolated/Lukas_liegestuetzen1_13_10_2020_Chest.csv:[38000,38700,40105,41730,43350,43710,45300,46495,47005,47625,48700,50565,51460,52400,54570,56065,57150,57970,58595,59880,61765,63460,64175,65360,66585,67645,68855,69545,71065,71835,72775,74385,75175,76400,78715,80260,81100,81605,82350,83965]
resources/preprocessed/Interpolated/Jan_liegestuetzen1_13_10_2020_Chest.csv:[84900,86175,86425,88690,90280,91955,92905,96615,97325,98580,99875,100385,101190,101955,104420,106160,106485,108180,110925,112080,113580,115980,116700,117380,119730,121590,122685,123315,124430,127200,128675,131925,135470,136240,138250,139395,142140,143045,143875,146020,146830,147745,150475,152030,154510,158620,159745,160485,162860,164390,164950,166870,167975,170345,174345,175340,177610,178850,179825,180860,182200,183325]
resources/preprocessed/Interpolated/2020-07-02_14.20.28_RightArm.csv:[62035,63319,64319,65431,66539,67695,68811,69939,71119,72255,73427,74619,75847,77155,78607,80311,81591,82211,83819]
resources/preprocessed/Interpolated/2020-07-02_14.20.28_Belly.csv:[61995,64131,65291,66439,68103,68655,69975,71247,71991,72659,73223,74579,75619,76131,77339,78363,78959,79759,80411,81363,82087,83163,84007]
resources/preprocessed/Interpolated/2020-07-02_14.14.32_RightArm.csv:[32003,33559,34427,35647,36903,38195,39475,40775,42127,43479,44887,46279,47599,49011,50403,51847,53291,54775,56235,57967,59595,61391,62119,63447,64503]
resources/preprocessed/Interpolated/2020-07-02_15.13.22_LeftArm.csv:[23267,24667,26227,26763,27975,28615,29711,30623,31647,32679,33719,34779,35931,37011,38183,39271,40375,41555,42663,44039,45271,46691,47831,49479,50631,52223,53443,55243,56659,57471,58711,60159,62483,64079,66095]
resources/preprocessed/Interpolated/2020-07-02_14.14.32_Belly.csv:[32003,34271,35059,36239,36795,37511,38747,39419,39975,40755,41343,42659,43431,44067,45323,46151,46747,47475,49475,50851,52279,52903,53719,54547,56659,58115,59975,61607,63243,63883]
resources/preprocessed/Interpolated/2020-07-02_14.59.59_RightArm.csv:[74515,75915,76943,78111,79259,80375,81591,82807,84031,85231,86391,87591,88791,90027,91315,92535,93975,95207,96811,97963,99695]
resources/preprocessed/Interpolated/Jan_liegestuetzen3_13_10_2020_Chest.csv:[34000,34900,36855,38275,39795,41180,42645,44115,45480,46890,48395,50100,51790,53575,55710]
resources/preprocessed/Interpolated/2020-07-02_14.20.28_LeftArm.csv:[61995,63311,64323,65415,66527,67703,68807,69951,71107,72263,73419,74603,75835,77139,78563,80091,81515,82219,83431]
resources/preprocessed/Interpolated/2020-07-02_13.00.09_Belly.csv:[26999,27859,29067,30787,31751,32739,33695,34603,35567,36451,37671,38895,39751,40431,41611,42603,43751,44691,45819,47031,47875,49127,50747,51595,52827,54379,56103,57175,58311,59491,60371,61803,62411]
resources/preprocessed/Interpolated/2020-07-02_14.14.32_LeftArm.csv:[32003,32315,33583,34447,35651,36879,38179,39463,40771,42131,43463,44871,46255,47579,48967,50379,51799,53207,54699,56139,57891,59527,61299,62131,63399,64499]
resources/preprocessed/Interpolated/2020-07-02_11.17.39_Belly.csv:[58227,58971,60263,61051,61991,64439,65411,66087,67127,67875,68679,69531,70583,71475,72315,73039,74063,74751,75879,77703,78515,79475,80579,81443,82311,83183,84219,85139,86175,87099,88259,89303,90603,91435,92527,93727,94963,96083,97459,98643,99903,101211,102631,103903,106323,107343,108139]
resources/preprocessed/Interpolated/Andre_liegestuetzen3_13_10_2020_Chest.csv:[31423,32783,33778,35288,36533,37483,38043,39763,40978,42423,43058,44178,45848,46493,47858,48268,49348,50148,51733,53713,54393,55943,56683,58293,58878,59853,61118,62033,63668,64748]
resources/preprocessed/Interpolated/2020-07-02_11.17.39_Chest.csv:[58227,58731,59595,61023,62691,63539,64495,65403,66279,66887,67999,68587,69587,70327,71391,72187,73159,73811,74911,75675,76795,77651,78527,79535,80415,81159,82283,83131,84143,85067,86131,86755,88051,89383,90547,91467,92299,93631,94807,95911,97199,98515,99803,100983,102367,103647,105139,106615,108139]
resources/preprocessed/Interpolated/Jan_liegestuetzen1_13_10_2020_Belly.csv:[84955,86180,87145,88075,89920,91120,92205,95160,96200,97905,99160,100295,101445,102100,103645,105110,106335,107905,109390,110065,111915,113305,114270,115840,117220,118200,119815,121305,122255,123740,125365,126840,127835,129105,130120,131580,132670,133825,135310,136630,137570,139090,140300,141215,142660,144195,145115,146595,147995,148855,150400,151805,153025,154410,155985,157000,158340,160000,161250,162860,164940,166780,168240,170250,171705,173765,175305,177590,179895,182130,183245,183995]
resources/preprocessed/Interpolated/2020-07-02_11.17.39_LeftArm.csv:[58227,59295,61059,62763,64499,65499,66183,66995,67879,68767,69527,71323,73099,74043,74911,76719,78511,79579,80367,81267,82247,84127,85083,86075,87991,89359,90487,91399,92507,93623,94787,95967,97239,98483,99767,100987,102371,103563,105007,106531,108139]
resources/preprocessed/Interpolated/2020-07-02_14.59.59_Belly.csv:[74871,75739,76999,77983,79271,80307,81571,84087,85311,86419,88583,91315,92295,93935,94959,96831,99995]
resources/preprocessed/Interpolated/Andre_Squats_13_10_2020_LeftArm.csv:[60996,63436,64761,66186,67706,68831,69946,71586,74236,77146,79596,81266,82371,84571,86576,87486,89376,92361,94816,96756,97946,99786,102521,104686,107226,109166,109911,112021,114501,117091,119241,121646,123101,123896,126271,127486,128686,129936,131131,132321,133486,134711,135871,136956,138251,139471,140716,141976,143236,144406,145621,146826,148001,149146,150371,151566,152796,154011,155256,156431,157651,158846]
resources/preprocessed/Interpolated/2020-07-02_14.07.33_Chest.csv:[7473,8729,9933,11241,12533,13757,15029,16521,17569,19089,20337,21633,23169,24509,25845,26849,28665,30133,31485,32477,33765,34529,35593,35949,36633,38517,39777,41909,43781]
resources/preprocessed/Interpolated/2020-07-02_11.17.39_RightArm.csv:[58227,59311,60159,61071,62807,64471,66171,67863,69531,71319,73083,74883,76695,78491,80367,82227,84119,85039,86071,88043,89367,90459,91319,92495,93595,94763,95947,97223,98479,99775,100975,102371,104983,106335,108139]
resources/preprocessed/Interpolated/Andre_liegestuetzen3_13_10_2020_RightArm.csv:[30998,31453,32773,33513,34418,35218,36078,36743,37698,38318,39328,40883,41588,42483,43248,44233,44983,45918,46713,47703,48433,49473,50513,51723,52643,53783,54858,56018,57323,58438,59908,61223,62688,64008,65498]
resources/preprocessed/Interpolated/2020-07-02_12.50.00_LeftArm.csv:[16271,17323,18851,19847,20799,21867,22699,23795,24895,25895,26927,27907,28943,29971,30987,31935,32955,33951,35011,36083,37231,38299,39367,40535,41743,42751,43831,44911,46023,47179,48439,49687,50955,52199,53599,55059,56315,57507,58767,60171,61455,62995]
resources/preprocessed/Interpolated/2020-07-02_14.20.28_Chest.csv:[61995,64191,64791,66339,66947,67543,69351,70359,71511,72691,73835,75127,76251,77679,79239,80663,82043,83099,84007]
resources/preprocessed/Interpolated/2020-07-02_14.07.33_RightArm.csv:[7209,8529,9489,10749,12009,13321,14629,15933,17297,18537,19813,21177,22561,23985,25325,26669,28093,29513,30973,32405,33861,35313,36777,38289,39885,41605,43625]
resources/preprocessed/Interpolated/Lukas_liegestuetzen1_13_10_2020_RightArm.csv:[38000,40065,41670,42440,43500,44235,45270,45950,47070,47720,48770,50515,51375,52335,53145,54235,55085,56150,56970,57995,58765,59865,60675,61695,62540,63535,64280,65365,66260,67345,68080,69115,70040,71105,71865,72915,73620,74715,75310,76390,77055,78100,78840,79935,80670,81855,83995]
resources/preprocessed/Interpolated/2020-07-02_14.07.33_Belly.csv:[7197,8753,9965,11405,12509,13713,15097,16453,17585,18493,18953,19737,20361,21717,23137,24421,25761,27137,28513,30037,31381,32609,33869,35565,37297,38537,40105,41425,41869,42997,43741]
resources/preprocessed/Interpolated/Andre_liegestuetzen1_13_10_2020_RightArm.csv:[16996,18741,19611,20591,21356,22351,23081,24001,24821,25731,26356,27401,28126,29116,29761,30711,31286,32241,32921,33876,34491,35481,36181,37096,37821,38806,40316,41021,41976,42666,43616,44286,45231,46061,46991,47796,48631,49591,50461,52251,53146,54166,55096,56146,57236,58336,59481,60566,62271,63561,65096,66376]
resources/preprocessed/Interpolated/2020-07-02_12.50.00_RightArm.csv:[16003,16451,17319,18851,20779,22695,23783,24879,25903,26907,27899,28923,29995,30991,31963,32907,33939,34999,36095,37215,38303,39351,40555,41739,42763,43835,44947,46015,47187,48423,49683,50947,52195,53607,55055,56319,57483,58775,60139,61463,62995]
resources/preprocessed/Interpolated/Andre_Squats2_13_10_2020_Belly.csv:[48045,49125,49900,50745,51410,52000,53055,53720,54165,55235,56125,56535,57650,58430,58855,60040,61210,62405,63630,64780,66030,66525,67730,69210,70605,72060,72825,73460,75025,76720,79070,80255,82095,83455,84840,85715,87550,90525,91945,92860,93735,94765,97315,98540,99135,102010,104220,106670,107970,108715,109935,110630,111645,113780,115115,115920,117460,118680,119995,121755,122625,123605,125205,125500,127575,128340,130240,132770,135180,137245,139715,141980,144205,146870,149450,151620,153150,153945,156275,157830,158800,160035,161200,162975,163535,165830,166875,168215,170625,172695,173460,175990,177390,178505,178905,180860,181950,182625,183465,185860,187480,188545,190830,193200,194875,195760,197635,199680,201710,203340,205020,207510,209925,212310,213870]
resources/preprocessed/Interpolated/2020-07-02_12.50.00_Chest.csv:[16003,16271,17067,18651,19395,21139,22059,23031,23891,25067,26091,27287,29283,29863,31515,33403,34011,35507,36195,37667,38299,39587,40783,42159,42795,44031,45047,46087,47379,48503,49863,51139,52283,53531,55179,56315,57727,58783,60419,61451,62343,62995]
resources/preprocessed/Interpolated/2020-07-02_13.00.09_Chest.csv:[27851,28955,29775,31811,32735,33707,34739,35635,36799,37627,38583,39543,40719,41639,42911,43655,44659,45039,45867,47267,48195,48639,49703,50383,51755,52931,54555,55671,56619,57523,58627,60467,61759,62411]
resources/preprocessed/Interpolated/2020-07-02_13.00.09_RightArm.csv:[26999,27927,29019,29939,30815,31767,32723,33671,34535,35559,36563,37455,38435,39435,40547,41547,43531,44543,45739,47003,48103,49059,50327,51619,52883,54291,55611,57095,58567,60503,62411]
resources/preprocessed/Interpolated/2020-07-02_15.13.22_Chest.csv:[23135,24895,25931,26795,27619,28555,29567,30491,31531,32603,33667,34507,35799,37003,38071,39163,40251,41471,42579,43931,45171,46619,47735,49515,50503,51687,52223,53283,54575,55475,56651,58019,58839,60135,61443,62667,63999,65367]
resources/preprocessed/Interpolated/Andre_liegestuetzen1_13_10_2020_Belly.csv:[16996,18786,19741,20641,21431,22431,24011,24836,25811,26466,27466,28181,29061,30731,31496,32476,32956,33856,35491,37226,38676,40366,41021,42016,43581,44351,45361,46986,48661,50461,52276,54031,55151,56186,57376,58491,60471,62571,63406,65081,66386]
resources/preprocessed/Interpolated/2020-07-02_15.31.36_Belly.csv:[72271,73759,75231,77299,77947,78431,78987,80719,81475,81959,83187,84703,85555,86915,88303,89151,90079,90567,91407,92559,93543,94815,96035,97071,98239,99387,100187,101751,104283,106787,109579,112375,113975]
resources/preprocessed/Interpolated/Jan_liegestuetzen2_13_10_2020_LeftArm.csv:[17671,19886,21306,22681,23991,25341,26671,28071,29496,30851,32256,33696,35111,36681,38261,39981,41681,43536,45551,47621,48421,49736,50756]
resources/preprocessed/Interpolated/2020-07-02_15.31.36_Chest.csv:[72271,73799,75303,77719,78527,79243,81695,83055,84663,85431,86807,88139,89099,90131,91307,92547,93575,94791,95939,97119,98095,99327,100251,101631,102759,104303,105223,106823,107847,109499,111559,112431,113175,113975]
resources/preprocessed/Interpolated/Andre_Squats_13_10_2020_RightArm.csv:[60996,63416,64746,66506,67656,68931,69771,71646,74286,76731,77336,79626,82296,84536,86716,87296,88826,89401,92266,94891,97586,99766,101836,102541,104641,106806,109806,111731,114501,117066,118406,119311,121571,123906,126206,127471,128691,129901,131156,132331,133491,134686,135871,136961,138241,139471,140736,141976,143236,144451,145646,146876,148016,149186,150376,151576,152796,154031,155236,156456,157656,158871]
resources/preprocessed/Interpolated/2020-07-02_14.14.32_Chest.csv:[32495,34307,35003,36267,37527,38775,40059,41387,42727,44075,45471,46827,47415,48331,48987,49635,50339,51047,52399,53803,54467,55567,56143,57011,58423,59643,60495,61811,63731,64579]
resources/preprocessed/Interpolated/2020-07-02_15.31.36_LeftArm.csv:[72271,73739,75211,77663,79155,81395,83023,85303,86839,88263,89327,90407,91479,92603,93695,94855,96107,97079,98171,99415,100619,101763,102939,104299,105383,106839,108055,109531,110779,112255,113351,113975]
resources/preprocessed/Interpolated/2020-07-02_15.31.36_RightArm.csv:[72271,73703,75615,76275,77807,79007,81303,82991,85387,86855,88243,89347,90399,91511,92619,93703,94831,95951,97027,98211,99411,100479,101775,102955,104283,105479,106851,108103,109535,110787,112255,113475]
resources/preprocessed/Interpolated/Andre_Squats2_13_10_2020_Chest.csv:[47500,49635,50785,51925,53085,54170,55290,56445,57650,58835,60060,61180,62400,63565,64765,66005,67795,69210,70790,72730,74610,76850,78265,80190,81750,83420,85970,87320,88960,90340,91885,93165,94570,97340,98840,99910,101600,104285,106415,107150,108710,109435,111045,113080,113430,114555,116030,118670,120470,120980,122360,123570,125385,126105,127435,128310,129435,130300,132720,135070,137270,139795,141985,144455,146895,149295,152080,154085,156360,158270,158815,159745,160970,163180,163795,165780,166925,168185,169720,170715,173815,174760,175935,177080,178130,178845,180890,181940,183005,183650,185860,187020,188050,190885,192915,193510,195685,198295,199300,200625,201530,202360,203145,205045,207830,209960,212595]
resources/preprocessed/Interpolated/2020-07-02_14.07.33_LeftArm.csv:[7173,8573,9449,10785,11993,13329,14633,15941,16385,17285,18545,19813,21185,22569,23989,25309,26673,28085,29473,30961,32373,33805,35261,36737,38233,39841,41509,43417]
resources/preprocessed/Interpolated/Andre_Squats2_13_10_2020_RightArm.csv:[47500,49575,50790,51915,53060,54160,55295,56425,57590,58780,60005,61180,62345,63545,64730,66005,68995,72920,76420,80050,83405,87055,89230,90455,93720,94405,95950,97460,98265,100845,103045,105055,106395,108040,109925,111230,112145,113110,113670,115050,116755,117685,119270,120420,121415,122760,124310,125365,126455,127505,130145,132590,134990,137290,139515,141895,144360,146755,149330,151450,153815,156245,158550,160100,161160,163575,165875,168260,170780,172060,173700,175940,178560,180800,183250,185795,188285,190740,193170,195540,197840,199680,201260,202475,205060,207405,209885,212370,213965]
resources/preprocessed/Interpolated/Andre_liegestuetzen1_13_10_2020_LeftArm.csv:[16996,18761,19586,20621,22331,23986,24806,25741,27351,28156,29106,30701,31286,32246,33826,35466,37106,38746,40321,41956,43661,45296,46031,47026,48721,50511,52276,54216,55096,56171,57241,58386,59491,60601,62291,63571,65131,66366]
resources/preprocessed/Interpolated/2020-07-02_13.00.09_LeftArm.csv:[26999,27947,29027,29991,30815,31795,32679,33663,34599,35567,36535,37519,38579,39471,40507,41551,42635,43575,44599,45767,47059,48131,49087,50363,51639,52935,54311,55627,57127,58595,59643,60495,62411]
resources/preprocessed/Interpolated/Andre_liegestuetzen3_13_10_2020_LeftArm.csv:[30998,31493,32783,34408,36068,37703,39343,40933,42513,44233,45928,46653,47703,49518,51698,53803,54953,56028,57368,58498,59923,61208,62733,64083,65468]
resources/preprocessed/Interpolated/Lukas_liegestuetzen1_13_10_2020_LeftArm.csv:[38000,38670,40065,41700,42415,43510,45280,47050,48770,50540,51310,52365,53080,54240,55070,56160,56945,58030,59855,60595,61685,62525,63545,64250,65405,66250,67370,68030,69175,70030,71150,71835,72950,74730,76445,78155,78830,79945,80670,81870,83170,83995]
resources/preprocessed/Interpolated/Andre_Squats2_13_10_2020_LeftArm.csv:[47500,49585,50825,51900,53070,54165,55290,56420,57600,58810,60000,61165,62320,63540,64685,65890,67060,69125,71915,72790,76390,80055,83405,87110,90435,94375,97605,98170,101055,102875,104435,106295,108065,109350,110985,112030,112690,113650,114570,115290,117790,119200,119725,121455,123400,125335,126565,127890,130085,132630,134955,137215,139625,141910,144360,145715,146780,149295,151390,153930,156380,158320,160170,161210,162175,163010,164945,165705,167150,168465,169915,170695,172265,173330,175805,178720,180755,183290,185760,188495,190420,193215,195525,197975,199770,201460,202545,204800,206380,207415,209860,210900,212520,213995]
resources/preprocessed/Interpolated/Andre_Squats_13_10_2020_Belly.csv:[60996,63491,64676,65701,66666,67446,68941,70676,71981,74561,77596,79556,81251,82591,84626,86186,87606,89606,91241,92521,94666,96341,97491,99706,101286,102626,104866,106426,107561,109706,112171,114616,117096,119436,120951,122066,124006,125566,126441,127651,128826,129986,131251,132451,133646,134751,136001,137141,138396,139551,140871,142041,143316,144466,145211,145726,146936,148076,149201,150466,151596,152861,154121,155306,156501,157741,158956]
resources/preprocessed/Interpolated/Andre_liegestuetzen2_13_10_2020_Chest.csv:[39996,41561,43321,43881,44891,46576,47196,48376,49891,51596,52191,53321,53891,55046,56721,57656,58666,59371,60426,61181,62276,62906,64021,64716,65611,66356,67056,68066,69166,70691,71861,73111,74101,75336,75751,76736,77586,78596,79951]
resources/preprocessed/Interpolated/Andre_liegestuetzen2_13_10_2020_LeftArm.csv:[39996,41606,43336,44901,46531,48261,49976,51586,53316,55061,56846,58686,60471,62316,63236,64306,65226,66291,67311,68436,69571,70646,71406,71901,73121,73976,74626,75836,76771,77671,79101,79996]
resources/preprocessed/Interpolated/Lukas_liegestuetzen3_13_10_2020_LeftArm.csv:[10996,11736,12921,14771,16236,17431,18746,20046,21551,22996,24486,26206,28796]
resources/preprocessed/Interpolated/Andre_liegestuetzen1_13_10_2020_Chest.csv:[16996,18526,18821,20676,22356,24006,25821,27446,29141,30846,32341,33886,35531,37161,38811,40416,42021,43656,45326,47016,48701,50471,51106,52281,52911,54201,55021,56166,57121,58366,60541,61676,62276,63571,64841,66361,66996]
resources/preprocessed/Interpolated/Andre_liegestuetzen2_13_10_2020_RightArm.csv:[39996,41636,42311,43311,43911,44901,45566,46541,47301,48301,48911,49961,50551,51601,52361,53301,54031,55066,55881,56776,57681,58676,59466,60436,61301,62311,63266,64251,65246,66326,67356,68431,69601,70656,71951,73166,74611,75851,77631,79081,79996]
resources/preprocessed/Interpolated/2020-07-02_12.50.00_Belly.csv:[17007,18575,19835,20463,21819,22723,23827,24551,25971,27875,28947,29979,31943,33959,36091,37335,38331,39607,40611,41919,42755,43947,44935,46139,47155,49707,50967,52179,53459,55087,56487,57515,58131,59287,60263,61299,62155,62995]
resources/preprocessed/Interpolated/Andre_liegestuetzen3_13_10_2020_Belly.csv:[30998,31278,32728,34343,35303,36088,36713,37568,39063,40713,41548,42408,43223,44233,44948,45823,46703,47623,48438,49458,51698,52538,53743,54973,55953,56748,58283,60258,61283,62718,63828,64993,65498]
resources/preprocessed/Interpolated/Andre_Squats_13_10_2020_Chest.csv:[60996,63441,64701,65911,66626,68911,71636,74366,75306,77441,79681,81406,82446,83496,84696,86391,87471,88436,89756,91431,92481,93836,94746,97661,98851,99851,101551,102706,104801,107511,108641,109801,111876,113431,114626,116521,117331,119346,120276,121951,123996,126256,127706,128821,129966,131181,132501,133591,134776,135946,137186,138336,139601,140801,142081,143296,144516,145691,146906,148046,149216,150391,151606,152821,154066,155271,156476,157696,158961]
resources/preprocessed/Interpolated/Jan_liegestuetzen1_13_10_2020_LeftArm.csv:[84915,86290,88890,90840,92565,94520,96520,98520,100495,102750,104320,106265,108070,110130,111980,114140,116010,118075,119830,120720,122285,123775,124895,127690,129955,131540,135225,139065,140285,142880,144875,146820,149810,150415,151330,152175,154435,156780,158515,159795,163030,163945,166735,167805,170120,170910,171760,173865,174605,177660,179780,182150,183215]
