resources/preprocessed/Interpolated/Lukas_liegestuetzen3_13_10_2020_RightArm.csv:[10996,12406,13336,14186,15731,16901,18141,19446,20896,22326,23711,24666,25351,27086,28021]
resources/preprocessed/Interpolated/Lukas_liegestuetzen3_13_10_2020_Chest.csv:[11026,12396,14016,15621,16186,16806,17351,18006,19376,19966,20906,22186,22626,23601,25101,25806,26866,28206,28796]
resources/preprocessed/Interpolated/Lukas_liegestuetzen3_13_10_2020_Belly.csv:[11056,13006,14141,14981,15796,16926,17416,18241,19601,20736,21676,22246,23321,24786,26166,27021,28356]
resources/preprocessed/Interpolated/Lukas_liegestuetzen2_13_10_2020_RightArm.csv:[36085,37185,37990,38680,39600,40245,41120,41780,43270,45070,46115,46775,47775,48530,49540,50165,51810,52845,53545,54425,55125,56630,57565,58345,59325,60025,61015,61900,62960,64480,65370,66840,67620,70595,71985,73070,73995]
resources/preprocessed/Interpolated/Lukas_liegestuetzen2_13_10_2020_LeftArm.csv:[36075,37170,38645,40125,41720,43210,45095,46695,48515,49560,50180,51810,52875,53555,55100,56630,57675,58360,60015,61885,63015,64455,65520,66775,67605,68790,70580,71980,72985,73995]
resources/preprocessed/Interpolated/Lukas_liegestuetzen2_13_10_2020_Chest.csv:[36000,37105,38470,40025,41725,43440,43815,45045,46775,47435,48215,49465,49930,51695,52050,52310,53480,54195,55020,56535,57200,58250,59030,59895,60655,61765,62630,63420,64300,65185,66025,67455,68395,69380,70650,71995,73185]
resources/preprocessed/Interpolated/Lukas_liegestuetzen2_13_10_2020_Belly.csv:[36000,37455,38660,40240,41860,43335,44900,46920,47465,48290,49990,50385,51765,52820,53495,54315,55060,56250,58300,59905,61605,62740,64365,65995,67450,68095,69465,70495,72050,73655]
resources/preprocessed/Interpolated/Lukas_liegestuetzen1_13_10_2020_Belly.csv:[38240,39545,41175,42210,42825,43940,44770,46370,48295,50270,52080,53760,55575,57500,58160,59185,61230,62060,62895,63880,64905,65980,66885,67780,68615,69450,70535,72280,72710,74230,75880,76075,76570,77405,78275,79345,80515,80895,83310]
resources/preprocessed/Interpolated/Jan_liegestuetzen3_13_10_2020_RightArm.csv:[34000,36295,37660,39195,40535,41935,43415,44765,46135,47605,49230,50955,52680,54650,56880]
resources/preprocessed/Interpolated/Jan_liegestuetzen3_13_10_2020_LeftArm.csv:[34135,36270,37650,39125,40525,41915,43385,44780,46135,47560,49180,50960,52685,54660,55675,56740]
resources/preprocessed/Interpolated/Jan_liegestuetzen3_13_10_2020_Belly.csv:[34755,35950,37705,39330,40680,42075,43670,44955,46405,47725,49340,51075,52855,54845,56995]
resources/preprocessed/Interpolated/Jan_liegestuetzen2_13_10_2020_RightArm.csv:[17816,19431,20701,22046,23381,24716,26041,27411,28816,30176,31576,33026,34436,35936,37496,39206,40816,42656,44536,46846,49031,50206,50996]
resources/preprocessed/Interpolated/Jan_liegestuetzen2_13_10_2020_Chest.csv:[17356,19206,20571,22006,23336,24671,25991,27336,28786,30131,31556,33011,34421,35876,37476,39161,40801,42626,44571,46821,49376,50996]
resources/preprocessed/Interpolated/Jan_liegestuetzen2_13_10_2020_Belly.csv:[17401,18361,19026,20791,22126,23521,24926,26241,27556,28991,30296,31736,33131,34541,36116,37596,39321,40961,42806,44726,47036,49436,50841]
resources/preprocessed/Interpolated/2020-07-02_14.59.59_LeftArm.csv:[73999,75247,76387,77527,78719,79879,80927,82151,83319,84603,85767,86947,88143,89451,90595,91919,93275,94595,96011,97399,98767,99995]
resources/preprocessed/Interpolated/Andre_liegestuetzen2_13_10_2020_Belly.csv:[41406,42176,44031,45836,46996,47686,48906,50766,52226,54321,55641,57396,57996,59241,59701,61331,62836,64911,65906,66936,67961,68846,70416,71126,72546,73811,74266,75041,76791,78096,79996]
resources/preprocessed/Interpolated/Jan_liegestuetzen1_13_10_2020_RightArm.csv:[87715,90170,91370,94130,95275,98055,99215,101975,102930,105875,106995,109775,110855,113775,114620,117735,118700,121845,122895,125835,126745,129535,130355,133410,134340,137120,138085,140230,140865,141650,143710,144675,147660,148545,149265,152605,153510,155685,157345,159425,160835,161770,163925,165940,167435,169125,170895,172755,174405,176755,178710,181195,182950,183285,183995]
resources/preprocessed/Interpolated/2020-07-02_14.59.59_Chest.csv:[73999,75295,76071,77643,78995,79775,80527,81135,82267,83559,84643,85963,86939,88407,89835,90935,91991,93551,95223,96487,98007,99527]
resources/preprocessed/Interpolated/2020-07-02_15.13.22_Belly.csv:[23003,24387,25615,26255,27335,28067,29115,30131,31119,32103,33291,34135,35239,36211,37675,38659,40011,40907,42343,43039,44607,45679,47467,48147,50075,50803,51831,52863,53735,55935,57255,59431,60739,61771,63283,64667,66095]
resources/preprocessed/Interpolated/2020-07-02_15.13.22_RightArm.csv:[23003,24567,25571,26499,27299,28311,29075,30199,31111,32207,33247,34339,35335,36519,37591,38811,39779,41071,42075,43447,44607,46131,47279,48771,50055,51499,52839,54403,55983,57803,59447,60767,63335,64675,65475]
resources/preprocessed/Interpolated/Lukas_liegestuetzen1_13_10_2020_Chest.csv:[38305,39650,41000,42770,43585,44630,46150,46675,47425,48070,49875,51080,51860,53605,55375,56845,57480,58360,59260,61210,62720,64090,64835,66045,66935,68160,69315,70265,71395,72215,73585,74595,75845,77335,79500,80650,81275,82035,83010]
resources/preprocessed/Interpolated/Jan_liegestuetzen1_13_10_2020_Chest.csv:[85700,86335,87405,89870,90625,92500,94480,96845,98460,98930,100230,101005,101735,103055,105965,106390,106940,110090,111275,113365,114035,116580,117290,118375,121020,122020,122980,123755,126240,127490,129800,133770,135905,137375,138560,141090,142265,143580,144920,146145,147490,148715,151305,152825,156730,159315,160245,161075,163775,164690,165715,167490,168965,172620,174895,176435,178725,179240,180755,181055,182560,183970]
resources/preprocessed/Interpolated/2020-07-02_14.20.28_RightArm.csv:[62899,63931,64959,66031,67175,68303,69407,70531,71695,72887,74063,75255,76539,77963,79455,80967,82107,82771,84007]
resources/preprocessed/Interpolated/2020-07-02_14.20.28_Belly.csv:[63143,64855,66063,67231,68331,69479,70543,71751,72131,72939,74027,75183,75851,76643,77975,78635,79411,80023,80979,81639,82731,83499]
resources/preprocessed/Interpolated/2020-07-02_14.14.32_RightArm.csv:[33135,34151,35159,36423,37683,38931,40199,41587,42927,44331,45731,47039,48463,49827,51247,52687,54127,55551,57231,58839,60647,62039,62703,64371,64995]
resources/preprocessed/Interpolated/2020-07-02_15.13.22_LeftArm.csv:[23035,24339,25611,26463,27291,28199,29151,30211,31147,32163,33191,34255,35375,36515,37559,38795,39851,41059,42095,43463,44607,46099,47235,48739,50051,51451,52815,54075,55963,57171,57787,59435,60751,63311,64647]
resources/preprocessed/Interpolated/2020-07-02_14.14.32_Belly.csv:[33335,34755,35707,36659,37103,38303,39067,39699,40327,40939,41895,43047,43679,44499,45839,46283,47091,48491,50091,51387,52755,53219,54147,55583,57411,59135,60755,62519,63371,64995]
resources/preprocessed/Interpolated/2020-07-02_14.59.59_RightArm.csv:[73999,75331,76403,77499,78755,79799,80979,82215,83379,84631,85811,86971,88187,89395,90735,91915,93307,94615,96099,97399,98823,99995]
resources/preprocessed/Interpolated/Jan_liegestuetzen3_13_10_2020_Chest.csv:[34075,34580,36110,37610,39030,40515,41930,43340,44805,46145,47585,49205,50955,52700,54650,56995]
resources/preprocessed/Interpolated/2020-07-02_14.20.28_LeftArm.csv:[62791,63903,64955,65995,67163,68267,69387,70519,71675,72859,74031,75211,76483,77903,79387,80879,82099,82727,84007]
resources/preprocessed/Interpolated/2020-07-02_13.00.09_Belly.csv:[27099,28599,29779,31231,32283,33119,34223,35035,36115,36883,38103,39471,40023,40883,42195,43019,44183,45163,46663,47447,48031,49707,51131,52103,53727,54919,56575,57695,58731,59967,61059,62355]
resources/preprocessed/Interpolated/2020-07-02_14.14.32_LeftArm.csv:[32099,33127,34171,35159,36415,37679,38911,40183,41559,42899,44299,45691,46991,48403,49775,51191,52623,54055,55483,57087,58787,60587,61955,62639,64223,64995]
resources/preprocessed/Interpolated/2020-07-02_11.17.39_Belly.csv:[58523,59779,60495,61555,62495,64971,65959,66523,67611,68187,69131,69995,71107,71783,72811,73495,74567,75299,76531,78163,78927,80047,80827,81903,82743,83607,84671,85647,86571,87643,88719,89955,91083,91871,93135,94351,95495,96723,98043,99183,100707,101795,103451,104419,106959,108023]
resources/preprocessed/Interpolated/Andre_liegestuetzen3_13_10_2020_Chest.csv:[30998,32228,33258,34628,35678,37198,37648,38688,40428,41778,42913,43483,45188,46258,47098,48178,48738,49748,50843,52848,54073,55058,56328,57513,58763,59423,60168,61693,62578,64103,65498]
resources/preprocessed/Interpolated/2020-07-02_11.17.39_Chest.csv:[58531,59147,60007,62075,63291,63991,64919,65947,66615,67459,68231,69127,70047,70819,71779,72691,73403,74367,75571,76163,77015,78083,79043,79995,80759,81707,82755,83523,84687,85563,86391,87407,88863,89859,91091,91967,93071,94163,95347,96487,97923,99127,100519,101623,103107,104367,105719,107959]
resources/preprocessed/Interpolated/Jan_liegestuetzen1_13_10_2020_Belly.csv:[84900,85525,86480,87820,88815,90245,91705,93545,95355,96785,98785,99565,100935,101785,103335,104240,105805,107090,108805,109780,111040,112585,113880,115055,116555,117845,118920,120575,121870,123165,123840,124685,125945,127130,128395,129690,130765,132200,133425,134455,136015,137160,138205,139800,140990,141795,143495,144885,145755,147375,148630,149480,151110,152715,153610,155110,156620,157580,159155,160945,161960,163755,166085,167300,169440,170910,173050,174495,176960,178820,181400,182555,183675]
resources/preprocessed/Interpolated/2020-07-02_11.17.39_LeftArm.csv:[58763,59927,61755,63367,65055,65571,66703,67075,68443,68863,70111,71943,73695,74171,75547,77335,79099,79863,80963,81551,82867,84799,85363,86683,87227,88735,89947,91099,91755,93223,94083,95531,96471,98111,98951,100791,101439,103479,104095,105739,107819]
resources/preprocessed/Interpolated/2020-07-02_14.59.59_Belly.csv:[73999,75351,76267,77503,78511,79887,80847,82367,84735,85763,87731,90167,91987,92859,94699,95315,98139]
resources/preprocessed/Interpolated/Andre_Squats_13_10_2020_LeftArm.csv:[61096,62746,64141,65321,67361,68126,69601,70121,73091,75241,78351,80536,81551,83236,85516,87366,88301,90231,94046,95796,97411,99176,100531,103486,105606,108531,109701,110931,113351,115641,118271,120331,122706,123331,125031,127021,127951,129366,130391,131811,132776,134136,135181,136561,137381,138951,139916,141401,142481,143861,144871,146271,147411,148551,149671,151016,152051,153431,154566,155916,156981,158256,158996]
resources/preprocessed/Interpolated/2020-07-02_14.07.33_Chest.csv:[7005,8457,9133,10529,11777,13021,14253,15773,17037,18333,19537,20821,22345,23701,24981,26273,27717,29205,30649,32177,33269,34165,34929,35749,36209,37785,39193,41033,42489,44117]
resources/preprocessed/Interpolated/2020-07-02_11.17.39_RightArm.csv:[58783,60015,60323,62067,63679,65119,66795,68699,70187,72083,73883,75695,77499,79111,81235,83207,84791,85311,87071,88751,89927,91127,91651,93243,94023,95547,96415,98147,98911,100839,101367,104055,105691,107799]
resources/preprocessed/Interpolated/Andre_liegestuetzen3_13_10_2020_RightArm.csv:[31108,32243,33298,33863,34913,35553,36613,37163,38213,38748,40373,41413,41928,43023,43698,44723,45408,46423,47168,48238,48838,50273,51108,52443,53193,54348,55453,56668,57878,59188,60603,61808,63313,64683]
resources/preprocessed/Interpolated/2020-07-02_12.50.00_LeftArm.csv:[16003,16995,18151,19487,20059,21371,21943,23259,24339,25419,26387,27451,28351,29515,30435,31523,32379,33499,34435,35551,36639,37811,38795,39943,41151,42299,43207,44427,45419,46603,47787,49107,50291,51659,52783,54535,55595,57167,57807,59747,60543,62603]
resources/preprocessed/Interpolated/2020-07-02_14.20.28_Chest.csv:[63263,64483,65459,66727,67139,68639,69835,70911,72099,73247,74487,75755,77083,78679,79911,81567,82631,83619]
resources/preprocessed/Interpolated/2020-07-02_14.07.33_RightArm.csv:[7005,8225,9149,10249,11497,12761,14121,15429,16745,18021,19277,20617,22005,23465,24741,26077,27477,28893,30381,31785,33221,34649,36137,37617,39177,40829,42573,44117]
resources/preprocessed/Interpolated/Lukas_liegestuetzen1_13_10_2020_RightArm.csv:[39620,40850,42240,42810,44050,44655,45795,46505,47585,48165,49955,51005,51840,52895,53650,54770,55610,56630,57480,58450,59295,60405,61190,62190,63025,64005,64830,65760,66805,67800,68590,69685,70570,71635,72350,73410,74090,75820,76865,77530,78615,79350,80350,81210,82365]
resources/preprocessed/Interpolated/2020-07-02_14.07.33_Belly.csv:[7005,8345,8993,10577,12197,12897,14337,15581,16917,18173,18773,19025,19453,19805,20909,22161,23725,24985,26213,27701,29077,30509,31941,33305,34733,36649,37713,39273,40841,41781,42365,43357,44117]
resources/preprocessed/Interpolated/Andre_liegestuetzen1_13_10_2020_RightArm.csv:[18266,19316,19986,21136,21751,22881,23431,24491,25216,26261,26861,27831,28596,29541,30231,31101,31746,32681,33351,34271,34931,35936,36656,37576,38256,39796,40771,41456,42466,43091,44141,44686,45816,46426,47626,48101,49246,49906,51611,52976,53576,54831,55566,56871,57731,59091,59936,61486,62936,64186,65686,66996]
resources/preprocessed/Interpolated/2020-07-02_12.50.00_RightArm.csv:[16091,17063,18175,19487,21363,23267,24335,25427,26395,27443,28339,29523,30463,31539,32371,33491,34467,35555,36667,37811,38819,39963,41183,42319,43235,44459,45451,46627,47787,49131,50295,51679,52791,54531,55615,57191,57783,59787,60511,62667]
resources/preprocessed/Interpolated/Andre_Squats2_13_10_2020_Belly.csv:[47520,48890,49465,50285,51200,51705,52535,53405,53965,54760,55625,56210,57120,58090,58690,59445,60540,61755,62945,64245,65365,66275,66650,67295,68065,70420,70820,72495,73210,74580,75475,77830,79455,81295,82425,84660,85225,86320,88580,91475,92445,93460,93830,95805,98375,98825,100630,103055,105280,107490,108195,109305,110215,111035,112435,114375,115565,116425,117740,119555,121075,122095,123055,124540,125315,126220,127945,128950,131455,134135,136080,138150,139035,140615,143120,145205,148380,150535,152370,153515,154935,157375,158125,159460,160355,161920,163240,164565,166600,167355,169195,171685,172985,174435,176765,178260,178635,179410,181705,182265,182890,184445,186865,187765,189615,191765,194310,195075,196575,199035,200325,202335,204100,206355,208890,210890,213285,213995]
resources/preprocessed/Interpolated/2020-07-02_12.50.00_Chest.csv:[16063,16819,18111,19071,20087,21647,22491,23447,24451,25647,26559,28507,29763,30551,32563,33699,34679,35623,36835,38035,38835,40019,41339,42539,43299,44575,45551,46703,47939,48951,50463,51759,52899,54411,55711,57555,58007,60079,60799,61967,62815]
resources/preprocessed/Interpolated/2020-07-02_13.00.09_Chest.csv:[27027,28731,29191,30635,32439,33087,34339,35023,36287,37007,38227,38963,40203,41055,42275,43283,44323,44879,45211,46587,47719,48499,49059,49923,51159,52247,53691,55091,56279,57095,57875,59795,61287,62103]
resources/preprocessed/Interpolated/2020-07-02_13.00.09_RightArm.csv:[27171,28579,29423,30455,31187,32367,32955,34235,34915,36183,36659,38075,38719,40111,40795,42255,44259,44883,46663,47295,48875,49539,51199,52087,53779,54827,56667,57683,59319,61223]
resources/preprocessed/Interpolated/2020-07-02_15.13.22_Chest.csv:[23003,24399,25559,26231,27375,27871,29183,29807,31219,31915,33251,33959,35251,36235,37739,38407,39951,40655,42183,42983,44659,45675,47191,48247,50147,50915,51795,52851,53795,54935,56163,57119,58263,59603,60655,61903,63391,64543,66063]
resources/preprocessed/Interpolated/Andre_liegestuetzen1_13_10_2020_Belly.csv:[18256,19346,20041,21136,21891,23006,24506,25211,26306,26866,27841,28596,29996,31276,31911,32641,33371,34336,36496,38106,39656,40791,41456,43081,44066,44671,46406,47776,49436,51506,52976,54596,55596,56741,57791,59171,61776,62871,64071,65671,66996]
resources/preprocessed/Interpolated/2020-07-02_15.31.36_Belly.csv:[72939,74335,75879,77507,78191,78787,79991,81331,81575,82271,83971,84999,86247,87519,88787,89635,90311,90827,91843,93219,94071,95527,96515,97759,98783,99799,100911,103163,105479,108139,110819,113703]
resources/preprocessed/Interpolated/Jan_liegestuetzen2_13_10_2020_LeftArm.csv:[16996,19401,20711,22061,23361,24656,26036,27351,28801,30186,31531,32986,34406,35956,37476,39161,40806,42641,44546,46791,48281,48931,50311,50996]
resources/preprocessed/Interpolated/2020-07-02_15.31.36_Chest.csv:[73079,74383,76471,78203,78947,80575,82403,83875,85147,86203,87411,88903,89503,90959,91763,93243,94031,95479,96327,97811,98299,100127,100619,102287,103151,104851,105735,107579,108239,110867,112071,112947,113695]
resources/preprocessed/Interpolated/Andre_Squats_13_10_2020_RightArm.csv:[62716,64141,65366,67406,67956,69521,70266,73141,75291,77016,78331,80691,83321,85661,87136,88296,89061,90021,93666,95846,98626,100701,102196,103486,105701,108551,110936,113211,115936,118071,118626,120486,122671,125126,126966,128061,129291,130471,131821,132831,134131,135226,136521,137481,138956,140006,141446,142521,143921,144941,146321,147431,148596,149691,151026,152081,153431,154596,155881,157001,158321,158996]
resources/preprocessed/Interpolated/2020-07-02_14.14.32_Chest.csv:[32019,33479,34635,35559,36875,37975,39507,40759,41975,43439,44591,46079,46955,47999,48723,49079,49999,50799,51687,53191,54087,55091,55867,56591,57619,58823,60135,60939,62679,64219,64995]
resources/preprocessed/Interpolated/2020-07-02_15.31.36_LeftArm.csv:[73119,74299,76247,78139,80731,82219,84015,86215,87679,88807,89831,90963,92139,93155,94267,95439,96639,97607,98859,99991,101203,102359,103775,104835,105867,107507,108867,110159,111567,112875,113699]
resources/preprocessed/Interpolated/2020-07-02_15.31.36_RightArm.csv:[72863,74243,75907,76971,78455,80639,82215,84007,86175,87711,88811,89875,90951,92111,93147,94315,95395,96579,97579,98907,99907,101199,102347,103699,104847,106223,107503,108851,110123,111571,112875,113975]
resources/preprocessed/Interpolated/Andre_Squats2_13_10_2020_Chest.csv:[49125,50320,51310,52605,53580,54810,55830,57135,58185,59580,60570,61845,62955,64250,65300,67080,68095,70305,71320,74125,75315,77810,78820,81315,82175,85235,86265,88370,89345,91225,92485,93720,96065,98340,99405,100575,103295,105310,106675,108535,108930,110220,112215,113280,114120,115020,117165,120065,120780,121755,122945,124210,125970,126805,127620,128855,129520,131700,133765,136270,138540,141160,142965,145965,147945,150820,152695,155575,157385,158640,159475,160220,162190,163615,164815,166475,167430,169225,170020,171660,174655,175105,176770,177445,178225,180000,181740,182185,183470,184965,186710,187335,189960,191675,193010,194780,196560,199145,199955,201000,201730,202595,204285,206560,209150,211330,213990]
resources/preprocessed/Interpolated/2020-07-02_14.07.33_LeftArm.csv:[7005,8301,9121,10269,11493,12761,14117,15417,16265,16773,18001,19253,20617,21993,23453,24701,26061,27477,28861,30345,31737,33157,34585,36073,37561,39105,40789,42477,44117]
resources/preprocessed/Interpolated/Andre_Squats2_13_10_2020_RightArm.csv:[49010,50160,51380,52490,53570,54755,55840,57020,58130,59375,60620,61755,62955,64130,65310,66935,70250,74430,78035,81805,85060,88620,89345,92375,93855,95450,96460,97990,99400,102490,103655,105850,106625,109255,110695,111395,112975,113325,114055,116025,117200,118320,120215,120845,122085,123780,124520,126220,126855,128895,131535,133605,136000,138455,140495,143320,145340,147970,150350,152360,154970,157465,159550,160510,162080,164480,167350,169315,171625,172290,174485,177340,179340,182165,184235,187235,189260,191990,194300,196790,198950,200835,201730,203430,206550,208770,211225,213180]
resources/preprocessed/Interpolated/Andre_liegestuetzen1_13_10_2020_LeftArm.csv:[18176,19401,19951,21631,23226,24606,25136,26711,27841,28526,30081,31181,31691,33246,34826,36461,38076,39611,41366,43081,44736,45886,46461,48016,49921,51521,53466,54901,55521,56966,57661,59191,59816,61666,62901,64736,65646,66996]
resources/preprocessed/Interpolated/2020-07-02_13.00.09_LeftArm.csv:[27179,28603,29471,30467,31183,32359,33039,34207,34963,36171,36827,38127,38767,40103,40827,42223,42807,44263,44915,46663,47331,48791,49591,51183,52111,53791,54855,56671,57675,59359,59839,61207]
resources/preprocessed/Interpolated/Andre_liegestuetzen3_13_10_2020_LeftArm.csv:[31118,32268,33703,35053,36998,38648,40313,41888,43563,45258,46498,47103,48778,51048,52923,54653,55453,57033,57888,59183,60608,61923,63328,64888]
resources/preprocessed/Interpolated/Lukas_liegestuetzen1_13_10_2020_LeftArm.csv:[38325,39565,40930,42280,42840,44600,46475,48130,49940,51060,51815,52985,53625,54800,55590,56745,57445,59205,60490,61125,62210,62990,64050,64805,65835,66795,67875,68530,69750,70545,71685,72320,74065,75835,77530,78695,79355,80470,81180,82745,83265]
resources/preprocessed/Interpolated/Andre_Squats2_13_10_2020_LeftArm.csv:[49000,50245,51360,52515,53580,54760,55810,57055,58130,59435,60560,61770,62880,64150,65195,66740,67320,70490,72285,74350,75560,77930,81485,84980,88720,92410,95385,98020,99410,102735,103410,105740,106820,109055,109945,111380,112230,113200,114240,114655,116680,118425,119335,120620,122330,123875,126145,127265,128790,131495,133475,136070,138310,140530,143325,145465,145855,147995,150415,152180,155055,157500,159770,160505,161925,162290,164630,165070,166560,167460,169240,170220,171830,172395,174750,177420,179445,181800,184315,187080,189200,191475,194390,196565,199070,200465,201810,203465,205845,206580,209140,210750,211635,213315]
resources/preprocessed/Interpolated/Andre_Squats_13_10_2020_Belly.csv:[62456,64091,65186,65826,67141,68046,69711,70956,73066,75381,78441,80581,81971,83341,85431,86646,88326,90606,91536,93501,95546,96726,98791,100621,101721,103501,105721,106576,108601,110726,113351,115556,118386,120471,121236,122816,124806,126116,127036,128366,129366,130516,131816,133061,134201,135301,136556,137726,138916,140246,141416,142571,143886,144956,145326,146316,147681,148536,149811,151041,152181,153456,154841,155861,157136,158321]
resources/preprocessed/Interpolated/Andre_liegestuetzen2_13_10_2020_Chest.csv:[40621,42606,43636,44526,45961,46751,47776,49391,50966,52066,52776,53761,54441,55561,57196,58191,59051,59916,60781,61806,62471,63466,64266,65331,65786,66746,67476,68696,70146,71086,72706,73526,74806,75446,76256,77221,78021,79566]
resources/preprocessed/Interpolated/Andre_liegestuetzen2_13_10_2020_LeftArm.csv:[40936,42671,44186,45856,47571,49241,50901,52661,54356,56141,58076,59791,61641,62996,63666,65021,65546,67041,67736,69296,70036,71256,71701,72411,73821,74166,75136,76621,77146,78276,79836]
resources/preprocessed/Interpolated/Lukas_liegestuetzen3_13_10_2020_LeftArm.csv:[11186,12371,14166,15696,16901,18071,19411,20876,22341,23731,25301,27046]
resources/preprocessed/Interpolated/Andre_liegestuetzen1_13_10_2020_Chest.csv:[18026,18661,19816,21601,23076,25056,26731,28386,30271,31731,33271,34891,36471,38116,39751,41431,43101,44676,46376,47996,49821,50941,51611,52806,53576,54676,55526,56751,57556,59736,61151,62051,62731,64091,65546,66861]
resources/preprocessed/Interpolated/Andre_liegestuetzen2_13_10_2020_RightArm.csv:[41126,42211,42731,43776,44301,45391,45976,47016,47751,48821,49396,50456,51021,52136,52796,53811,54476,55626,56281,57376,58166,59261,59916,61076,61756,62996,63751,64906,65681,66986,67826,69176,70101,71166,72556,73796,75231,76856,78326,79776]
resources/preprocessed/Interpolated/2020-07-02_12.50.00_Belly.csv:[16003,18067,19299,20159,21167,22623,23143,24443,25163,26875,28451,29419,30519,32907,34883,36739,37767,39003,39891,41463,42119,43443,44351,45571,46423,48299,50323,51559,52803,54419,55659,57135,57799,58719,59747,60879,61575,62607]
resources/preprocessed/Interpolated/Andre_liegestuetzen3_13_10_2020_Belly.csv:[31113,32093,33268,34858,35633,36548,36973,38143,39708,41258,41678,43048,43643,44703,45213,46323,47128,48098,48603,50613,52213,52953,54463,55338,56513,57128,59618,60788,61883,63088,64683,65393]
resources/preprocessed/Interpolated/Andre_Squats_13_10_2020_Chest.csv:[62626,64236,65261,66266,68006,69691,73626,75066,75646,78976,80581,81891,83176,84056,85386,86986,88101,88976,90631,91816,93541,94106,95441,98461,99236,100701,102141,104091,105716,108421,109126,110816,113096,113971,115541,116796,118576,120126,120516,123271,124706,127116,128181,129491,130441,131886,133046,134261,135301,136636,137701,139011,140216,141511,142641,144001,144986,146386,147546,148676,149761,151056,152131,153511,154661,155941,157096,158396]
resources/preprocessed/Interpolated/Jan_liegestuetzen1_13_10_2020_LeftArm.csv:[86130,87260,89950,91385,94135,95165,98080,99175,102050,103275,105930,106985,109805,110580,113755,114585,117720,118535,120510,121840,122825,124715,125865,129495,130440,133835,137830,139995,141395,144580,145305,149045,150075,150880,151970,153215,156510,157265,159245,161455,163545,165790,167435,169110,170795,171460,172735,174050,176635,179320,181135,182520,183995]
