resources/preprocessed/Interpolated/Lukas_liegestuetzen3_13_10_2020_RightArm.csv:[10996,11446,12881,14681,16131,17336,18586,19906,21296,22721,24136,25721,27486,28796]
resources/preprocessed/Interpolated/Lukas_liegestuetzen3_13_10_2020_Chest.csv:[11531,12866,14666,16141,17356,18601,19911,21296,22731,24156,25716,27491,28796]
resources/preprocessed/Interpolated/Lukas_liegestuetzen3_13_10_2020_Belly.csv:[10996,11561,12861,14691,16146,17356,18611,19921,21286,22726,24156,25711,27491,28796]
resources/preprocessed/Interpolated/Lukas_liegestuetzen2_13_10_2020_RightArm.csv:[36335,37560,39200,40715,42255,43790,45550,47260,49000,50685,52325,53965,55535,57100,58775,60430,62295,63775,64865,66270,66875,67985,69360,70945,72225,73335]
resources/preprocessed/Interpolated/Lukas_liegestuetzen2_13_10_2020_LeftArm.csv:[36180,37565,39195,40705,42265,43770,45550,47235,49000,50670,52340,53975,55525,57095,58750,60420,62275,63760,64850,66385,66825,67975,69450,70935,72125,73735]
resources/preprocessed/Interpolated/Lukas_liegestuetzen2_13_10_2020_Chest.csv:[36330,37590,39195,40720,42265,43785,45565,47250,49000,50675,52325,53970,55550,57105,58755,60430,62295,63795,64850,66375,66880,67980,69815,70930,72220,73715]
resources/preprocessed/Interpolated/Lukas_liegestuetzen2_13_10_2020_Belly.csv:[36400,37610,39180,40720,42270,43780,45560,47235,48990,50670,52305,53945,55540,57095,58750,60425,62295,63345,63825,64845,66885,67965,69115,69880,70940,72125,73705]
resources/preprocessed/Interpolated/Lukas_liegestuetzen1_13_10_2020_Belly.csv:[38430,40095,41760,43595,45270,46990,48730,50480,52315,54225,56095,57905,59735,61640,63450,65240,67175,69085,71005,72805,74545,76305,77960,79765,81630,82770,83590]
resources/preprocessed/Interpolated/Jan_liegestuetzen3_13_10_2020_RightArm.csv:[34000,34930,35595,36725,38125,39645,41025,42450,43920,45295,46680,48110,49665,51410,53225,54215,55235,56540]
resources/preprocessed/Interpolated/Jan_liegestuetzen3_13_10_2020_LeftArm.csv:[34205,34875,35705,36655,38125,39655,41045,42450,43925,45280,46700,48110,49690,51465,53205,54195,55245,56495,56995]
resources/preprocessed/Interpolated/Jan_liegestuetzen3_13_10_2020_Belly.csv:[34495,35515,36745,38175,39665,41075,42470,43935,45355,46715,48140,49715,51460,53240,54120,55245,56710]
resources/preprocessed/Interpolated/Jan_liegestuetzen2_13_10_2020_RightArm.csv:[16996,17561,18811,19816,21191,22541,23881,25231,26551,27906,29306,30656,32076,33476,34896,36446,37991,39636,41276,43146,45036,46186,47411,48656,49951,50996]
resources/preprocessed/Interpolated/Jan_liegestuetzen2_13_10_2020_Chest.csv:[16996,17416,18066,18651,19821,21211,22571,23941,25246,26586,27936,29326,30716,32101,33506,34916,36461,38011,39661,41321,43161,45056,46251,47416,48651,50296,50951]
resources/preprocessed/Interpolated/Jan_liegestuetzen2_13_10_2020_Belly.csv:[17266,18581,19806,21221,22586,23961,25246,26596,27956,29321,30721,32111,33486,34901,36451,38006,39651,41311,43146,45041,46226,47391,48966,50361,50996]
resources/preprocessed/Interpolated/2020-07-02_14.59.59_LeftArm.csv:[73999,75771,78151,79143,80263,81547,82687,83871,85051,86343,87431,88687,89903,91239,92443,93931,95095,96687,97959,99995]
resources/preprocessed/Interpolated/Andre_liegestuetzen2_13_10_2020_Belly.csv:[39996,41631,43316,44906,46516,48231,49901,51561,53256,54991,56776,58611,60416,62246,64246,66226,68381,70586,71481,73111,74141,75871,77081,78651,79181]
resources/preprocessed/Interpolated/Jan_liegestuetzen1_13_10_2020_RightArm.csv:[85160,86150,87180,88785,90625,92390,94440,96325,100355,102260,104150,108040,111865,115805,117195,119825,122235,123805,125090,126925,127760,131485,132905,135265,136545,139005,142755,144430,146555,148145,150410,151865,152945,154415,156235,158390,160455,160810,162735,164390,166660,168390,170160,171380,172315,173645,175495,175895,177305,178980,179805,180700,181940,183510]
resources/preprocessed/Interpolated/2020-07-02_14.59.59_Chest.csv:[73999,75971,76827,77795,79119,80323,81523,82683,83967,85039,86311,87471,88683,89907,91227,92455,93943,95139,96735,97955,99847]
resources/preprocessed/Interpolated/2020-07-02_15.13.22_Belly.csv:[23003,23763,24323,26019,27683,29559,31603,33619,35731,38027,40067,40827,42635,43959,44887,45951,46567,47539,48407,49395,50527,52187,53351,55187,56371,56799,57623,58695,59815,60643,61359,62507,63691,64323,66095]
resources/preprocessed/Interpolated/2020-07-02_15.13.22_RightArm.csv:[23779,24523,25991,27659,28587,29523,31607,32571,33659,34735,35807,36971,38115,39199,40303,41447,42711,43999,44963,45339,46655,47575,48515,49423,50567,51339,52219,53499,55235,56439,56803,57615,58755,59899,60443,62499,64227,65203,66095]
resources/preprocessed/Interpolated/Lukas_liegestuetzen1_13_10_2020_Chest.csv:[38000,38445,40110,41765,43580,45255,47005,48715,50485,52305,54195,56100,57910,59735,61655,63465,65250,67190,69100,71015,72810,74545,76300,77970,79765,81625,82675,83525]
resources/preprocessed/Interpolated/Jan_liegestuetzen1_13_10_2020_Chest.csv:[84900,85420,86065,87265,88680,92395,96300,100250,104140,105320,107965,109390,111825,115780,117075,119765,121340,123775,125220,127710,129135,131400,132750,135145,136480,138890,140115,142655,144315,146445,148080,150260,151880,154310,156060,158240,160465,162600,164300,166575,168350,170000,171465,172010,173480,175830,177320,178780,179860,180440,181880,183365,183995]
resources/preprocessed/Interpolated/2020-07-02_14.20.28_RightArm.csv:[62183,62791,64307,65423,66487,67503,68715,69815,70847,72063,73295,74471,75615,76955,78391,79835,81359,83135]
resources/preprocessed/Interpolated/2020-07-02_14.20.28_Belly.csv:[62235,62703,63375,64303,65431,66535,67687,68783,69891,71007,72175,73363,74551,75727,76995,78411,79843,81379,83131]
resources/preprocessed/Interpolated/2020-07-02_14.14.32_RightArm.csv:[32275,32923,34491,35619,36887,38175,39435,40691,42031,43391,44791,46195,47567,48919,50303,51691,53099,54495,55971,57535,59227,61051,62183,63075,64159,64995]
resources/preprocessed/Interpolated/2020-07-02_15.13.22_LeftArm.csv:[23003,23791,24531,26003,27647,28515,29643,31635,32595,33627,34699,35879,37983,40055,42707,43939,45343,46627,47935,49359,50567,52179,53431,54247,55219,56363,56787,57611,58747,59883,60499,62475,63587,64475,66095]
resources/preprocessed/Interpolated/2020-07-02_14.14.32_Belly.csv:[32459,32951,33579,34487,35643,36911,38207,39475,40771,42079,43431,44823,46219,47579,48923,50287,51703,53103,54551,55987,57575,59207,61027,63063,64995]
resources/preprocessed/Interpolated/2020-07-02_14.59.59_RightArm.csv:[73999,75943,76851,78091,80331,81555,82687,83955,85051,86347,87451,88711,89939,91271,92495,93995,95119,96779,97967,99995]
resources/preprocessed/Interpolated/Jan_liegestuetzen3_13_10_2020_Chest.csv:[34040,34570,35575,36735,38165,39670,41060,42460,43940,45340,46720,48135,49715,51475,53245,54145,55255,56545]
resources/preprocessed/Interpolated/2020-07-02_14.20.28_LeftArm.csv:[62467,63071,64307,65407,66503,67659,68651,69787,70891,72043,73243,74415,75583,76939,78347,79799,81331,83095,84007]
resources/preprocessed/Interpolated/2020-07-02_13.00.09_Belly.csv:[27543,28143,29859,31771,33391,35583,37515,39427,41411,43443,45319,47911,49991,52355,53115,55427,56627,57971,58855,59695,60171,61067,61947]
resources/preprocessed/Interpolated/2020-07-02_14.14.32_LeftArm.csv:[32963,34459,35587,36867,38143,39415,40699,42043,43367,44791,46183,47503,48899,50271,51671,53075,54423,55907,57639,59199,60183,60995,62119,63067,64491,64995]
resources/preprocessed/Interpolated/2020-07-02_11.17.39_Belly.csv:[58227,59211,61183,62779,64555,66195,67899,69539,71299,73167,74907,76619,78491,80311,82239,84111,85991,88087,89223,90419,92275,94679,97163,99459,102087,102391,103391,104447,105331,106727,108139]
resources/preprocessed/Interpolated/Andre_liegestuetzen3_13_10_2020_Chest.csv:[31068,32793,34433,36043,37678,39263,40878,42473,44178,45858,47623,49438,51678,53758,55978,58348,59793,61223,63933,65498]
resources/preprocessed/Interpolated/2020-07-02_11.17.39_Chest.csv:[58227,59311,61191,62799,64539,66195,67899,69583,71363,73175,74891,76671,78503,80375,82275,84123,86043,87971,89243,90431,92387,94671,95739,97223,99487,102011,102639,104579,106775,108139]
resources/preprocessed/Interpolated/Jan_liegestuetzen1_13_10_2020_Belly.csv:[84900,86080,87400,88770,92415,96340,97580,100290,101490,104145,105445,106795,108000,109300,111910,113320,115870,117130,119865,121330,123855,125245,127760,129095,131455,132835,135255,136565,139025,140335,142760,144155,146510,147980,150285,152055,154365,155955,158380,159710,160030,162115,162770,164205,164830,166630,168265,170050,171475,173510,175790,177350,178840,179855,180410,181885,183410]
resources/preprocessed/Interpolated/2020-07-02_11.17.39_LeftArm.csv:[58739,59243,60523,61195,62771,64507,66255,67963,69655,71375,73163,74811,76603,78603,79411,80527,82267,84131,86023,87723,89267,90491,92507,94731,95843,97223,99735,102075,104563,105143,106583,108139]
resources/preprocessed/Interpolated/2020-07-02_14.59.59_Belly.csv:[73999,76023,77795,80263,81487,82671,83943,85023,86267,87403,88715,89883,91207,92415,93899,95015,96735,97935,99995]
resources/preprocessed/Interpolated/Andre_Squats_13_10_2020_LeftArm.csv:[61591,63491,64681,67041,68726,69366,72111,74456,77421,79481,82501,84781,87546,89876,92546,94436,96421,97766,99516,99906,101141,102691,104861,107656,109516,112601,114826,117291,119121,119701,121916,124246,126521,127736,128906,131221,132526,133676,134816,136016,137211,138406,139616,140871,142106,143371,144556,145741,146906,148161,149336,150446,151651,152881,154126,155366,156516,157756,158981]
resources/preprocessed/Interpolated/2020-07-02_14.07.33_Chest.csv:[7293,8085,9473,10717,12025,13337,14669,15945,17161,18553,19797,21117,22489,23949,25285,26613,27993,29413,30885,32285,33717,35149,36629,38085,39621,41289,42969,43933]
resources/preprocessed/Interpolated/2020-07-02_11.17.39_RightArm.csv:[58227,59267,61191,62851,64587,66199,67879,69555,71383,73155,74919,76631,78511,80415,82267,84123,85383,86187,88119,90379,92387,94691,97227,99695,102015,103191,104647,106343,108139]
resources/preprocessed/Interpolated/Andre_liegestuetzen3_13_10_2020_RightArm.csv:[31003,32783,34433,36043,37683,39268,40888,42488,44188,45878,47628,49463,51678,53763,55988,57208,58363,59818,61213,62608,63943,65433]
resources/preprocessed/Interpolated/2020-07-02_12.50.00_LeftArm.csv:[16003,16671,17143,19051,20907,22783,24963,26935,29027,30919,32875,33743,34971,36203,37203,38087,39367,40515,41727,42579,43783,45983,47123,48383,49623,50887,52087,53235,53935,54879,56167,58471,58919,61099,61711,62199]
resources/preprocessed/Interpolated/2020-07-02_14.20.28_Chest.csv:[62363,62695,63331,64323,65447,66547,67715,68783,69903,71023,72179,73379,74571,75739,77019,78427,79859,81419,83163]
resources/preprocessed/Interpolated/2020-07-02_14.07.33_RightArm.csv:[7129,7957,9449,10685,12017,13301,14649,15909,17225,18609,19729,21049,22457,23925,25213,26577,27937,29397,30853,32253,33673,35109,36585,38045,39621,41233,42937,43937]
resources/preprocessed/Interpolated/Lukas_liegestuetzen1_13_10_2020_RightArm.csv:[38505,40105,41760,43560,45240,46985,48715,50475,52310,54205,56110,57920,59750,61665,63470,65270,67220,69120,71030,72820,74560,76315,77980,79780,81660,82905,83530]
resources/preprocessed/Interpolated/2020-07-02_14.07.33_Belly.csv:[7261,7593,8145,9465,10693,12029,13325,14649,15945,17177,18525,19805,21109,22449,23921,25261,26581,27953,29401,30849,32245,33689,35101,36601,38037,39585,41225,42937,43881]
resources/preprocessed/Interpolated/Andre_liegestuetzen1_13_10_2020_RightArm.csv:[17166,18796,20551,22326,23981,25681,27316,29046,30631,32186,33791,35416,37071,38686,40276,41891,43561,45226,46941,48686,50431,52191,54076,56116,58226,60576,61541,62136,63561,64501,65001,66281]
resources/preprocessed/Interpolated/2020-07-02_12.50.00_RightArm.csv:[16043,16787,19047,20935,22783,24959,25747,26935,28999,30919,32875,34975,37175,39379,40491,41723,43763,45971,47119,48399,49687,50907,52095,53211,53943,54871,56087,58403,58923,61063,61663]
resources/preprocessed/Interpolated/Andre_Squats2_13_10_2020_Belly.csv:[47500,49725,52020,53130,54275,56555,57720,58940,60075,61315,62445,63675,64780,65960,69505,72265,73365,74755,76820,77805,80325,83735,85125,87310,89905,91190,92215,94435,96970,97735,99170,100385,101525,104120,106105,108045,108935,111340,113300,115885,118575,120265,123830,125160,125985,126960,128660,130675,132680,133500,135400,137275,139870,141880,143715,144720,146885,149670,151060,151865,154130,156055,157640,158910,160505,160935,161195,161940,163605,166110,167455,168670,170645,171020,173870,175945,177480,178645,180780,183470,185790,188700,190750,193520,195810,197620,198365,200540,201890,203120,205060,206540,207790,210090,211350,212610,213750]
resources/preprocessed/Interpolated/2020-07-02_12.50.00_Chest.csv:[16083,16759,18995,20867,22727,24923,26883,28967,30907,32831,34939,37195,39343,40475,41691,43747,45939,48351,50855,53147,53927,56011,58331,58923,61003,61627]
resources/preprocessed/Interpolated/2020-07-02_13.00.09_Chest.csv:[27475,28195,29887,31759,33463,35455,37467,39451,41575,43447,45299,47979,49999,53003,55335,57995,59647,60883,61995]
resources/preprocessed/Interpolated/2020-07-02_13.00.09_RightArm.csv:[27587,28163,30035,31903,33203,33987,35655,37411,39251,41539,43483,45299,46023,47887,49943,52315,53319,54459,55423,56911,58059,58891,59751,60875,62003]
resources/preprocessed/Interpolated/2020-07-02_15.13.22_Chest.csv:[23203,24163,26011,27691,29559,31651,33659,35827,36931,37931,40251,42711,43967,44911,45895,46611,47563,49411,50559,52203,53383,55227,56411,56811,57591,58735,59851,60471,62523,63811,64291,65167,66095]
resources/preprocessed/Interpolated/Andre_liegestuetzen1_13_10_2020_Belly.csv:[17141,18811,20566,22331,23976,25691,27321,29041,30636,32181,33791,35406,37061,38696,40281,41891,43546,45226,46931,48641,50401,52176,54061,56091,58226,60561,61616,63536,64601,66266]
resources/preprocessed/Interpolated/2020-07-02_15.31.36_Belly.csv:[72271,73767,74295,74639,75495,75895,76559,78323,79703,80239,82375,83739,85255,86531,87263,89203,91419,93627,95835,98095,100439,101647,102771,103511,105295,106799,107907,109471,110579,112199,113279]
resources/preprocessed/Interpolated/Jan_liegestuetzen2_13_10_2020_LeftArm.csv:[16996,17586,18811,19801,21156,22541,23911,25236,26566,27906,29301,30696,32066,33496,34891,36436,37976,39641,41311,43141,43951,45051,46216,47416,48646,49961,50996]
resources/preprocessed/Interpolated/2020-07-02_15.31.36_Chest.csv:[72499,73727,74739,76639,77975,78311,78987,80247,81071,82555,83667,85211,86563,87255,89263,90327,91511,93623,94723,95875,98111,99267,100503,101667,102859,104199,105379,106831,107903,109547,110623,112215,113355]
resources/preprocessed/Interpolated/Andre_Squats_13_10_2020_RightArm.csv:[61276,61566,63476,64691,66831,69266,70351,72081,74321,77416,79426,82576,84841,87386,89871,91506,92541,94451,97746,99401,100191,100866,102686,104966,107621,109481,112526,114191,114916,117291,118941,119746,121956,124321,126521,127816,128901,131241,132551,133671,134856,136011,137241,138406,139701,140871,142136,143376,144611,145741,146921,148151,150451,151666,152891,154196,155361,156516,157756,158996]
resources/preprocessed/Interpolated/2020-07-02_14.14.32_Chest.csv:[32015,32939,33535,34491,35655,36923,38223,39495,40783,42099,43475,44859,46259,47595,48963,50355,51747,53151,54615,56035,57683,59279,61083,63135,64995]
resources/preprocessed/Interpolated/2020-07-02_15.31.36_LeftArm.csv:[72559,73063,73847,74707,76547,77967,78783,80191,81055,82395,83651,85459,86535,87243,89235,90391,91467,93635,94795,95831,97195,98159,99379,100423,101679,102911,104235,104935,105487,106851,107875,108623,109515,110571,111327,112207,113395]
resources/preprocessed/Interpolated/2020-07-02_15.31.36_RightArm.csv:[72615,73091,74903,76139,77947,78447,79119,80219,80879,82731,83571,84819,85447,86555,87243,89263,90399,91495,92583,93559,94767,95827,98103,99415,100583,101699,102927,104187,105459,106891,108007,109575,110687,111327,112215,113339,113975]
resources/preprocessed/Interpolated/Andre_Squats2_13_10_2020_Chest.csv:[47500,49730,52040,53140,54275,56555,57715,58950,60080,61320,62440,63680,64780,65950,69470,73330,74695,76825,80270,83740,85160,87330,90330,91220,92095,94465,96995,99160,101550,104170,106175,107155,107835,108930,111355,113240,114765,116010,118580,120255,123825,125145,126010,128625,130685,132690,133460,135375,137290,139895,141935,144710,146880,149715,151240,151870,154135,156110,157635,158915,160910,161945,163650,166095,167470,168670,171005,173875,175975,177465,178655,180810,182515,183485,185820,188685,190775,193520,195815,198370,200565,201960,203080,205080,206555,207785,210060,211365,212570]
resources/preprocessed/Interpolated/2020-07-02_14.07.33_LeftArm.csv:[7129,8241,9437,10725,12033,13177,14605,15909,17129,18569,19765,21053,22421,23921,25209,26537,27925,29385,30825,32217,33585,35061,36573,38001,39569,41201,42877,43829,44117]
resources/preprocessed/Interpolated/Andre_Squats2_13_10_2020_RightArm.csv:[47500,49710,50855,52050,53155,54260,55345,56545,57790,58930,60110,61305,62490,63665,64860,65960,67560,69625,71440,72580,73395,74730,77040,80260,82975,83910,85085,87345,89760,91180,91870,94400,96875,97975,98975,99935,100340,101575,103895,104735,105970,106840,107595,108950,109730,110530,111955,113155,115000,116865,118705,120175,121185,123040,123955,125170,126075,127835,128645,130610,132785,133435,135330,137080,137435,139845,142010,144640,146945,149455,150840,151965,154130,156090,157860,158935,160375,161285,161945,162370,163520,165280,166150,167510,168670,170520,171540,173800,175970,176420,177200,178555,180590,181300,182480,183480,185660,186215,188565,190685,191160,193535,196020,198350,200850,201830,202955,203585,205005,206550,207805,208795,210175,211370,212535,213810]
resources/preprocessed/Interpolated/Andre_liegestuetzen1_13_10_2020_LeftArm.csv:[17136,18791,20516,22311,23976,25661,27301,29026,30621,32171,33791,35396,37056,38676,40271,41891,43546,45221,46936,48651,50406,52176,54081,56096,58221,60551,61606,63556,64581,66266]
resources/preprocessed/Interpolated/2020-07-02_13.00.09_LeftArm.csv:[26999,28183,30023,31891,33619,35503,37587,39527,41531,43463,45351,45939,48083,49471,50539,53011,55543,56967,58067,59655,60871,62311]
resources/preprocessed/Interpolated/Andre_liegestuetzen3_13_10_2020_LeftArm.csv:[31078,32788,34428,36038,37663,39258,40873,42473,44173,45853,47613,49438,51678,53763,55993,58363,59878,61238,62218,63923,65498]
resources/preprocessed/Interpolated/Lukas_liegestuetzen1_13_10_2020_LeftArm.csv:[38195,40110,41765,43545,45215,46985,48695,50445,52290,54180,56100,57880,59725,61655,63445,65235,67195,69100,71010,72810,74545,76290,77975,79765,81630,82660,83415]
resources/preprocessed/Interpolated/Andre_Squats2_13_10_2020_LeftArm.csv:[47500,48180,49735,50845,52050,53175,54275,56555,57710,58955,60095,61315,62480,63675,64840,65965,67480,69610,72305,73345,74645,76935,80275,82940,83890,85150,85605,87285,89945,91240,92085,93230,94385,96855,98230,98895,100275,101615,103870,104690,106120,107440,108925,110850,111755,113140,113920,114860,115750,118700,120175,121145,121725,123920,125170,126060,127790,128615,130110,130690,132715,133335,135310,137085,139835,141830,144690,146870,149635,151970,154125,155890,156410,157950,158855,160390,161310,163630,165370,166265,167470,168695,170880,171580,173755,175930,176455,177300,178570,180560,181225,183470,185635,186245,187600,188535,190655,190990,192305,193480,196040,198300,200735,201960,202305,203180,205045,206340,207760,208745,210300,211570,212640]
resources/preprocessed/Interpolated/Andre_Squats_13_10_2020_Belly.csv:[61301,61561,63491,64726,67031,69001,70446,72036,74416,77466,79566,81531,82516,84626,87411,89636,91436,92581,94586,96311,97766,99851,101086,102721,104781,106631,107621,109686,111526,112561,114601,117286,119376,121981,124051,125671,126531,127666,128911,129971,131251,132441,133681,134786,136021,137161,138426,139576,140886,142091,143401,144501,145761,146876,148201,149211,150486,151611,152901,154086,155391,156466,157786,158931]
resources/preprocessed/Interpolated/Andre_liegestuetzen2_13_10_2020_Chest.csv:[39996,41636,43316,44911,46526,48241,49911,51576,53266,55001,56781,58621,60426,62256,64251,66231,68381,70596,73106,75871,77036,77841,79206]
resources/preprocessed/Interpolated/Andre_liegestuetzen2_13_10_2020_LeftArm.csv:[40081,41636,43306,44896,46511,48236,49901,51566,53266,54996,56776,58621,60421,62261,64246,66236,68376,70596,71521,73136,74101,75881,77036,79201]
resources/preprocessed/Interpolated/Lukas_liegestuetzen3_13_10_2020_LeftArm.csv:[11251,12906,14631,16121,17351,18526,19876,21241,22701,24156,25691,27466,28796]
resources/preprocessed/Interpolated/Andre_liegestuetzen1_13_10_2020_Chest.csv:[17116,18791,20556,22321,23981,25691,27316,29051,30641,32196,33806,35411,37071,38701,40286,41901,43566,45236,46946,48656,50416,52186,54076,56101,58221,60536,61576,62101,63546,64576,66256]
resources/preprocessed/Interpolated/Andre_liegestuetzen2_13_10_2020_RightArm.csv:[40106,41651,43311,44911,46521,48246,49911,51576,53261,54991,56786,58621,60431,62256,64276,66246,68381,69476,70616,71846,73121,74531,75881,77011,79191]
resources/preprocessed/Interpolated/2020-07-02_12.50.00_Belly.csv:[16003,16779,18995,20863,22755,24911,26879,29007,30903,32847,34927,37207,39347,40439,41687,43759,45911,48351,50847,53127,53883,55979,58331,58915,60987,61507]
resources/preprocessed/Interpolated/Andre_liegestuetzen3_13_10_2020_Belly.csv:[30998,32793,34438,36038,37668,39253,40863,42463,44163,45853,47613,49433,51678,53758,55978,58333,59723,61248,62243,63933,65483]
resources/preprocessed/Interpolated/Andre_Squats_13_10_2020_Chest.csv:[61561,63491,64711,67036,68941,70451,72051,74401,77511,79586,81076,82571,84626,87476,89661,91331,92581,94576,96311,97806,99866,101096,102751,104826,106751,107656,109696,111421,112586,114631,117306,119391,121991,124011,125616,126536,127716,128906,131256,132476,133686,134806,136026,137191,138426,139601,140891,142101,143396,144521,145751,146891,148176,150476,151621,152906,154121,155376,156481,157771,158946]
resources/preprocessed/Interpolated/Jan_liegestuetzen1_13_10_2020_LeftArm.csv:[85060,85600,86080,87230,88695,89755,90650,92450,96265,99215,100235,102145,104150,106780,108005,111840,115750,119740,121360,123790,125150,125760,127740,129155,131415,135145,136495,138820,142645,144325,146490,148030,148585,150275,151825,154350,156050,158285,160390,162650,164355,164705,166615,168260,170010,171995,173460,174595,175795,177405,178320,179855,181920,183355,183995]
