resources/preprocessed/Interpolated-Revised/Jan_liegestuetzen1_13_10_2020_edited_RightArm.csv:[72001,72591,73087,73672,74323,74919,75559,76185,76861,77481,78182,78808,79468,80084,80744,81360,82046,82666,83357,83978,84723,85329,86000,86600,87271,87857,88512,89098,89763,90364,91020,91590,92266,92837,93522,94098,94859,95444,96185,96785,97606,98202,99108,99723,100759,101435,102151,102366,102516,103137,103787,104268,104498,105064,105779,106465,106760,107316,107972,108637,109223,110164,110244,110444,111020,111170,111550,112316,113147,113817,114228,114383,114663,114984,114994]
resources/preprocessed/Interpolated-Revised/Jan_liegestuetzen1_13_10_2020_edited_LeftArm.csv:[72001,72081,72526,72997,73647,74308,74899,75574,76210,76851,77476,78137,78772,79473,80089,80734,81340,82041,82666,83367,83988,84718,85319,86005,86600,87276,87852,88537,89123,89773,90364,91020,91590,92246,92817,93527,94113,94894,95469,96200,96790,97631,98222,99118,99738,100779,101435,102096,102196,102601,103192,103893,104148,104553,105114,105890,106385,106780,107351,108102,108752,109193,109904,109979,110089,110249,110564,111200,112116,113252,114563,114994]
resources/preprocessed/Interpolated-Revised/Jan_liegestuetzen1_13_10_2020_edited_Chest.csv:[72001,72321,72526,73022,73672,74318,74934,75574,76220,76881,77506,78177,78818,79478,80099,80754,81375,82056,82691,83372,84003,84728,85349,86010,86620,87281,87887,88532,89138,89778,90389,91020,91615,92261,92852,93532,94128,94889,95484,96205,96810,97626,98232,99133,99753,100789,101450,102136,102181,102601,103197,103863,104173,104558,105124,105870,106380,106780,107351,108057,108767,109268,109823,109974,110104,110214,110574,111555,112256,113082,113888,114108,114278,114698,114994]
resources/preprocessed/Interpolated-Revised/Jan_liegestuetzen1_13_10_2020_edited_Belly.csv:[72001,72366,72581,72962,73652,74318,74934,75564,76220,76881,77521,78172,78823,79488,80104,80759,81375,82046,82691,83372,84003,84728,85354,86015,86625,87281,87867,88507,89108,89768,90369,91015,91635,92271,92877,93532,94108,94869,95459,96205,96810,97601,98207,99123,99718,100769,101415,102586,103177,103817,104123,104518,105089,105835,106365,106765,107341,108067,109058,110199,110679,111450,111645,111665,112436,113177,114318,114773,114994]
resources/preprocessed/Interpolated/Lukas_liegestuetzen3_13_10_2020_RightArm.csv:[10996,11316,11446,12131,12881,13706,13741,13896,14681,15496,16131,16761,17336,17986,18586,19281,19906,20711,21296,22141,22721,23526,24136,25116,25721,26816,27486,28306,28796]
resources/preprocessed/Interpolated/Lukas_liegestuetzen3_13_10_2020_Chest.csv:[10996,11011,11531,12136,12866,13916,14666,15491,16141,16776,17356,17986,18601,19276,19911,20701,21296,22136,22731,23536,24156,25091,25716,26816,27491,28271,28796]
resources/preprocessed/Interpolated/Lukas_liegestuetzen3_13_10_2020_Belly.csv:[10996,11216,11561,12161,12861,13936,14691,15486,16146,16781,17356,17996,18611,19291,19921,20691,21286,22141,22726,23526,24156,25096,25711,26796,27491,28241,28796]
resources/preprocessed/Interpolated/Lukas_liegestuetzen2_13_10_2020_RightArm.csv:[36000,36335,36945,37560,38380,39200,39975,40715,41510,42255,43050,43790,44710,45550,46480,47260,48235,49000,49910,50685,51610,52325,53260,53965,54830,55535,56405,57100,58040,58775,59735,60430,61630,62295,63125,63775,64210,64865,65720,66270,66555,66875,67375,67985,68840,69360,70340,70945,71675,72225,72905,73335,73995]
resources/preprocessed/Interpolated/Lukas_liegestuetzen2_13_10_2020_LeftArm.csv:[36000,36180,36965,37565,38350,39195,39955,40705,41470,42265,43025,43770,44790,45550,46475,47235,48230,49000,49895,50670,51595,52340,53275,53975,54845,55525,56395,57095,58060,58750,59780,60420,61640,62275,63095,63760,64200,64850,65720,66385,66535,66825,67380,67975,68755,69450,70355,70935,71600,72125,72995,73735,73995]
resources/preprocessed/Interpolated/Lukas_liegestuetzen2_13_10_2020_Chest.csv:[36000,36330,36955,37590,38380,39195,39990,40720,41520,42265,43065,43785,44805,45565,46500,47250,48255,49000,49905,50675,51600,52325,53270,53970,54865,55550,56405,57105,58050,58755,59765,60430,61630,62295,63095,63795,64200,64850,65695,66375,66500,66880,67375,67980,68845,69815,70335,70930,71685,72220,73025,73715,73995]
resources/preprocessed/Interpolated/Lukas_liegestuetzen2_13_10_2020_Belly.csv:[36000,36400,36965,37610,38375,39180,39985,40720,41510,42270,43065,43780,44800,45560,46490,47235,48280,48990,49920,50670,51605,52305,53270,53945,54860,55540,56390,57095,58040,58750,59765,60425,61620,62295,63075,63345,63530,63825,64225,64845,65680,66415,66470,66885,67385,67965,68810,69115,69385,69880,70360,70940,71620,72125,72935,73705,73995]
resources/preprocessed/Interpolated/Lukas_liegestuetzen1_13_10_2020_Chest.csv:[38000,38175,38445,39270,40110,40825,41765,42580,43580,44410,45255,46150,47005,47890,48715,49670,50485,51440,52305,53310,54195,55210,56100,57110,57910,58895,59735,60845,61655,62680,63465,64465,65250,66420,67190,68245,69100,70120,71015,72040,72810,73790,74545,75550,76300,77265,77970,79010,79765,80900,81625,82515,82675,83055,83525,83995]
resources/preprocessed/Interpolated/Lukas_liegestuetzen1_13_10_2020_Belly.csv:[38000,38430,39320,40095,40830,41760,42620,43595,44420,45270,46175,46990,47895,48730,49670,50480,51440,52315,53315,54225,55245,56095,57100,57905,58910,59735,60875,61640,62720,63450,64480,65240,66420,67175,68255,69085,70140,71005,72050,72805,73820,74545,75570,76305,77270,77960,79030,79765,80910,81630,82410,82770,83090,83590,83995]
resources/preprocessed/Interpolated/Jan_liegestuetzen3_13_10_2020_RightArm.csv:[34000,34285,34930,35005,35115,35325,35595,36080,36725,37480,38125,38950,39645,40405,41025,41815,42450,43265,43920,44700,45295,46045,46680,47485,48110,49035,49665,50725,51410,52580,53225,54040,54215,54560,55235,55920,56540,56995]
resources/preprocessed/Interpolated/Jan_liegestuetzen3_13_10_2020_LeftArm.csv:[34000,34205,34360,34875,35025,35705,35930,36655,37495,38125,38990,39655,40425,41045,41815,42450,43295,43925,44695,45280,46080,46700,47515,48110,49075,49690,50840,51465,52225,52230,52580,53205,53930,54195,54585,55245,55970,56495,56870,56995]
resources/preprocessed/Interpolated/Jan_liegestuetzen3_13_10_2020_Belly.csv:[34000,34025,34495,34990,35515,35995,36745,37525,38175,38965,39665,40430,41075,41815,42470,43275,43935,44710,45355,46070,46715,47505,48140,49080,49715,50810,51460,52600,53240,53940,54120,54550,55245,55935,56710,56995]
resources/preprocessed/Interpolated/Jan_liegestuetzen2_13_10_2020_RightArm.csv:[16996,17126,17561,18026,18811,19246,19816,20566,21191,21941,22541,23211,23881,24626,25231,25941,26551,27266,27906,28696,29306,30046,30656,31466,32076,32871,33476,34301,34896,35801,36446,37371,37991,39021,39636,40616,41276,42501,43146,44381,45036,45741,46186,46691,47411,48106,48656,49121,49951,50816,50891,50916,50996]
resources/preprocessed/Interpolated/2020-07-02_14.59.59_LeftArm.csv:[73999,74923,75771,76587,78151,78851,79143,79491,80263,81179,81547,81835,82687,83619,83871,84263,85051,85999,86343,86655,87431,88371,88687,89079,89903,91027,91239,91575,92443,93491,93931,94279,95095,96203,96687,97179,97959,99023,99995]
resources/preprocessed/Interpolated/Andre_liegestuetzen2_13_10_2020_Belly.csv:[39996,40621,41631,42516,43316,44071,44906,45726,46516,47361,48231,49116,49901,50766,51561,52481,53256,54176,54991,55971,56776,57811,58611,59611,60416,61446,62246,63396,64246,65321,66226,67476,68381,69621,70586,71386,71481,72151,73111,73861,74141,74816,75871,76586,77081,77846,78651,78761,79181,79936,79996]
resources/preprocessed/Interpolated/2020-07-02_14.59.59_Chest.csv:[73999,74863,75971,76739,76827,76963,77795,78995,79119,79415,80323,81251,81523,81779,82683,83663,83967,84271,85039,86107,86311,86591,87471,88515,88683,89059,89907,91095,91227,91531,92455,93583,93943,94251,95139,96359,96735,97151,97955,99199,99847,99995]
resources/preprocessed/Interpolated/2020-07-02_15.13.22_Belly.csv:[23003,23267,23763,23995,24323,25159,26019,26875,27683,28707,29559,30675,31603,32827,33619,34895,35731,37199,38027,39427,40067,40715,40827,41635,42635,43767,43959,44255,44887,45547,45951,46459,46567,46891,47539,48083,48407,49079,49395,49731,50527,51743,52187,52551,53351,54795,55187,55587,56371,56611,56675,56707,56799,57407,57623,58251,58695,59103,59815,60251,60643,61195,61359,61931,62507,62975,63691,64179,64323,66011,66095]
resources/preprocessed/Interpolated/2020-07-02_15.13.22_RightArm.csv:[23003,23779,23999,24523,25099,25991,26883,27659,28415,28587,28675,29523,30759,31607,32483,32571,32859,33659,34511,34735,35051,35807,36703,36971,37227,38115,39047,39199,39455,40303,41299,41447,41719,42711,43711,43999,44291,44963,45135,45339,46391,46655,46943,47575,47763,47779,48343,48515,49051,49423,49783,50567,51123,51339,51955,52219,52547,53499,54731,55235,55675,56439,56603,56803,57379,57615,58151,58755,59207,59899,60063,60443,61699,62499,63059,64227,64775,65203,65719,66095]
resources/preprocessed/Interpolated/2020-07-02_14.20.28_RightArm.csv:[61995,62183,62283,62791,63675,64307,64879,65423,65939,66487,66979,67503,68179,68715,69295,69815,70271,70847,71531,72063,72751,73295,73883,74471,75059,75615,76379,76955,77783,78391,79259,79835,80719,81359,82163,82183,82539,83135,83963,84007]
resources/preprocessed/Interpolated/2020-07-02_14.20.28_Belly.csv:[61995,62235,62391,62703,63075,63375,63691,64303,64867,65431,65935,66535,67055,67687,68187,68783,69311,69891,70431,71007,71579,72175,72763,73363,73947,74551,75123,75727,76383,76995,77759,78411,79235,79843,80703,81379,82519,83131,84007]
resources/preprocessed/Interpolated/2020-07-02_14.14.32_RightArm.csv:[32003,32275,32463,32923,33907,34491,35051,35619,36271,36887,37551,38175,38831,39435,40067,40691,41419,42031,42787,43391,44131,44791,45563,46195,46935,47567,48303,48919,49671,50303,51091,51691,52503,53099,53911,54495,55367,55971,56919,57535,58275,59227,60427,61051,62047,62183,62455,63075,63763,64159,64435,64455,64887,64995]
resources/preprocessed/Interpolated/2020-07-02_15.13.22_LeftArm.csv:[23003,23099,23791,23879,24531,25199,26003,26779,27647,28459,28515,28699,29643,30623,31635,32439,32595,32835,33627,34527,34699,34995,35879,36739,37123,37131,37983,39083,39127,39455,40055,41731,42707,43803,43939,44283,45343,46347,46627,46951,47935,48931,49359,49775,50567,51603,52179,52543,53431,54123,54247,54707,55219,55671,56363,56591,56787,57279,57611,58087,58747,59195,59883,60063,60499,61667,62475,63015,63587,64047,64475,65607,66095]
resources/preprocessed/Interpolated/2020-07-02_14.14.32_Belly.csv:[32003,32031,32459,32587,32951,33307,33579,33899,34487,35051,35643,36271,36911,37539,38207,38811,39475,40087,40771,41431,42079,42747,43431,44143,44823,45551,46219,46911,47579,48267,48923,49631,50287,51055,51703,52479,53103,53883,54551,55339,55987,56859,57575,58539,59207,60379,61027,62367,63063,64807,64995]
resources/preprocessed/Interpolated/2020-07-02_14.59.59_RightArm.csv:[73999,75031,75943,76695,76851,77171,78091,79123,79179,79371,80331,81199,81555,81887,82687,83579,83955,84295,85051,86047,86347,86587,87451,88567,88711,89135,89939,90931,91271,91619,92495,93499,93995,94315,95119,96311,96779,97175,97967,99123,99995]
resources/preprocessed/Interpolated/Jan_liegestuetzen3_13_10_2020_Chest.csv:[34000,34040,34405,34570,34990,35575,36065,36735,37520,38165,38975,39670,40430,41060,41820,42460,43290,43940,44710,45340,46075,46720,47510,48135,49085,49715,50830,51475,52595,53245,53955,54145,54575,55255,55950,56545,56965,56995]
resources/preprocessed/Interpolated/2020-07-02_14.20.28_LeftArm.csv:[61995,62467,62655,63071,63667,64307,64859,65407,65931,66503,66999,67659,67967,68651,69271,69787,70383,70891,71495,72043,72659,73243,73835,74415,74915,75583,76331,76939,77699,78347,79187,79799,80667,81331,82063,83095,83891,84007]
resources/preprocessed/Interpolated/2020-07-02_13.00.09_Belly.csv:[26999,27543,27763,28143,28907,29859,30787,31771,32659,33391,34547,35583,36447,37515,38555,39427,40407,41411,42451,43443,44519,45319,46999,47911,49135,49991,51599,52355,52739,53115,54163,55427,56531,56627,57215,57971,58579,58855,59607,59695,60091,60171,60267,61067,61619,61947,62411]
resources/preprocessed/Interpolated/2020-07-02_14.14.32_LeftArm.csv:[32003,32259,32283,32339,32383,32963,33895,34459,35027,35587,36243,36867,37531,38143,38787,39415,40067,40699,41423,42043,42747,43367,44131,44791,45531,46183,46875,47503,48263,48899,49603,50271,51051,51671,52467,53075,53847,54423,55291,55907,56863,57639,58631,59199,59975,60183,60323,60995,61851,62119,62467,63067,64187,64491,64875,64995]
resources/preprocessed/Interpolated/2020-07-02_11.17.39_Belly.csv:[58227,58359,59211,60023,61183,61923,62779,63575,64555,65307,66195,66947,67899,68647,69539,70339,71299,72119,73167,73871,74907,75735,76619,77491,78491,79331,80311,81215,82239,83119,84111,85071,85991,86923,88087,88911,89223,89543,90419,91427,92275,93643,94679,96067,97163,98567,99459,101195,102087,102211,102391,103011,103391,103903,104447,104907,105331,105943,106727,107507,108139]
resources/preprocessed/Interpolated/Andre_liegestuetzen3_13_10_2020_Chest.csv:[30998,31068,31883,32793,33623,34433,35223,36043,36878,37678,38488,39263,40093,40878,41718,42473,43403,44178,45088,45858,46818,47623,48563,49438,50678,51678,52793,53758,55043,55978,57478,58348,59443,59793,60233,61223,62908,63933,64838,65443,65473,65498]
resources/preprocessed/Interpolated/2020-07-02_11.17.39_Chest.csv:[58227,58387,59311,60119,61191,61931,62799,63599,64539,65299,66195,66951,67899,68667,69583,70351,71363,72147,73175,73907,74891,75763,76671,77515,78503,79335,80375,81219,82275,83127,84123,85087,86043,86899,87971,88939,89243,89563,90431,91447,92387,93619,94671,95651,95739,96095,97223,98539,99487,101151,102011,102287,102639,103875,104579,105967,106775,107519,108139]
resources/preprocessed/Interpolated/2020-07-02_11.17.39_LeftArm.csv:[58227,58739,58987,59243,59907,60523,61103,61195,61931,62771,63571,64507,65275,66255,66903,67963,68687,69655,70375,71375,72143,73163,73791,74811,75779,76603,77431,78603,79179,79411,79567,80527,81399,82267,83155,84131,85119,86023,86811,87723,88855,89267,89627,90491,91447,92507,93615,94731,95731,95843,95987,97223,98567,99735,100795,102075,103831,104563,105035,105143,105179,105219,105983,106583,107579,108139]
resources/preprocessed/Interpolated/2020-07-02_14.59.59_Belly.csv:[73999,74871,76023,76995,77795,79403,80263,81279,81487,81779,82671,83683,83943,84235,85023,86087,86267,86575,87403,88419,88715,88959,89883,91103,91207,91503,92415,93675,93899,94223,95015,96351,96735,97143,97935,99131,99995]
resources/preprocessed/Interpolated/Andre_Squats_13_10_2020_LeftArm.csv:[60996,61591,62381,63491,64186,64681,65031,67041,68626,68726,68876,69366,69586,72111,73386,74456,75591,77421,78726,79481,80361,82501,83801,84781,85381,87546,88786,89876,90606,92546,93741,94436,95366,96421,96556,97766,98981,99516,99816,99906,100486,101141,101306,102691,103936,104861,105511,107656,108741,109516,110601,112601,113701,114346,114401,114826,115381,117291,118406,119121,119341,119701,120431,121916,123141,124246,124786,126521,127281,127736,128156,128906,129661,131221,132046,132526,132951,133676,134406,134816,135201,136016,136781,137211,137621,138406,139126,139616,140041,140871,141606,142106,142546,143371,144116,144556,144951,145741,146431,146906,147331,148161,148891,149336,149556,150446,151206,151651,152026,152881,153621,154126,154606,155366,156021,156516,156841,157756,158536,158981,158996]
resources/preprocessed/Interpolated/2020-07-02_14.07.33_Chest.csv:[7005,7293,7497,8085,8869,9473,10101,10717,11349,12025,12645,13337,13989,14669,15289,15945,16589,17161,17845,18553,19161,19797,20465,21117,21837,22489,23265,23949,24609,25285,25961,26613,27321,27993,28741,29413,30213,30885,31625,32285,33061,33717,34493,35149,35973,36629,37469,38085,38969,39621,40653,41289,42349,42969,43681,43933,44117]
resources/preprocessed/Interpolated/2020-07-02_11.17.39_RightArm.csv:[58227,58339,59267,59955,61191,61963,62851,63583,64587,65283,66199,66939,67879,68715,69555,70339,71383,72143,73155,73827,74919,75779,76631,77615,78511,79511,80415,81255,82267,83111,84123,85099,85383,85507,86187,86887,88119,88795,90379,91491,92387,93679,94691,95963,97227,98611,99695,100791,102015,102863,103191,103875,104647,106095,106343,107611,108139]
resources/preprocessed/Interpolated/Andre_liegestuetzen3_13_10_2020_RightArm.csv:[30998,31003,31888,32783,33608,34433,35208,36043,36853,37683,38483,39268,40078,40888,41718,42488,43408,44188,45103,45878,46813,47628,48563,49463,50683,51678,52783,53763,55103,55988,56998,57208,57653,58363,59293,59818,60308,61213,62223,62608,63073,63943,64793,65433,65498]
resources/preprocessed/Interpolated/2020-07-02_12.50.00_LeftArm.csv:[16003,16115,16131,16395,16671,16739,17143,17723,19051,19735,20907,21615,22783,23399,24963,25611,26935,27643,29027,29819,30919,31823,32875,33599,33743,33903,34007,34059,34971,35675,36203,36267,37203,37939,38087,38223,39367,40087,40515,40831,41727,42487,42579,42679,43783,44559,44959,45003,45983,46759,47123,47407,48383,49231,49623,49995,50887,51807,52087,52303,53235,53547,53935,54683,54879,55295,56167,57499,58471,58723,58919,60247,61099,61419,61711,62043,62091,62139,62199,62275,62287,62995]
resources/preprocessed/Interpolated/2020-07-02_14.20.28_Chest.csv:[61995,62363,62463,62695,63075,63331,63687,64323,64883,65447,65955,66547,67087,67715,68199,68783,69323,69903,70451,71023,71595,72179,72783,73379,73963,74571,75143,75739,76395,77019,77779,78427,79251,79859,80727,81419,82535,83163,84007]
resources/preprocessed/Interpolated/2020-07-02_14.07.33_RightArm.csv:[7005,7129,7493,7957,8833,9449,10017,10685,11337,12017,12649,13301,13977,14649,15265,15909,16565,17225,17857,18609,19109,19729,20409,21049,21809,22457,23253,23925,24601,25213,25945,26577,27301,27937,28741,29397,30221,30853,31629,32253,33069,33673,34529,35109,35973,36585,37481,38045,38965,39621,40645,41233,42333,42937,43649,43937,43993,44117]
resources/preprocessed/Interpolated/Lukas_liegestuetzen1_13_10_2020_RightArm.csv:[38000,38505,39280,40105,40785,41760,42505,43560,44360,45240,46115,46985,47875,48715,49565,50475,51425,52310,53210,54205,55170,56110,57125,57920,58875,59750,60815,61665,62675,63470,64420,65270,66430,67220,68235,69120,70060,71030,72045,72820,73780,74560,75525,76315,77245,77980,78980,79780,80895,81660,82620,82745,82770,82905,83025,83530,83995]
resources/preprocessed/Interpolated/2020-07-02_14.07.33_Belly.csv:[7005,7261,7477,7593,7809,8145,8853,9465,10097,10693,11345,12029,12637,13325,13973,14649,15281,15945,16577,17177,17845,18525,19165,19805,20449,21109,21821,22449,23237,23921,24585,25261,25941,26581,27297,27953,28713,29401,30193,30849,31597,32245,33025,33689,34445,35101,35937,36601,37421,38037,38929,39585,40605,41225,42309,42937,43649,43881,44117]
resources/preprocessed/Interpolated/Andre_liegestuetzen1_13_10_2020_RightArm.csv:[16996,17166,17816,18796,19611,20551,21401,22326,23141,23981,24821,25681,26506,27316,28161,29046,29831,30631,31401,32186,33031,33791,34621,35416,36281,37071,37886,38686,39511,40276,41101,41891,42791,43561,44456,45226,46156,46941,47896,48686,49676,50431,51401,52191,53321,54076,55291,56116,57411,58226,59666,60576,61321,61541,61976,62136,62686,63561,64416,64501,64776,65001,65411,66281,66996]
resources/preprocessed/Interpolated/2020-07-02_12.50.00_RightArm.csv:[16003,16043,16531,16787,17727,19047,19771,20935,21651,22783,23443,24959,25615,25747,25835,26935,27759,28999,29791,30919,31955,32875,33847,34975,35731,37175,38187,39379,40119,40491,40835,41723,42763,43763,44935,45971,46787,47119,47419,48399,49315,49687,49847,50907,51839,52095,52307,53211,53559,53943,54715,54871,55195,56087,57531,58403,58771,58923,58991,59043,59143,59151,60187,61063,61463,61663,62995]
resources/preprocessed/Interpolated/Andre_Squats2_13_10_2020_Belly.csv:[47500,48715,49725,50435,52020,52740,53130,53305,54275,54950,56555,57240,57720,57935,58940,59640,60075,60340,61315,62005,62445,62705,63675,64380,64780,64985,65960,67960,69505,70705,72265,72655,73365,74180,74755,75450,76820,77610,77805,78830,80325,82260,83735,84570,85125,86120,87310,88965,89905,90015,91190,91575,92215,93470,94435,96080,96970,97410,97735,98095,99170,100160,100385,100620,101525,103215,104120,105160,106105,107440,107825,107865,108045,108550,108935,110020,111340,112125,113300,115435,115885,115970,116065,117130,118575,119265,120265,122790,123830,124305,125160,125545,125985,126750,126960,127535,128660,129095,130675,132035,132680,133095,133500,133825,135400,136455,137275,137985,139870,141070,141880,142755,143715,143835,144720,145825,146885,147530,149670,150750,151060,151445,151865,152215,154130,155425,156055,156910,157640,157740,157765,158205,158910,160000,160505,160665,160935,161090,161195,161640,161940,162065,163605,164955,166110,166845,167455,167840,168670,169810,170645,170775,171020,171965,173870,175090,175945,176765,177480,177665,178645,179930,180780,181690,182480,182540,183470,184905,185790,186685,188700,189915,190750,191630,192420,192480,193520,194800,195810,196530,197620,197755,198365,199800,200540,201280,201890,202290,203120,204380,205060,205840,206540,207055,207790,209215,210090,210750,211350,211970,212610,213660,213750,213995]
resources/preprocessed/Interpolated/2020-07-02_12.50.00_Chest.csv:[16003,16083,16391,16759,17735,18487,18495,18995,19787,20867,21631,22727,23443,24923,25803,26883,27759,28967,29823,30907,31863,32831,33867,34939,35763,37195,38167,39343,40143,40475,40719,41691,42687,43747,44783,45939,46831,48351,49355,50855,51967,53147,53539,53927,54987,56011,57499,58331,58739,58923,60115,61003,61471,61627,62995]
resources/preprocessed/Interpolated/2020-07-02_13.00.09_Chest.csv:[26999,27475,27755,28195,28927,29887,30799,31759,32655,33463,34547,35455,36439,37467,38523,39451,40395,41575,42471,43447,44539,45299,46999,47979,49151,49999,51523,53003,54335,55335,57227,57995,59331,59647,60091,60883,61635,61995,62411]
resources/preprocessed/Interpolated/2020-07-02_13.00.09_RightArm.csv:[26999,27587,27831,28163,28883,30035,30771,31903,32547,33203,33799,33987,34131,35655,36535,37411,38363,39251,40431,41539,42443,43483,44571,45299,45791,46023,47031,47887,48927,49943,51391,52315,52879,53319,53955,54459,54675,55423,56803,56911,57391,58059,58627,58891,59463,59751,60267,60875,61479,62003,62407,62411]
resources/preprocessed/Interpolated/2020-07-02_15.13.22_Chest.csv:[23003,23063,23115,23203,23623,24163,24307,24335,25139,26011,26891,27691,28727,29559,30691,31651,32819,33659,34979,35827,36791,36931,37203,37931,39439,40251,41651,42711,43775,43967,44267,44911,45811,45895,46427,46611,46907,47563,47759,47803,49047,49411,49763,50559,51771,52203,52551,53383,54795,55227,55647,56411,56635,56811,57503,57591,58151,58735,59163,59851,60159,60471,61823,62523,63011,63811,64035,64291,64971,65167,65747,66095]
resources/preprocessed/Interpolated/Andre_liegestuetzen1_13_10_2020_Belly.csv:[16996,17141,17791,18811,19651,20566,21436,22331,23146,23976,24841,25691,26516,27321,28186,29041,29861,30636,31416,32181,33026,33791,34616,35406,36266,37061,37896,38696,39521,40281,41116,41891,42796,43546,44451,45226,46146,46931,47846,48641,49601,50401,51386,52176,53266,54061,55246,56091,57421,58226,59606,60561,61276,61616,62501,63536,64301,64601,65361,66266,66986,66996]
resources/preprocessed/Interpolated/2020-07-02_15.31.36_Belly.csv:[72271,72847,73767,74127,74295,74495,74639,75219,75495,75671,75895,76087,76559,77103,77907,77955,78323,79399,79703,79779,80239,81735,82375,83019,83739,84823,85255,85827,86531,86755,87263,88347,89203,90575,91419,92715,93627,94987,95835,97247,98095,99607,100439,101475,101647,101919,102771,103395,103511,104459,105295,106379,106799,107131,107907,109163,109471,109779,110579,111295,111335,111807,112199,112543,113279,113975]
resources/preprocessed/Interpolated/Jan_liegestuetzen2_13_10_2020_LeftArm.csv:[16996,17191,17586,17986,18026,18241,18811,19236,19801,20541,21156,21941,22541,23271,23911,24671,25236,25946,26566,27291,27906,28691,29301,30071,30696,31471,32066,32891,33496,34296,34891,35796,36436,37341,37976,39051,39641,40676,41311,42511,43141,43856,43951,44446,45051,45746,46216,46716,47416,48126,48646,49086,49961,50781,50841,50876,50996]
resources/preprocessed/Interpolated/2020-07-02_15.31.36_Chest.csv:[72271,72499,73223,73727,73895,74739,75923,76639,77263,77975,78227,78311,78543,78987,79447,80247,80835,81071,81791,82555,83099,83667,84675,85211,85791,86563,86767,87255,88419,89263,90167,90327,90627,91511,92731,93623,94623,94723,94987,95875,97251,98111,99139,99267,99631,100503,101495,101667,101967,102859,103991,104199,104531,105379,106435,106831,107123,107903,108579,108591,109191,109547,109811,110623,111843,112215,112571,113355,113975]
resources/preprocessed/Interpolated/Andre_Squats_13_10_2020_RightArm.csv:[60996,61276,61426,61566,61701,61806,62336,63476,64171,64691,65021,66831,68461,69266,69611,70351,70661,72081,73466,74321,75691,77416,78711,79426,80346,82576,83741,84841,85336,87386,88856,89871,90471,91506,91626,92541,93716,94451,95306,96071,96111,97746,98931,99401,99756,100191,100291,100866,101141,102686,103946,104966,105571,106816,106841,107621,108766,109481,110586,112526,113671,114191,114491,114916,115411,117291,118376,118941,119341,119746,120321,121956,123116,124321,124786,126521,127316,127816,128176,128901,129661,131241,132066,132551,132981,133671,134421,134856,135066,136011,136811,137241,137621,138406,139181,139701,140071,140871,141646,142136,142526,143376,144146,144611,144936,145741,146431,146921,147296,148151,148911,150451,151236,151666,152006,152891,153656,154196,154616,155361,156036,156516,156811,157756,158551,158996]
resources/preprocessed/Interpolated/2020-07-02_14.14.32_Chest.csv:[32003,32015,32387,32939,33307,33535,33903,34491,35063,35655,36283,36923,37563,38223,38827,39495,40107,40783,41451,42099,42783,43475,44179,44859,45583,46259,46931,47595,48299,48963,49671,50355,51099,51747,52519,53151,53915,54615,55391,56035,56911,57683,58591,59279,60423,61083,62443,63135,64879,64995]
resources/preprocessed/Interpolated/2020-07-02_15.31.36_LeftArm.csv:[72271,72559,72839,73063,73523,73847,74175,74707,75967,76547,77135,77967,78711,78783,79311,80191,80535,81055,81783,82395,83083,83651,84991,85459,85879,86535,86723,87243,88395,89235,90067,90391,90675,91467,92371,92427,92771,93635,94567,94795,95147,95831,96739,97195,97539,98159,99155,99379,99579,100423,101379,101679,102023,102911,104003,104235,104511,104935,105043,105487,106343,106851,107015,107875,108475,108623,109195,109515,109815,110571,111251,111327,111799,112207,112587,113395,113975]
resources/preprocessed/Interpolated/2020-07-02_15.31.36_RightArm.csv:[72271,72615,72855,73091,73851,74399,74431,74903,75847,76139,76955,77947,78347,78447,78815,79119,79575,80219,80447,80879,81819,82731,82879,83571,84603,84819,84935,85351,85375,85447,85775,86555,86675,87243,88431,89263,90099,90399,90679,91495,92347,92583,92667,93559,94515,94767,94975,95827,97235,98103,99191,99415,99531,100583,101423,101699,101999,102927,103823,104187,104583,105459,106315,106891,107207,108007,109191,109575,109815,110687,111007,111327,111887,112215,112615,113339,113831,113975]
resources/preprocessed/Interpolated/Andre_Squats2_13_10_2020_Chest.csv:[47500,48735,49730,50435,52040,52740,53140,53285,54275,54945,55375,55415,56555,57240,57715,57950,58950,59640,60080,60350,61320,62005,62440,62710,63680,64380,64780,65005,65950,67950,69470,70760,73330,74110,74695,75455,76825,78810,80270,82260,83740,84585,85160,86085,87330,88980,90330,90480,91220,91450,92095,93435,94465,96070,96995,97455,97820,97860,99160,100150,100210,100715,101550,103210,104170,105155,106175,107030,107155,107430,107835,108550,108930,110030,111355,112170,113240,114545,114765,115430,116010,117125,118580,119310,120255,121640,121710,122840,123825,124310,125145,125495,126010,127515,128625,129065,130175,130260,130685,131990,132690,133085,133460,133800,135375,136455,137290,137995,139895,141095,141935,142770,144710,145840,146880,147575,149715,150800,151240,151405,151870,152200,154135,155425,156110,156900,157635,158150,158915,160010,160910,161660,161945,162055,163650,164960,166095,166850,167470,167795,168670,169860,171005,171960,173875,175125,175975,176770,177465,177645,178655,179945,180810,181680,182515,182705,183485,184920,185820,186670,188685,189945,190775,191640,193520,194860,195815,196525,198370,199805,200565,201280,201960,202340,203080,204390,205080,205845,206555,207035,207785,209230,210060,210730,211365,211930,212570,213995]
resources/preprocessed/Interpolated/2020-07-02_14.07.33_LeftArm.csv:[7005,7129,7493,8241,8869,9437,10085,10725,11381,12033,12641,13177,13933,14605,15277,15909,16577,17129,17817,18569,19177,19765,20429,21053,21801,22421,23261,23921,24565,25209,25917,26537,27273,27925,28725,29385,30185,30825,31593,32217,33001,33585,34441,35061,35897,36573,37433,38001,38933,39569,40509,41201,42329,42877,43653,43829,43937,44117]
resources/preprocessed/Interpolated/Andre_Squats2_13_10_2020_RightArm.csv:[47500,48750,49710,50435,50855,50975,52050,52765,53155,53395,54260,54940,55345,55455,56545,57250,57790,58195,58930,59640,60110,60435,61305,62030,62490,62790,63665,64440,64860,65015,65960,67310,67560,67965,69625,70795,71440,71625,72580,72720,73395,74135,74730,75410,77040,78670,80260,82240,82975,83265,83910,84660,85085,86035,87345,88850,89760,90095,91180,91570,91870,93085,94400,96100,96875,97325,97975,98480,98975,99660,99935,100045,100340,100845,101575,103265,103895,104310,104735,105230,105970,106685,106840,107025,107595,108535,108950,109595,109730,109955,110530,111120,111955,112310,113155,114120,115000,116710,116865,117150,118705,119315,120175,120830,121185,122525,123040,123465,123955,124300,125170,125570,126075,127385,127835,128205,128645,129130,130225,130300,130610,131905,132785,133055,133435,133915,135330,136350,137080,137325,137435,137985,139845,141090,142010,142855,144640,145815,146945,147745,149455,150665,150840,151470,151965,152495,154130,155480,156090,156310,156370,156955,157860,158210,158935,159975,160375,160740,161285,161670,161945,162135,162370,162595,163520,164550,165280,165420,166150,166860,167510,167650,168670,169805,170520,171215,171540,172010,173800,175095,175970,176220,176420,176725,177200,177675,178555,179925,180590,180960,181300,181760,182480,182620,183480,184910,185660,186025,186215,186715,188565,189940,190685,190775,191160,191750,193535,194760,196020,196575,197285,197335,198350,199900,200850,201390,201830,202205,202955,203440,203585,204415,205005,205870,206550,207070,207805,208650,208795,209435,210175,210780,211370,211900,212535,213645,213810,213995]
resources/preprocessed/Interpolated/Andre_liegestuetzen1_13_10_2020_LeftArm.csv:[16996,17016,17136,17821,18791,19606,20516,21401,22311,23141,23976,24841,25661,26516,27301,28176,29026,29836,30621,31416,32171,33046,33791,34601,35396,36286,37056,37906,38676,39511,40271,41151,41891,42806,43546,44471,45221,46161,46936,47881,48651,49636,50406,51386,52176,53341,54081,55306,56096,57421,58221,59661,60551,61356,61606,62001,62016,62581,63556,64311,64376,64391,64581,65391,66266,66996]
resources/preprocessed/Interpolated/2020-07-02_13.00.09_LeftArm.csv:[26999,27759,28183,28743,30023,30703,31891,32799,33619,34571,35503,36475,37587,38739,39527,40475,41531,42515,43463,44495,45351,45639,45939,46939,48083,48911,49471,49715,50539,51815,53011,53931,55543,56715,56967,57423,58067,59303,59655,60143,60871,61571,62311,62411]
resources/preprocessed/Interpolated/Andre_liegestuetzen3_13_10_2020_LeftArm.csv:[30998,31078,31873,32788,33633,34428,35233,36038,36888,37663,38498,39258,40093,40873,41733,42473,43413,44173,45083,45853,46828,47613,48588,49438,50758,51678,52803,53763,55133,55993,56793,56843,57648,58363,59483,59878,60353,61238,62013,62218,63018,63923,64763,65498]
resources/preprocessed/Interpolated/Lukas_liegestuetzen1_13_10_2020_LeftArm.csv:[38000,38195,39210,40110,40720,41765,42540,43545,44385,45215,46125,46985,47855,48695,49635,50445,51430,52290,53285,54180,55205,56100,57090,57880,58885,59725,60795,61655,62540,63445,64430,65235,66380,67195,68240,69100,70070,71010,72045,72810,73790,74545,75540,76290,77245,77975,79000,79765,80905,81630,82440,82660,82820,83415,83995]
resources/preprocessed/Interpolated/Andre_Squats2_13_10_2020_LeftArm.csv:[47500,47860,48180,48800,49735,50435,50845,50995,52050,52735,53175,53415,54275,54960,56555,57245,57710,58180,58955,59630,60095,60505,61315,62020,62480,62800,63675,64410,64840,65185,65965,67055,67480,68005,69610,71185,72305,72705,73345,74045,74645,75385,76935,78790,80275,82180,82940,83260,83890,84685,85150,85455,85605,86170,87285,88765,89945,90445,91240,91890,92085,93135,93230,93415,94385,96050,96855,97320,98230,98515,98895,99985,100275,100540,101615,103200,103870,104315,104690,105200,106120,106785,107440,108500,108925,109970,110850,111255,111755,112250,113140,113825,113920,114090,114150,114445,114860,115610,115750,117260,118700,119435,120175,120745,121145,121630,121725,122525,123385,123460,123920,124340,125170,125440,126060,127335,127790,128065,128615,129210,130110,130220,130690,131985,132715,133005,133335,133870,135310,136385,137085,138030,139835,141070,141830,141935,141965,142810,144690,145765,146870,147805,149635,151410,151970,152650,154125,155320,155890,156255,156410,156970,157950,158185,158855,159845,160390,160790,161310,162230,163630,164900,165370,165710,166265,166970,167470,167680,168695,169805,170880,171275,171580,172060,173755,175195,175930,176050,176455,176825,177300,177750,178570,179935,180560,180860,181225,181775,183470,184895,185635,185950,186245,186770,187600,187705,188535,189900,190655,190910,190990,191470,192305,192485,193480,194895,196040,196715,198300,199850,200735,201415,201960,202130,202305,202435,203180,203365,203415,204380,205045,205785,206340,206940,207760,208640,208745,209270,210300,210910,211570,211940,212640,213995]
resources/preprocessed/Interpolated/Andre_Squats_13_10_2020_Belly.csv:[60996,61301,61401,61561,62371,63491,64226,64726,65006,67031,68351,69001,69481,70446,70696,72036,72566,72611,73456,74416,75436,77466,78781,79566,80311,81531,81616,82516,83826,84626,85276,87411,88811,89636,90371,91436,91701,92581,93861,94586,95386,96311,96976,97766,99031,99851,100411,101086,101411,101956,101961,102721,103981,104781,105426,106631,106926,107621,108811,109686,110516,111526,111756,112561,113781,114601,115276,115996,116061,117286,118491,119376,120136,121981,123106,124051,124816,125671,125856,126531,127221,127666,127906,128911,129616,129971,130141,131251,131986,132441,132811,133681,134371,134786,134956,136021,136746,137161,137451,138426,139136,139576,139841,140886,141596,142091,142431,143401,144116,144501,144711,145761,146461,146876,147181,148201,148881,149211,149341,150486,151201,151611,151881,152901,153646,154086,154436,155391,156061,156466,156741,157786,158536,158931,158996]
resources/preprocessed/Interpolated/Andre_Squats_13_10_2020_Chest.csv:[60996,61306,61381,61561,62361,63491,64231,64711,65016,67036,68296,68941,69506,70451,70711,72051,72496,72576,73471,74401,75456,77511,78776,79586,80296,81076,81261,82571,83821,84626,85271,86106,86136,87476,88811,89661,90401,91331,91576,92581,93816,94576,95346,96311,96676,97806,99031,99866,100416,101096,101561,102751,103981,104826,105451,106751,106891,107656,108811,109696,110541,111421,111716,112586,113791,114631,115286,117306,118516,119391,120126,121991,123151,124011,124786,125616,125761,126536,127246,127716,127936,128906,129621,131256,132001,132476,132841,133686,134391,134806,134966,136026,136766,137191,137476,138426,139141,139601,139866,140891,141611,142101,142421,143396,144121,144521,144711,145751,146466,146891,147196,148176,148876,150476,151211,151621,151881,152906,153651,154121,154456,155376,156051,156481,156751,157771,158536,158946,158996]
resources/preprocessed/Interpolated/Andre_liegestuetzen2_13_10_2020_Chest.csv:[39996,40591,41636,42506,43316,44061,44911,45721,46526,47361,48241,49106,49911,50761,51576,52481,53266,54171,55001,55966,56781,57816,58621,59611,60426,61451,62256,63401,64251,65326,66231,67486,68381,69691,70596,72161,73106,74821,75871,76696,77036,77706,77841,77946,79206,79996]
resources/preprocessed/Interpolated/Andre_liegestuetzen2_13_10_2020_LeftArm.csv:[39996,40081,40611,41636,42496,43306,44051,44896,45701,46511,47341,48236,49116,49901,50756,51566,52476,53266,54151,54996,55976,56776,57831,58621,59606,60421,61466,62261,63386,64246,65396,66236,67511,68376,69761,70596,71416,71521,71686,71766,72226,73136,74021,74101,74891,75881,76541,77036,78081,79201,79931,79996]
resources/preprocessed/Interpolated/Lukas_liegestuetzen3_13_10_2020_LeftArm.csv:[10996,11251,12156,12906,13561,14631,15481,16121,16771,17351,17936,18526,19251,19876,20691,21241,22106,22701,23556,24156,25091,25691,26796,27466,28316,28796]
resources/preprocessed/Interpolated/Andre_liegestuetzen1_13_10_2020_Chest.csv:[16996,17116,17806,18791,19651,20556,21441,22321,23146,23981,24856,25691,26526,27316,28196,29051,29861,30641,31431,32196,33046,33806,34621,35411,36281,37071,37911,38701,39526,40286,41136,41901,42811,43566,44461,45236,46156,46946,47871,48656,49621,50416,51391,52186,53291,54076,55241,56101,57391,58221,59591,60536,61406,61576,61961,62101,62511,63546,64391,64576,65341,66256,66996]
resources/preprocessed/Interpolated/Andre_liegestuetzen2_13_10_2020_RightArm.csv:[39996,40106,40666,41651,42426,43311,44046,44911,45681,46521,47316,48246,49086,49911,50751,51576,52456,53261,54136,54991,55961,56786,57791,58621,59586,60431,61436,62256,63456,64276,65256,66246,67526,68381,69356,69476,69786,70616,71391,71846,72286,73121,74136,74531,74951,75881,76606,77011,78071,79191,79976,79996]
resources/preprocessed/Interpolated/2020-07-02_12.50.00_Belly.csv:[16003,16387,16779,17743,18503,18523,18995,19787,20863,21631,22755,23463,23675,23731,24911,25803,26879,27751,29007,29831,30903,31855,32847,33875,34927,35775,37207,38179,39347,40151,40439,40671,41687,42687,43759,44783,45911,46847,48351,49423,50847,52039,53127,53519,53883,55031,55979,57503,58331,58715,58915,60107,60987,61435,61507,62995]
resources/preprocessed/Interpolated/Andre_liegestuetzen3_13_10_2020_Belly.csv:[30998,31288,31323,31883,32793,33623,34438,35218,36038,36883,37668,38493,39253,40098,40863,41728,42463,43403,44163,45098,45853,46818,47613,48558,49433,50693,51678,52803,53758,55003,55978,57458,58333,59508,59723,60148,61248,61988,62243,62883,63933,64783,65483,65498]
resources/preprocessed/Interpolated/Jan_liegestuetzen2_13_10_2020_Belly.csv:[16996,17266,17726,18136,18196,18581,19131,19806,20566,21221,21936,22586,23296,23961,24626,25246,25946,26596,27286,27956,28696,29321,30091,30721,31466,32111,32876,33486,34291,34901,35801,36451,37366,38006,39016,39651,40676,41311,42476,43146,43866,43901,44376,45041,45791,46226,46656,47391,48096,48966,49726,50361,50791,50996]
resources/preprocessed/Interpolated/Jan_liegestuetzen2_13_10_2020_Chest.csv:[16996,17131,17416,17756,18066,18216,18651,19201,19821,20571,21211,21951,22571,23291,23941,24631,25246,25951,26586,27286,27936,28706,29326,30091,30716,31476,32101,32891,33506,34306,34916,35816,36461,37371,38011,39041,39661,40681,41321,42511,43161,43901,43956,44416,45056,45786,46251,46696,47416,48126,48651,49211,50296,50816,50951,50996]
