resources/preprocessed/Interpolated/Lukas_liegestuetzen3_13_10_2020_RightArm.csv:[11331,13691,16431,20441,23171,26651]
resources/preprocessed/Interpolated/Lukas_liegestuetzen3_13_10_2020_Chest.csv:[13546,17661,21296,23086,28326]
resources/preprocessed/Interpolated/Lukas_liegestuetzen3_13_10_2020_Belly.csv:[10996,13021,16811,18696,22711,25691,28531]
resources/preprocessed/Interpolated/Lukas_liegestuetzen2_13_10_2020_RightArm.csv:[36060,41425,44705,46890,49840,54770,57950,60920,63405,65960,69430,72635]
resources/preprocessed/Interpolated/Lukas_liegestuetzen2_13_10_2020_LeftArm.csv:[36080,39725,42780,46265,48175,50335,54660,60215,63425,66055,69430,71490]
resources/preprocessed/Interpolated/Lukas_liegestuetzen2_13_10_2020_Chest.csv:[36105,38585,41290,44430,47775,52485,55260,60510,64310,67615,69585,71500,73995]
resources/preprocessed/Interpolated/Lukas_liegestuetzen2_13_10_2020_Belly.csv:[36385,38145,40675,43585,47870,51830,54685,56750,60580,62855,66420,69410,71555,73905]
resources/preprocessed/Interpolated/Lukas_liegestuetzen1_13_10_2020_Chest.csv:[38300,41275,44135,48240,51935,54915,59455,62205,64430,68350,72250,74710,77165,78975,82735]
resources/preprocessed/Interpolated/Lukas_liegestuetzen1_13_10_2020_Belly.csv:[38165,40770,45870,47895,49730,53340,55315,59785,62475,64455,66480,69130,72530,74745,79030,81635,83995]
resources/preprocessed/Interpolated/Jan_liegestuetzen3_13_10_2020_RightArm.csv:[34000,37105,40030,42225,44315,51280,53155,56995]
resources/preprocessed/Interpolated/Jan_liegestuetzen3_13_10_2020_LeftArm.csv:[34345,37200,40080,43610,47085,51290,54195,56955]
resources/preprocessed/Interpolated/Jan_liegestuetzen3_13_10_2020_Belly.csv:[35470,37990,40805,42640,44505,47280,50085,52420,54370,56790]
resources/preprocessed/Interpolated/Jan_liegestuetzen2_13_10_2020_RightArm.csv:[16996,22881,25626,27646,29766,32621,36266,40411,42981,45341,47251,50281]
resources/preprocessed/Interpolated/Jan_liegestuetzen2_13_10_2020_Chest.csv:[17596,20841,22931,26261,29711,31846,35361,37691,42266,44121,46456,48971]
resources/preprocessed/Interpolated/Jan_liegestuetzen2_13_10_2020_Belly.csv:[16996,21061,23086,25066,29826,32671,35176,37121,40496,43481,45541,48256,50451]
resources/preprocessed/Interpolated/Andre_liegestuetzen3_13_10_2020_RightArm.csv:[31003,33538,35653,40018,43323,46768,48943,51253,53323,55493,57453,59458,62863,65498]
resources/preprocessed/Interpolated/2020-07-02_14.20.28_RightArm.csv:[61995,66155,70103,74131,78059,80583,82363,84007]
resources/preprocessed/Interpolated/2020-07-02_14.20.28_Belly.csv:[61995,63747,65287,66887,68475,70123,72247,74163,77475,78975,80479,82207]
resources/preprocessed/Interpolated/2020-07-02_14.14.32_RightArm.csv:[32019,34735,36495,39747,41279,44415,47147,49947,51371,53747,55683,57515,60259,62295,64667]
resources/preprocessed/Interpolated/2020-07-02_15.13.22_LeftArm.csv:[23003,25167,26799,28727,30199,32227,34323,36623,38843,41131,43619,46267,49079,51811,54823,58259,62147,66067]
resources/preprocessed/Interpolated/2020-07-02_14.14.32_Belly.csv:[32055,33915,35783,38631,40979,43683,47119,49115,50947,55195,58671,61015,63435]
resources/preprocessed/Interpolated/2020-07-02_14.59.59_RightArm.csv:[74031,76507,78839,81163,83579,85967,88371,90875,93547,96391,99179]
resources/preprocessed/Interpolated/2020-07-02_14.20.28_Chest.csv:[61995,64467,67203,72283,73995,75859,78327,80123,81695,83611]
resources/preprocessed/Interpolated/2020-07-02_14.07.33_RightArm.csv:[7005,9913,12289,15101,16853,20277,22125,24869,29017,30517,34153,36329,38801,40377,42217,44117]
resources/preprocessed/Interpolated/Lukas_liegestuetzen1_13_10_2020_RightArm.csv:[38230,41190,44830,48360,51870,53785,57075,58855,64440,66395,68215,70125,73750,77175,80845,83995]
resources/preprocessed/Interpolated/2020-07-02_14.07.33_Belly.csv:[7025,9557,12481,15177,17045,19977,22721,24569,26769,28641,31509,35165,37161,40473,41977,44117]
resources/preprocessed/Interpolated/2020-07-02_13.00.09_RightArm.csv:[27455,29487,31311,33239,35039,37055,38979,41099,43079,44499,46923,49167,51647,54327,57231,60107,62331]
resources/preprocessed/Interpolated/Jan_liegestuetzen3_13_10_2020_Chest.csv:[35660,40700,47975,49780,52360,54300,56810]
resources/preprocessed/Interpolated/2020-07-02_14.20.28_LeftArm.csv:[62887,65559,68939,74123,78043,81039,82827]
resources/preprocessed/Interpolated-Revised/Jan_liegestuetzen1_13_10_2020_edited_Belly.csv:[72001,76580,78507,80354,83767,85744,87556,90024,91986,93998,97401,100004,102341,104228,106575,108447,110459,113893]
resources/preprocessed/Interpolated/2020-07-02_12.50.00_LeftArm.csv:[16003,19027,20895,22787,24955,26995,28519,30479,32479,35083,37351,39479,41827,43343,46163,48687,51235,53151,55799,57431,59323,61023]
resources/preprocessed/Interpolated/2020-07-02_13.00.09_Chest.csv:[27399,29315,31387,33159,35115,37095,39063,41139,43867,45407,47715,51807,55191,56711,60083,61595]
resources/preprocessed/Interpolated/2020-07-02_12.50.00_Chest.csv:[16663,19735,22043,24107,26219,28103,30059,32151,33643,35687,38331,40387,42931,44611,46779,49467,52439,55315,57587,60363,62879]
resources/preprocessed/Interpolated-Revised/Jan_liegestuetzen1_13_10_2020_edited_LeftArm.csv:[72006,73848,75764,77801,80965,82942,85639,88732,90554,93777,97256,101255,104268,106505,109808,112381,114488]
resources/preprocessed/Interpolated-Revised/Jan_liegestuetzen1_13_10_2020_edited_RightArm.csv:[72001,75784,78382,80329,83647,88127,91300,93777,96560,98823,101335,104268,106510,109488,112216,114994]
resources/preprocessed/Interpolated/Andre_Squats2_13_10_2020_Belly.csv:[47560,49805,52130,54280,56690,59055,61345,63800,66895,68775,72345,75070,77590,79875,83035,85785,88140,90130,92940,95610,100230,102585,106190,108340,111280,113410,115420,118250,120500,123115,125765,129640,132555,135740,139295,141515,143765,146440,148970,153605,155795,158375,160705,163075,165370,168005,171180,173010,175535,179045,181710,184060,186360,189205,191345,193940,196115,199885,202790,205950,209420,211685]
resources/preprocessed/Interpolated/2020-07-02_13.00.09_Belly.csv:[27355,29231,31255,33263,34671,36099,38215,40923,42631,44715,47063,48667,51671,53991,56667,59995]
resources/preprocessed/Interpolated/2020-07-02_14.14.32_LeftArm.csv:[32003,34739,37767,39723,43031,46507,49931,53695,55663,57447,58979,60775,62263,64091]
resources/preprocessed/Interpolated-Revised/Jan_liegestuetzen1_13_10_2020_edited_Chest.csv:[72486,75169,78497,81695,85779,88187,91926,94608,97281,100554,104313,106550,109148,112381,114994]
resources/preprocessed/Interpolated/2020-07-02_11.17.39_Belly.csv:[58559,60603,64043,66147,68243,70099,71867,73643,75379,77251,79015,80995,82743,84731,86699,88783,91411,93323,95683,97611,99487,101323,104051,106827]
resources/preprocessed/Interpolated/Andre_liegestuetzen3_13_10_2020_Chest.csv:[31003,36073,38298,43778,46138,49613,53943,56228,58918,60713,65138]
resources/preprocessed/Interpolated/2020-07-02_11.17.39_Chest.csv:[59551,62171,63579,67031,68763,70355,71787,73967,75671,78047,79623,81211,83119,85167,86931,89307,93655,96003,98687,101119,103851,106235,108139]
resources/preprocessed/Interpolated/2020-07-02_11.17.39_LeftArm.csv:[58879,60671,62275,64031,65747,67467,69087,70883,72639,74459,76323,78083,79923,81755,83655,85647,88303,91395,93579,96003,98487,101047,103691,107303]
resources/preprocessed/Interpolated/2020-07-02_14.59.59_Belly.csv:[75843,78903,80395,82091,83703,85979,87903,89859,92431,94867,96495,99995]
resources/preprocessed/Interpolated/Andre_Squats_13_10_2020_LeftArm.csv:[60996,64866,67811,71161,73786,76651,79126,81901,86076,89911,91926,95371,98701,102061,105161,110451,112811,115191,117781,121256,125836,128206,130676,132991,135381,137841,140241,142786,145126,147526,149881,152366,154776,157176]
resources/preprocessed/Interpolated/2020-07-02_14.07.33_Chest.csv:[7065,10053,13073,15289,17945,21877,25873,28241,31169,33757,36209,39241,40753,43421]
resources/preprocessed/Interpolated/2020-07-02_11.17.39_RightArm.csv:[58851,60591,62319,64023,65719,67423,69063,70859,72671,74423,76279,78063,79903,81783,83631,85619,88315,91347,93603,95983,98499,101075,103699,107335]
resources/preprocessed/Interpolated/2020-07-02_14.59.59_Chest.csv:[74079,75703,79359,81219,83611,85979,88487,90891,93623,96547,99063]
resources/preprocessed/Interpolated/2020-07-02_14.59.59_LeftArm.csv:[74111,76451,78795,81123,83591,85935,88355,90863,93523,96375,99995]
resources/preprocessed/Interpolated/2020-07-02_12.50.00_RightArm.csv:[16111,19051,20911,22803,24967,26479,28467,30551,32447,35131,37367,39507,41887,43371,46195,48727,51271,53151,55119,57455,60107,62995]
resources/preprocessed/Interpolated/Andre_liegestuetzen1_13_10_2020_RightArm.csv:[16996,19611,25366,29811,32981,35041,37881,41526,46061,48701,51086,53206,55211,57356,59516,61816,65241]
resources/preprocessed/Interpolated/Andre_liegestuetzen2_13_10_2020_Belly.csv:[39996,41766,47806,51156,54596,58141,62371,65651,69211,71436,73341,75471,78741]
resources/preprocessed/Interpolated/2020-07-02_15.13.22_Belly.csv:[23003,25815,27687,31695,34811,36627,38843,40435,42607,45203,47819,50271,51883,54927,56735,58399,60295,61967,64235]
resources/preprocessed/Interpolated/2020-07-02_15.13.22_RightArm.csv:[23003,25099,26879,28591,30639,32239,34327,36551,38831,41111,44115,46263,49019,51859,55427,58387,62183,65927]
resources/preprocessed/Interpolated/2020-07-02_15.13.22_Chest.csv:[23003,25231,26879,30039,31523,34067,36615,38611,40235,42667,45239,47827,50543,53315,55095,56787,58367,60235,61967,64167]
resources/preprocessed/Interpolated/Andre_liegestuetzen1_13_10_2020_Belly.csv:[16996,18831,21436,25336,29536,33846,39126,41496,44851,48926,51021,55726,58651,61321,65841]
resources/preprocessed/Interpolated/2020-07-02_15.31.36_Belly.csv:[72499,78675,81839,83503,86383,88671,91431,93599,96031,98263,99791,101319,102759,105123,107719,109223,111991,113931]
resources/preprocessed/Interpolated/Jan_liegestuetzen2_13_10_2020_LeftArm.csv:[17271,20866,23486,26166,30371,37016,40376,43091,46321,49131]
resources/preprocessed/Interpolated/2020-07-02_15.31.36_Chest.csv:[72595,76023,80055,82559,84263,86395,89163,91395,93607,96699,98927,100363,101839,103907,106419,107919,110359,113279]
resources/preprocessed/Interpolated/Andre_Squats_13_10_2020_RightArm.csv:[60996,64871,67391,69831,72681,74851,76941,79136,81871,85271,89571,91796,95431,98251,100256,102111,105336,108171,110591,112761,115451,118916,121186,123436,125746,127556,130666,132986,135366,137731,139511,142791,145166,147551,149881,152326,154096,156536,158931]
resources/preprocessed/Interpolated/2020-07-02_14.14.32_Chest.csv:[32011,34615,38383,40963,43719,45139,47043,49147,51123,52831,54683,57151,58931,60527,62391,64775]
resources/preprocessed/Interpolated/2020-07-02_15.31.36_LeftArm.csv:[72699,74811,78827,81751,83547,86395,88383,89951,92163,94391,97207,98963,101303,103895,106423,109095,111775]
resources/preprocessed/Interpolated/2020-07-02_15.31.36_RightArm.csv:[72435,76515,78675,81803,83491,86391,88355,89963,92683,94411,97155,98987,101331,103863,106423,109107,111815]
resources/preprocessed/Interpolated/Andre_Squats2_13_10_2020_Chest.csv:[47500,49865,52150,54340,56635,58410,60765,63120,65495,68785,70855,74845,78415,81640,84805,86900,89885,92140,94130,96945,100060,102865,106795,109755,112685,115675,118225,121340,124985,129780,132310,134640,136835,139360,141515,144045,146435,148810,153670,155935,159765,163370,165385,167785,170230,173405,175445,179565,181685,184510,186930,189485,193135,195225,197905,202750,206135,208685,211065,213630]
resources/preprocessed/Interpolated/2020-07-02_14.07.33_LeftArm.csv:[7005,9929,12297,15097,18129,20285,22117,24873,27129,29053,30529,32697,35629,37117,38765,40345,42021,44069]
resources/preprocessed/Interpolated/Andre_Squats2_13_10_2020_RightArm.csv:[47500,49705,53670,55945,58305,60715,63105,65540,68610,72450,75995,79625,82945,86585,88390,91910,93960,96040,98965,103255,105460,107600,110170,114600,117745,123390,127055,129760,132070,134555,136845,139065,141470,143950,146330,148935,153510,155905,158145,160585,163095,165490,167820,170300,173290,175500,180320,182795,185380,187840,190305,192745,195125,197500,202020,204550,206950,209475,211855]
resources/preprocessed/Interpolated/Andre_liegestuetzen1_13_10_2020_LeftArm.csv:[16996,19586,22796,24776,28636,34261,37591,39856,42701,48321,51001,53751,55781,57946,61826,65221]
resources/preprocessed/Interpolated/2020-07-02_13.00.09_LeftArm.csv:[27519,29547,31335,33183,35103,37083,38979,41083,43099,44527,46207,47675,49123,51631,54391,57203,60059,62391]
resources/preprocessed/Interpolated/Andre_liegestuetzen3_13_10_2020_LeftArm.csv:[31098,33903,38138,41413,43858,49203,51263,53408,55598,57453,59508,62823]
resources/preprocessed/Interpolated/Lukas_liegestuetzen1_13_10_2020_LeftArm.csv:[38255,40395,44175,48290,51965,53775,55815,59420,62600,64400,66395,68205,70125,71980,77165,80825,83995]
resources/preprocessed/Interpolated/Andre_Squats2_13_10_2020_LeftArm.csv:[47500,49785,52025,54335,56600,58980,60745,63125,65405,68640,72300,75920,79635,82930,84685,86630,90005,92080,93885,97115,99025,103045,106345,109455,114870,118015,121625,123505,128240,131065,132955,135620,137820,140170,142900,145395,147535,149905,153565,157050,159270,164155,168065,170200,172840,175415,180345,182935,185315,188105,190110,192875,195100,197570,202090,204380,206860,208685,212060]
resources/preprocessed/Interpolated/Andre_Squats_13_10_2020_Belly.csv:[60996,63651,66311,71706,74141,77176,79116,82196,84206,87146,89146,92066,94276,96956,102206,104416,107196,109296,111746,114136,116596,119076,122421,126596,128921,131396,133806,136126,138541,141036,143491,145891,148146,150606,153026,155406,157916]
resources/preprocessed/Interpolated/Andre_Squats_13_10_2020_Chest.csv:[60996,64756,67571,71196,73271,77011,79201,81971,86981,92001,94976,97191,102231,107011,109371,111531,113496,116891,118891,121471,125701,128251,130696,133751,136126,138546,140411,142841,145166,147576,149916,152326,154751,157211]
resources/preprocessed/Interpolated/Andre_liegestuetzen2_13_10_2020_Chest.csv:[40071,42361,45476,47841,51196,54536,59436,61366,64361,67131,68921,71131,73046,75751,78181]
resources/preprocessed/Interpolated/Andre_liegestuetzen2_13_10_2020_LeftArm.csv:[39996,43701,46041,48711,51091,53851,56371,59286,61156,63351,65816,67981,70256,72051,74741,77756,79621]
resources/preprocessed/Interpolated/Lukas_liegestuetzen3_13_10_2020_LeftArm.csv:[11331,13691,17631,19606,23261,26656,28796]
resources/preprocessed/Interpolated/Andre_liegestuetzen1_13_10_2020_Chest.csv:[16996,21126,24551,27951,30476,35031,37606,41516,45871,49286,51281,53121,55096,57316,59171,63051,65216]
resources/preprocessed/Interpolated/Andre_liegestuetzen2_13_10_2020_RightArm.csv:[39996,42451,44421,47906,51161,54621,58181,61381,63366,65241,67461,69671,72091,74766,77156]
resources/preprocessed/Interpolated/2020-07-02_12.50.00_Belly.csv:[16575,18791,20619,22667,24739,26471,29547,31595,33579,35655,37975,40035,42283,44527,46695,49351,51715,54627,58283,59863,62547]
resources/preprocessed/Interpolated/Andre_liegestuetzen3_13_10_2020_Belly.csv:[30998,32823,37053,41068,43148,47813,50198,52658,55563,57858,59888,63228,65183]
