resources/preprocessed/Interpolated/Lukas_liegestuetzen3_13_10_2020_RightArm.csv:[10996,11976,12866,13691,14671,15351,16431,17681,18976,19856,20441,21211,21856,23171,24156,24906,25676,26651,27491,28526]
resources/preprocessed/Interpolated/Lukas_liegestuetzen3_13_10_2020_Chest.csv:[10996,11901,13546,15191,15611,16071,16661,17661,18971,19486,20426,21806,22621,23086,24556,25291,26321,27496,28711]
resources/preprocessed/Interpolated/Lukas_liegestuetzen3_13_10_2020_Belly.csv:[10996,12601,13716,14371,14736,15296,16811,18001,19246,20106,20441,21621,22711,23716,24056,24566,25691,26626,27966,28796]
resources/preprocessed/Interpolated/Lukas_liegestuetzen2_13_10_2020_RightArm.csv:[36755,37555,38305,39160,39885,40725,41425,42260,42935,43780,44705,45650,46405,47285,48175,49040,49840,51500,52385,53170,53960,54770,56315,57065,57950,58895,59675,60515,61525,62495,64070,64880,66420,67195,67920,70150,71485,72635,73785]
resources/preprocessed/Interpolated/Lukas_liegestuetzen2_13_10_2020_LeftArm.csv:[36000,36655,37615,38285,39725,41300,42780,43835,44690,46265,48175,48985,49835,51260,52385,53175,54660,56115,57140,57970,59590,60695,61515,62520,64035,64920,67165,68030,68710,70110,71490,73795]
resources/preprocessed/Interpolated/Lukas_liegestuetzen2_13_10_2020_Chest.csv:[36690,37925,39675,41290,42950,43320,44430,46330,46980,47775,48980,49480,49875,51160,51635,53030,54010,54595,56060,56725,57795,58725,59450,59985,60250,61285,62135,63035,63885,64770,65585,66965,67830,68845,69985,71500,72600,73765]
resources/preprocessed/Interpolated/Lukas_liegestuetzen2_13_10_2020_Belly.csv:[36000,36995,38145,39315,39680,41340,42950,44340,45595,46020,46345,47870,48905,49420,49825,51125,51530,52105,53345,54685,55690,56025,57805,59375,61185,62240,62585,63110,63900,64730,65595,67020,67420,67910,68290,68835,69220,70010,71555,72375,73090,73995]
resources/preprocessed/Interpolated/Lukas_liegestuetzen1_13_10_2020_Belly.csv:[38000,39130,40770,42560,43490,44485,45870,46950,47895,49730,51655,53340,55315,56965,57530,57920,58725,60825,61725,62475,63330,64455,65435,66480,67210,68185,69130,70135,70845,71800,72125,72530,73810,75450,76105,76955,77945,79030,79965,80340,80925,82825]
resources/preprocessed/Interpolated/Jan_liegestuetzen3_13_10_2020_RightArm.csv:[35915,37105,38650,40030,41470,42960,44315,45665,47140,48750,50540,52295,54230,56385]
resources/preprocessed/Interpolated/Jan_liegestuetzen3_13_10_2020_LeftArm.csv:[34000,35905,37200,38610,40080,41445,42925,44330,45670,47085,48720,50545,52305,54195,56225]
resources/preprocessed/Interpolated/Jan_liegestuetzen3_13_10_2020_Belly.csv:[34270,35470,37255,38795,40180,41580,43290,44505,45855,47280,48870,49725,50555,51445,52420,54370,55235,56790]
resources/preprocessed/Interpolated/Jan_liegestuetzen2_13_10_2020_RightArm.csv:[17141,19046,20261,21581,22881,24241,25626,26946,28391,29766,31171,32621,34041,35421,37081,38796,40411,42251,44121,46386,47586,48556,49776,50836]
resources/preprocessed/Interpolated/Jan_liegestuetzen2_13_10_2020_Chest.csv:[16996,18756,20026,21561,22931,24266,25481,27031,28406,29711,31131,32611,34076,35361,37081,38836,40391,42266,44121,46456,48971,50676]
resources/preprocessed/Interpolated/Jan_liegestuetzen2_13_10_2020_Belly.csv:[16996,17821,18736,20326,21686,23086,24411,25706,26991,28501,29826,30676,31241,32671,34066,35591,37121,38841,40496,42306,44231,46511,47406,49006,50451]
resources/preprocessed/Interpolated/2020-07-02_14.59.59_LeftArm.csv:[74787,75907,77047,78243,79419,80363,81687,82759,84159,85347,86503,87499,88943,89887,91439,92471,92859,94103,95055,95583,96959,97923,98467,99543]
resources/preprocessed/Interpolated/Andre_liegestuetzen2_13_10_2020_Belly.csv:[40416,40911,41766,43626,45301,46496,47301,48596,50251,51756,53786,55236,56991,57786,58766,59186,61091,62371,64466,64851,66431,67536,68571,69901,70731,72071,73341,73801,74786,76366,77581,79501,79996]
resources/preprocessed/Interpolated/Jan_liegestuetzen1_13_10_2020_RightArm.csv:[86665,87230,89925,90880,93715,94800,97645,98685,101590,102475,105415,106515,109270,110300,113255,114155,117280,118150,121370,122365,123895,125365,126310,129045,129830,132830,133145,133870,136585,137620,140710,141245,143430,144420,144935,147150,148415,148820,152065,153020,156935,160310,160720,161270,163640,165570,166880,168580,170470,172170,173870,174765,176425,178525,180650,182440,182850,183900]
resources/preprocessed/Interpolated/2020-07-02_14.59.59_Chest.csv:[74223,74815,75703,77203,78659,79359,80063,80807,81723,83107,84127,85523,86483,87123,88015,88887,89319,89543,90515,91543,92227,93035,94883,95847,96143,97555,99063]
resources/preprocessed/Interpolated/2020-07-02_15.13.22_Belly.csv:[23971,25187,25815,26923,27687,28687,29607,30635,31695,32795,33723,34811,35867,37211,38259,39411,39655,40079,40435,41867,42607,43303,44123,45203,45859,46867,47819,48423,49627,50271,51391,52451,53135,53435,54115,55599,56735,58979,60295,61275,62083,62851,64235,65523,66091]
resources/preprocessed/Interpolated/2020-07-02_15.13.22_RightArm.csv:[24219,25099,25995,26879,27847,28591,29675,30639,31727,32747,33843,34903,36059,37103,38287,39303,40615,41615,43019,44115,45311,45735,46831,47879,48387,49595,50627,51063,52403,53547,54015,55427,56763,57439,58979,60279,61063,62859,64195,65095,66095]
resources/preprocessed/Interpolated/Lukas_liegestuetzen1_13_10_2020_Chest.csv:[38000,39165,40550,42450,43480,44135,45705,46595,47075,47645,49455,50605,51390,53080,54915,55770,56355,57110,58000,58850,60700,62205,63605,64430,65495,66355,67440,67815,68785,70085,71035,71770,73070,74080,75470,75970,76810,77165,77550,78975,79745,80110,80790,81560,82735,83995]
resources/preprocessed/Interpolated/Jan_liegestuetzen1_13_10_2020_Chest.csv:[85160,86875,88415,89560,90150,92200,94280,96330,98095,98515,99630,100515,101305,102430,105460,105860,106405,109855,110830,112875,113785,116055,116900,117810,120515,120830,121430,121870,122415,123260,125790,129425,133310,135390,136980,137985,140655,142790,144545,147015,148245,150800,152445,156390,158835,159335,159780,160850,163110,163410,164130,165255,167075,168525,170555,172225,174495,176045,178755,180530,182065,183495]
resources/preprocessed/Interpolated/2020-07-02_14.20.28_RightArm.csv:[62387,63499,64511,65575,66735,67883,68975,70103,71247,72443,73627,74807,76111,77535,79091,79707,80583,81411,82363,83079,84007]
resources/preprocessed/Interpolated/2020-07-02_14.20.28_Belly.csv:[62707,64259,65287,65679,66475,66887,67543,67903,68679,69019,69855,70123,70859,71299,71707,72047,72483,73299,73619,74551,74835,75663,76151,77015,77475,78339,78975,79775,80479,81267,82207,83087,84007]
resources/preprocessed/Interpolated/2020-07-02_14.14.32_RightArm.csv:[32743,33699,34735,35531,36079,37347,38459,39747,41279,42595,43431,43999,45415,46599,47555,48127,49499,50923,51767,52335,53747,55199,56803,58443,59203,60259,61023,61587,62295,63111,63951,64667]
resources/preprocessed/Interpolated/2020-07-02_15.13.22_LeftArm.csv:[23963,25167,26083,26799,27715,28727,29671,30703,31643,32711,33711,34879,35999,37115,38287,39379,40219,40647,41583,42755,43119,44183,45739,46791,47871,48359,49635,50571,51135,52375,53487,53955,55483,56767,57439,58955,60263,61047,62851,64159,64967]
resources/preprocessed/Interpolated/2020-07-02_14.14.32_Belly.csv:[32911,33643,34431,34855,35191,36255,36823,37887,38631,39323,39923,40683,41443,42635,43287,44067,45391,46023,46671,47459,48151,48559,48835,49659,50007,50947,52139,52391,52803,53831,54631,55195,55787,56871,58671,59363,60355,61067,61675,62007,63007,63935,64751]
resources/preprocessed/Interpolated/2020-07-02_14.59.59_RightArm.csv:[74831,75831,77027,78239,79331,80427,81791,82807,84211,85419,86523,87623,88891,90363,91459,92919,94147,95127,95663,96935,97935,98403,99715]
resources/preprocessed/Interpolated/Jan_liegestuetzen3_13_10_2020_Chest.csv:[34000,35660,37140,38520,40135,41580,42835,44425,45820,47170,48805,50595,52360,54300,56810]
resources/preprocessed/Interpolated/2020-07-02_14.20.28_LeftArm.csv:[62395,63459,64523,65559,66727,67859,68939,70099,71251,72427,73607,74787,76047,77439,78951,80427,81391,81675,82359,83115,83535,83959]
resources/preprocessed/Interpolated/2020-07-02_13.00.09_Belly.csv:[26999,28147,29231,30047,30747,31759,32731,33723,34671,35683,36479,37719,39111,39603,40415,41071,41727,42631,43795,44715,46239,47063,47711,49283,49983,50755,51671,53279,54495,55031,56103,57287,58175,59275,59523,60603,61263,61939,62407]
resources/preprocessed/Interpolated/2020-07-02_14.14.32_LeftArm.csv:[32723,33703,34739,35495,36063,36783,37343,38455,39723,41111,42575,43975,45379,46507,48083,49455,50755,52295,53695,55035,56707,58367,60251,61479,62263,63003,63795,64611]
resources/preprocessed/Interpolated/2020-07-02_11.17.39_Belly.csv:[58227,59075,59379,60103,61099,61863,62123,62571,63651,64539,65475,66147,67175,67831,68675,69535,70651,71439,72359,73095,74043,74891,75847,76127,76543,77747,78495,79551,80407,81495,82263,83135,84247,85223,86147,87251,88243,89487,90639,91411,92735,93839,95011,96203,97611,98791,100343,101323,103067,103395,104051,104967,106183,106611,106891,107603]
resources/preprocessed/Interpolated/Andre_liegestuetzen3_13_10_2020_Chest.csv:[31778,32753,33548,34023,34363,35178,36713,37193,38298,39928,41088,42523,43203,44843,45648,46738,47663,48128,48463,49373,50343,50623,51453,52338,53168,53698,54568,55888,56898,57338,58108,58918,59918,61228,62268,63563,65138]
resources/preprocessed/Interpolated/2020-07-02_11.17.39_Chest.csv:[58711,59551,60955,61259,61647,62851,63579,64503,65311,66307,67031,67851,68763,69619,70355,71275,72299,73063,73967,74887,75671,76579,77659,78515,79623,80371,81211,82351,83119,84183,85167,86023,86931,88183,88511,89307,90651,91499,92659,93655,94851,96003,97515,98687,100147,101119,102759,103851,105167,106375,107599]
resources/preprocessed/Interpolated/Jan_liegestuetzen1_13_10_2020_Belly.csv:[85055,86125,87265,88295,89845,91250,93420,96255,98275,98530,99040,100460,101455,102875,103905,105530,106540,107425,108480,108820,109195,110670,112140,113475,114465,116075,117370,118330,120210,121405,122660,124210,125500,126255,126565,127870,129325,130240,131780,132935,133885,135525,136730,137650,139330,141300,143015,144430,145265,146950,148190,148975,150650,152270,153095,154670,156255,157040,158630,159670,160600,161415,163195,165555,166855,168935,170375,172485,173825,176485,177795,178295,179850,180565,180965,182115,183065,183915]
resources/preprocessed/Interpolated/2020-07-02_11.17.39_LeftArm.csv:[58291,59427,61207,61843,62867,63527,64551,65251,66235,66887,67943,68591,69619,70275,71427,72063,73191,73855,75039,75687,76823,77475,78623,79431,80491,81179,82399,83059,84335,84991,86235,86871,88303,89455,90647,91395,92783,93579,95123,96003,97707,98487,100407,101047,103047,103691,105143,105667,107303]
resources/preprocessed/Interpolated/2020-07-02_14.59.59_Belly.csv:[74147,74967,75843,77003,77919,78155,79419,80395,82091,82531,82759,84247,85179,87339,89859,91579,92431,94231,94867,95095,97659]
resources/preprocessed/Interpolated/Andre_Squats_13_10_2020_LeftArm.csv:[62326,63711,64866,65876,66871,67811,68951,69621,72681,74821,77891,80211,81111,82811,84891,86836,87761,89911,93611,95371,96976,98701,99841,103031,105161,108161,109271,110451,112811,115191,117781,119961,122221,122911,124651,126571,127481,128926,129841,131351,132266,133721,134631,136086,136946,138516,139436,140971,142031,143426,144356,145846,146916,148186,149206,150606,151581,153056,154046,155516,156511,157831,158896]
resources/preprocessed/Interpolated/2020-07-02_14.07.33_Chest.csv:[8113,8765,10053,11401,11789,12605,13289,13861,14517,15289,16589,17945,19069,19733,20429,21877,23309,23933,24573,25245,25873,26597,27333,27729,28013,28765,29513,30225,30945,31673,32573,32805,33757,34545,35273,35705,36805,37393,38625,40013,40753,42061,42845,44085]
resources/preprocessed/Interpolated/2020-07-02_11.17.39_RightArm.csv:[58351,59407,60011,61195,61459,61803,62871,63211,63515,64559,65207,66231,66871,67935,68275,68559,69619,70255,71435,71683,73191,73471,73811,75035,75323,75663,76819,77107,77439,78643,79395,80527,80823,81155,82411,82735,83027,84335,84643,85019,86243,86571,86867,88315,89427,90667,91347,92811,93603,95131,95983,97723,98499,100423,101075,103699,105119,107335]
resources/preprocessed/Interpolated/Andre_liegestuetzen3_13_10_2020_RightArm.csv:[31788,32823,33193,33538,34418,35163,36078,36823,37678,38453,39293,40018,40948,41453,42548,43323,44273,45023,45993,46768,47763,48498,49493,50628,52013,52778,53798,54983,56103,57453,58453,60168,61303,62863,64238]
resources/preprocessed/Interpolated/2020-07-02_12.50.00_LeftArm.csv:[16431,16723,17619,19027,19755,20895,21679,22787,23847,24955,25891,26995,27871,29047,29967,31043,31923,33051,33999,35083,36143,37351,38307,39479,40691,41827,42739,43955,44931,46163,47291,48687,49775,51235,52291,54103,55087,56751,57431,59323,60095,62191,62995]
resources/preprocessed/Interpolated/2020-07-02_14.20.28_Chest.csv:[62723,63999,64971,65263,65671,66463,66703,67575,68235,69371,70475,71667,72783,73995,74859,75171,76683,77735,78031,78327,79551,81159,82195,83111,83983]
resources/preprocessed/Interpolated/2020-07-02_14.07.33_RightArm.csv:[7841,8693,9913,10605,11177,12289,13817,15101,15837,16421,17525,18765,20277,21105,21657,22521,23113,24253,25605,27001,28477,30037,31309,32761,34153,35665,37177,38801,40377,41209,42217,44117]
resources/preprocessed/Interpolated/Lukas_liegestuetzen1_13_10_2020_RightArm.csv:[38050,39180,40285,40775,41795,42535,43555,44350,45370,46090,47110,47850,48890,49580,50560,51405,52385,53285,54210,55225,56125,57075,57950,58855,59845,60800,61710,62640,63565,64440,65250,66395,67355,68215,69105,70125,71115,71985,72930,73750,75490,76415,77175,78165,78955,79790,80845,81850,83790]
resources/preprocessed/Interpolated/2020-07-02_14.07.33_Belly.csv:[7905,8721,10089,11733,12481,13277,13861,15177,15669,16501,17653,18433,19045,19357,20469,21749,22369,23213,24569,25781,26541,27277,28017,28641,29997,30765,31509,32857,33721,34309,35681,36157,37161,38793,40473,41409,41977,42861,43813,44117]
resources/preprocessed/Interpolated/Andre_liegestuetzen1_13_10_2020_RightArm.csv:[17781,18831,19611,20636,21386,22356,23131,24026,24781,25716,26456,27346,28221,29076,29811,30641,31386,32201,32981,33801,34586,35466,36241,37096,37881,38731,39466,40306,41076,41971,42726,43651,44161,45331,46061,47056,47561,48701,49556,51086,52451,53206,54351,55211,56241,57356,58666,59516,61236,62466,63651,64191,65241,66521,66986]
resources/preprocessed/Interpolated/2020-07-02_12.50.00_RightArm.csv:[16623,17691,19051,19767,20911,21639,22803,23795,24967,25895,26999,27835,29063,29963,31091,31919,33051,33931,35131,36123,37367,38255,39507,40655,41887,42695,44023,44915,46195,47279,48727,49783,51271,52235,54147,55119,56779,57455,59411,60107,62303,62995]
resources/preprocessed/Interpolated/Andre_Squats2_13_10_2020_Belly.csv:[48460,48950,49220,49805,50815,51180,52130,53000,54280,55280,55840,56690,57595,59055,60070,61345,62455,63800,64825,65765,66180,66895,67655,69930,70345,72085,72785,74305,75070,77590,79050,80940,83910,84690,85785,88140,90960,92175,92940,93360,95160,95610,97890,98235,98745,100230,102585,104850,107110,107670,108960,109710,110655,111960,112230,113910,115110,116095,117255,117610,119125,120500,121530,122660,124080,125765,126525,127335,128455,130925,133715,135740,137665,140260,142685,143870,144810,145315,147975,149825,150350,151570,151880,152210,152995,154585,156935,157570,159010,159780,161380,162790,164100,166045,166895,168805,169285,171180,172380,174005,176425,177870,178185,179045,181325,181710,182415,184060,186360,186755,187165,189205,191345,193940,194595,196115,198500,199885,201890,203625,205950,208380,210425,212870,213565]
resources/preprocessed/Interpolated/2020-07-02_12.50.00_Chest.csv:[16343,17759,18583,19455,19735,20007,21271,22043,22983,24107,25107,25987,26219,26575,28103,28779,29183,29595,30059,30739,31215,32151,33143,34155,35179,36415,37191,37503,38331,39143,39591,40899,41943,42335,42931,43739,44119,45163,46011,46275,47495,48463,50063,50915,51323,52439,53587,54271,55315,56235,57163,57587,58951,59215,59619,60363,61539,62383,62995]
resources/preprocessed/Interpolated/2020-07-02_13.00.09_Chest.csv:[26999,28019,28423,28815,30191,30731,31899,32763,33871,34583,35811,36595,37731,38567,39683,40639,41799,42723,43611,43867,44783,46119,47223,48079,48755,49479,50551,50835,51807,53259,54595,55751,56711,57455,58755,59483,60727,61163,61595]
resources/preprocessed/Interpolated/2020-07-02_13.00.09_RightArm.csv:[26999,28127,28979,29983,30759,31879,32599,33767,34531,35707,36387,37627,38383,39663,40391,41743,42415,43831,44499,46243,46923,48475,49167,50819,51647,53435,54327,56387,57231,58827,59419,60735]
resources/preprocessed/Interpolated/2020-07-02_15.13.22_Chest.csv:[24171,24971,25231,25863,26879,27451,28779,29443,30791,31523,32787,33599,34763,35767,37307,37975,39491,40235,41759,42667,44151,45239,46735,47827,48431,49775,50543,51463,52387,53315,54431,55751,56787,57803,59251,60235,61467,62899,64167,65487,65755]
resources/preprocessed/Interpolated/Andre_liegestuetzen1_13_10_2020_Belly.csv:[17746,18831,19596,20586,21436,22621,24026,24881,26076,26546,27356,28211,29536,30751,31576,32251,33026,33846,36006,37631,39126,40286,41031,42666,43611,44111,45971,47396,48926,51021,52566,54136,54406,55076,56371,57371,58651,59131,61321,62461,63556,65231,66641]
resources/preprocessed/Interpolated/2020-07-02_15.31.36_Belly.csv:[72499,73735,75335,77071,77839,78419,79479,80743,81839,82515,83503,84555,85875,87099,88171,88427,89223,89831,90555,91431,92711,93599,95083,96031,97367,98263,99435,100299,100551,102759,105123,107719,108831,110395,111219,112495,113263]
resources/preprocessed/Interpolated/Jan_liegestuetzen2_13_10_2020_LeftArm.csv:[17001,19011,20301,21596,22856,24191,25536,26916,28376,29641,31021,32496,33951,35456,37016,38726,40376,42196,44126,46321,47986,48426,49856,50631]
resources/preprocessed/Interpolated/2020-07-02_15.31.36_Chest.csv:[72595,73743,74979,76023,77835,78475,80055,81983,83379,84759,85527,85791,86931,88443,89163,90047,90591,91395,92783,93607,94931,95899,97399,98083,100363,101083,101839,102463,102787,103403,104355,105307,107211,107919,108647,109615,110359,111631,112423,113279]
resources/preprocessed/Interpolated/Andre_Squats_13_10_2020_RightArm.csv:[62261,63726,64871,65876,66871,67391,69141,69831,72681,74851,77891,80231,82931,85271,86676,87851,88651,89571,93351,95431,98251,100256,103036,105336,108171,110591,112761,115451,117701,118221,120061,122211,124681,126571,127556,128851,129976,131351,132321,133731,134716,136131,137006,138521,139511,141011,142051,143501,144461,145891,146936,148196,149226,150646,151571,153016,154096,155411,156536,157851,158931]
resources/preprocessed/Interpolated/2020-07-02_14.14.32_Chest.csv:[32979,34091,35147,36411,36851,37551,38147,38883,40135,41499,42919,43223,44107,45651,46247,46523,46943,47543,48351,48891,49639,50391,51123,52199,52571,52831,53623,54683,55431,56211,57151,58307,59671,60527,61991,62391,63011,63899,64775]
resources/preprocessed/Interpolated/2020-07-02_15.31.36_LeftArm.csv:[72699,73735,75823,77767,78519,79247,80235,81751,83547,85843,87159,88383,89259,90515,91451,91799,92751,93659,95015,96251,97207,98471,99527,100343,100775,101891,102871,103411,104383,105359,106999,107959,108475,109731,110667,111099,112443,113287,113899]
resources/preprocessed/Interpolated/2020-07-02_15.31.36_RightArm.csv:[72435,73739,74555,75399,76515,77911,79175,80147,81803,83491,85771,87207,88355,89283,90515,91671,92683,93847,94923,96203,97155,98543,99455,100759,101851,103291,104395,105807,107011,108447,109671,111083,112427,113295,113975]
resources/preprocessed/Interpolated/Andre_Squats2_13_10_2020_Chest.csv:[48750,49865,50805,52150,53135,54340,55350,56635,57645,59055,60110,61385,62475,63750,64795,66715,67565,69835,70855,73720,74845,77530,78415,80770,81100,81640,84805,85645,87940,88735,90835,92140,93295,95635,97900,99040,100060,102865,104860,108090,108405,109755,111660,112830,113640,114750,116735,119615,121340,122470,123740,125500,126340,127100,128420,129140,131245,133305,135855,138000,140755,142600,145435,147585,150345,152295,155160,156860,157170,158155,159155,159765,161695,163060,164410,166050,167000,168805,169605,171185,174200,174690,176305,176975,177795,178055,179565,181255,181685,182990,184510,186265,186930,188015,189485,191165,192620,194340,196120,198550,199500,200560,201280,202145,203835,206135,208685,211065,213630]
resources/preprocessed/Interpolated/2020-07-02_14.07.33_LeftArm.csv:[7921,8681,9929,10613,11177,12297,13813,15097,15837,16453,17593,18837,20285,21657,22505,23069,24277,25609,27129,28377,29897,31313,32697,34153,35629,37117,38765,40345,42021,42833,44069]
resources/preprocessed/Interpolated/Andre_Squats2_13_10_2020_RightArm.csv:[48575,49705,50935,52030,53115,54335,55365,56560,57650,58940,60120,61340,62480,63730,64850,66565,69880,73990,77620,81265,84625,88390,88825,91910,95095,96040,97470,98965,100915,102115,103255,105460,106120,108835,110170,110935,112810,113650,115360,116060,116530,117745,120435,121605,123390,124345,126360,127460,128380,130995,133375,135520,138025,140080,142850,144975,147520,149900,151890,154530,157035,159160,159960,161750,164060,166885,168865,171225,171785,173965,174770,176880,178880,181775,183845,186870,188860,191675,193905,196390,198565,200440,201330,203010,206075,208575,210830,212680,213700]
resources/preprocessed/Interpolated/Andre_liegestuetzen1_13_10_2020_LeftArm.csv:[17761,18851,19586,20631,21081,21401,22796,24051,24776,26161,26461,27366,28151,29496,29801,30621,31361,32231,32711,34261,35476,35876,37591,39141,40326,40786,42701,43651,44376,45331,46051,47076,47571,49511,51001,52461,52971,54396,55201,56521,57316,58686,59496,61226,62441,64286,65221,66356,66996]
resources/preprocessed/Interpolated/2020-07-02_13.00.09_LeftArm.csv:[26999,28143,29027,29979,30787,31875,32643,33731,34547,35703,36455,37671,38383,39659,40411,41747,42447,43819,44527,46207,46899,48295,49123,50763,51631,53327,54391,56199,57203,58779,59419,60771]
resources/preprocessed/Interpolated/Andre_liegestuetzen3_13_10_2020_LeftArm.csv:[31798,32823,33188,34443,34788,36463,38138,39738,40043,41413,43063,44718,45013,46008,46763,47773,48238,49488,49918,50638,52493,54178,55008,56008,56528,57453,58763,60158,61353,61818,62823,64403,65253]
resources/preprocessed/Interpolated/Lukas_liegestuetzen1_13_10_2020_LeftArm.csv:[38000,39160,40395,41800,42525,44175,46090,47105,47790,49435,50580,51380,52530,53260,54250,55190,56275,57080,57975,58835,60785,61760,62600,63535,64400,65370,66395,67390,68205,69250,70125,71215,71980,73720,75505,77165,78200,78960,80015,80825,82335,82810]
resources/preprocessed/Interpolated/Andre_Squats2_13_10_2020_LeftArm.csv:[48565,49785,50930,52025,53170,54335,55380,56600,57695,58980,60140,61345,62320,63720,64705,66205,66750,70145,71740,73910,75120,77455,80980,81310,84685,88380,92080,94885,95260,97305,99025,102160,102655,103045,105145,105475,106345,108610,109455,111040,111820,112795,113785,114235,116260,118015,118840,120025,120585,121625,122005,122430,123505,125670,126765,128240,131065,132955,135620,137820,140170,142900,145395,147535,149905,151685,154660,157050,159270,160155,161525,161895,164155,165885,166280,167070,168780,169735,171415,174345,176955,178940,181370,183855,186800,188730,190950,193915,196200,198650,200170,201280,203020,205435,206165,208685,211105,212830,213900]
resources/preprocessed/Interpolated/Andre_Squats_13_10_2020_Belly.csv:[62021,63651,64756,65446,66946,67556,69341,70441,72751,74926,78031,80011,81351,83051,84971,86111,88051,90161,93061,95171,96181,98301,100181,101131,103181,105231,108191,110241,113001,115061,117861,119861,120291,120791,122421,124491,125701,126596,127921,128921,130041,131396,132546,133806,134836,136126,137246,138541,139751,141036,142111,143491,144521,145891,147211,148146,149306,150606,151776,153026,154321,155406,156581,157916,158996]
resources/preprocessed/Interpolated/Andre_liegestuetzen2_13_10_2020_Chest.csv:[40071,40421,42361,43306,43956,45476,46271,47291,48926,50581,51631,52381,53366,54116,55131,55831,56771,57691,58666,59436,60361,61366,63001,63361,63731,64171,64871,65176,65641,66211,67131,68296,69556,70546,72236,73046,74216,74726,75021,75751,76721,77661,79076,79836]
resources/preprocessed/Interpolated/Andre_liegestuetzen2_13_10_2020_LeftArm.csv:[40466,42141,43701,45376,46581,47011,47316,48711,50451,51701,52176,53851,55156,55636,56996,57736,59286,61156,62556,63351,64526,64971,65321,66546,67321,68791,69636,70706,71176,72051,73236,73726,74741,76081,76666,77756,79621]
resources/preprocessed/Interpolated/Lukas_liegestuetzen3_13_10_2020_LeftArm.csv:[11006,11971,13691,15286,16421,17631,18896,20416,21861,23261,24911,25701,26656,27481]
resources/preprocessed/Interpolated/Andre_liegestuetzen1_13_10_2020_Chest.csv:[17531,19236,19621,21126,22566,24551,26191,27951,29451,29861,31381,32811,34406,35971,37606,39106,39421,41041,42731,44256,45871,47486,48866,49286,51281,52466,53121,54011,54276,55096,56366,57316,59171,60746,61671,62241,63676,65216,66386,66996]
resources/preprocessed/Interpolated/Andre_liegestuetzen2_13_10_2020_RightArm.csv:[40766,42451,43291,44016,44921,45686,46561,47341,48316,49076,49966,50701,51641,52436,53361,54111,55161,55926,56881,57791,58801,59531,60491,61381,62551,63366,64326,65241,66561,67461,68541,69671,70646,72091,73316,74766,76471,77771,79456]
resources/preprocessed/Interpolated/2020-07-02_12.50.00_Belly.csv:[16067,17559,18791,19755,20619,21799,22667,23999,24739,26471,28059,28987,29991,30631,31063,32615,34107,34679,36319,37059,37327,38375,39011,39459,41099,41527,41783,43051,43931,45043,45807,46083,47415,47855,48615,49875,51163,52355,53591,54059,55147,55751,56135,56719,57431,58283,59363,60391,61067,61391,62147,62995]
resources/preprocessed/Interpolated/Andre_liegestuetzen3_13_10_2020_Belly.csv:[31588,32823,33593,34413,35243,36043,36403,36838,37688,39263,40063,41068,42623,43148,44308,44848,45868,46688,47813,48388,50198,51853,52658,53773,54783,56008,56553,57453,59123,60313,61438,62648,64168,65183]
resources/preprocessed/Interpolated/Andre_Squats_13_10_2020_Chest.csv:[62141,63741,64756,65876,67571,69171,73271,74681,75166,78516,80236,81466,82706,83616,84916,86641,87626,88556,90176,91386,93186,93636,94976,97976,98786,99736,100276,101596,103646,105346,108676,110406,112626,113496,115116,116216,118126,119556,119986,122846,124256,126641,127631,128996,129976,131361,132576,133751,134781,136126,137236,138546,139786,140991,142101,143526,144461,145891,147046,148216,149221,150606,151621,153086,154111,155456,156546,157901,158996]
resources/preprocessed/Interpolated/Jan_liegestuetzen1_13_10_2020_LeftArm.csv:[85660,86710,89500,90470,90890,93695,94640,97640,98620,101605,102740,105430,106555,109275,110275,113250,113635,114145,117215,117585,118080,120115,121315,122340,124250,125595,129000,129975,133310,137390,139505,140640,141100,144060,144990,148730,150480,151475,152775,156090,156870,158760,159230,161145,163185,165225,166915,168565,170315,170695,171125,172235,173745,176020,178785,180785,183745]
