resources/preprocessed/Interpolated/Lukas_liegestuetzen3_13_10_2020_RightArm.csv:[11331,11976,13691,15351,16431,17681,18976,20441,21071,21856,23171,23856,24906,26101,28321]
resources/preprocessed/Interpolated/Lukas_liegestuetzen3_13_10_2020_Chest.csv:[11246,11901,12636,13546,14211,15496,17041,18241,18971,20426,21296,22851,23916,24556,25851,28326]
resources/preprocessed/Interpolated/Lukas_liegestuetzen3_13_10_2020_Belly.csv:[10996,12226,13021,13716,14996,16811,17596,18696,19761,20441,21391,22421,23926,24566,25261,26626,27351,28531]
resources/preprocessed/Interpolated/Lukas_liegestuetzen2_13_10_2020_RightArm.csv:[36060,36755,38305,39885,41425,42935,44705,46405,48175,49840,51500,53170,54770,56315,57360,58450,59675,60920,62495,63405,64070,65960,67195,69430,70150,70785,71485,72635,73545]
resources/preprocessed/Interpolated/Lukas_liegestuetzen2_13_10_2020_LeftArm.csv:[36080,37320,38285,39725,41300,41930,42780,43540,44690,46265,47005,48175,49835,51260,51990,53175,54660,55290,56115,56870,57970,59590,61515,62520,63425,64610,66055,67165,69430,70110,70750,71490,72970,73795]
resources/preprocessed/Interpolated/Lukas_liegestuetzen2_13_10_2020_Chest.csv:[36105,37300,38585,39675,40340,41290,42385,43320,44430,45820,46675,47775,48440,49210,50095,51635,52485,53410,54145,55260,56060,57345,58880,60510,61285,62135,63035,64310,65120,66210,66965,67615,68845,69585,70795,71500,72140,73995]
resources/preprocessed/Interpolated/Lukas_liegestuetzen2_13_10_2020_Belly.csv:[36000,36995,38145,39680,40675,41340,42950,43585,44340,45105,46345,47125,47870,48970,49825,50895,51530,53550,54685,55355,56025,56750,57805,58520,59375,60580,61935,62585,63900,65050,66420,67300,68570,69410,70540,71555,72185,73090,73905]
resources/preprocessed/Interpolated/Lukas_liegestuetzen1_13_10_2020_Belly.csv:[38165,39130,40770,42560,43615,44485,45245,46500,47895,48765,49730,50560,51655,53340,54260,55315,56340,57920,58725,59785,60825,62020,63830,65775,66480,67665,68540,69595,70665,72530,73190,74745,75450,76340,77410,78300,79030,79680,81635,82825,83995]
resources/preprocessed/Interpolated/Jan_liegestuetzen3_13_10_2020_RightArm.csv:[34000,35915,37105,37820,38650,39350,40030,40730,41470,42225,42960,43690,45020,45665,46420,47140,47900,48750,49545,50540,51280,52295,53155,54230,55640,56385]
resources/preprocessed/Interpolated/Jan_liegestuetzen3_13_10_2020_LeftArm.csv:[34000,35905,37200,38610,39410,40080,41445,42170,42925,43610,44330,44990,45670,46430,47085,47925,48720,49555,50545,51290,52305,53455,54195,55735,56955]
resources/preprocessed/Interpolated/Jan_liegestuetzen3_13_10_2020_Belly.csv:[34000,35165,36610,37255,37990,38795,39770,40805,41580,42640,43290,44505,45155,45855,46655,48295,50085,51160,51795,53745,56090,56790]
resources/preprocessed/Interpolated/Jan_liegestuetzen2_13_10_2020_RightArm.csv:[16996,19046,20261,20891,21581,22881,23566,24241,24996,25626,26256,26946,27646,28391,29081,29766,30401,31171,31836,32621,34041,34691,35421,36266,37081,37781,38796,39441,40411,41191,42251,42981,44121,45341,46386,47251,47971,49296,50281]
resources/preprocessed/Interpolated/Jan_liegestuetzen2_13_10_2020_Chest.csv:[16996,18756,19516,20841,21561,22301,22931,23611,24266,24951,26261,27031,27706,28406,29051,29711,30386,31131,31846,32611,34076,35361,36241,37081,38836,39476,40391,41256,42266,43226,44121,45336,46456,47816,48971,50066]
resources/preprocessed/Interpolated/Jan_liegestuetzen2_13_10_2020_Belly.csv:[16996,18036,18736,19691,20326,21061,22306,23086,23746,24411,25066,25706,26366,27781,28501,29826,30511,31241,32066,33291,34066,35176,36326,37121,38236,39846,40496,41646,42306,43481,44231,45541,46511,48256,49006,49691,50451]
resources/preprocessed/Interpolated/2020-07-02_14.59.59_LeftArm.csv:[74111,74787,75295,75907,76451,77047,77619,78243,78795,79419,79923,81123,81687,82759,83591,84159,85347,85935,86503,87499,88355,88943,89887,90863,91439,92023,92859,93523,94103,94611,95583,96375,96959,97463,99283,99995]
resources/preprocessed/Interpolated/Andre_liegestuetzen2_13_10_2020_Belly.csv:[39996,41766,42861,43626,44361,45301,46071,47301,48596,49421,50251,51156,52806,53786,54596,55236,56366,58141,59891,61091,61736,62371,63771,64466,65651,66431,67991,69211,70731,71436,72071,72706,73341,75471,76366,77581,78741,79996]
resources/preprocessed/Interpolated/Jan_liegestuetzen1_13_10_2020_RightArm.csv:[85000,87230,88535,89925,90880,92120,93715,94800,96175,97645,98685,100200,101590,102475,103880,105415,106515,107880,109270,109965,111675,113255,114155,115700,118150,119605,121370,122365,123440,125365,126310,127300,129045,129830,131325,132830,133870,135130,137620,138905,140840,142460,144420,146470,148820,150160,152580,154350,156935,158355,160310,161270,162610,163640,165570,166605,167355,168580,169965,170765,172170,173625,174495,176425,177460,178525,180650,182225,183900]
resources/preprocessed/Interpolated/2020-07-02_14.59.59_Chest.csv:[74079,74815,75703,76671,77203,78855,79359,80063,80807,81723,82799,83611,84127,84639,85523,86483,87491,88015,89543,90059,90891,91543,92795,93623,94883,95663,96547,97555,98367,99063,99995]
resources/preprocessed/Interpolated/2020-07-02_15.13.22_Belly.csv:[23003,23971,24691,25403,26427,27251,28171,28687,29607,30171,31175,31695,32311,33219,33723,34811,35355,35867,36627,37211,37715,38259,38843,39655,40435,41199,42103,42607,43683,44623,45203,46355,46867,47819,49123,49627,50271,50983,51883,52451,53135,54927,55599,56735,58399,58979,60295,60935,61967,62851,64235,65019,65523]
resources/preprocessed/Interpolated/2020-07-02_15.13.22_RightArm.csv:[23003,24395,25099,25659,26479,27375,28187,29063,29675,30639,31727,32239,32747,33311,33843,34903,35427,36059,37103,37711,38287,38831,39907,40615,41615,42299,43019,43611,44115,44799,45735,46263,46831,47407,48387,49019,49595,50127,51063,51859,52403,52935,53547,54935,56259,57439,58387,58979,59763,60279,61063,62183,62859,63631,64195,65095,65927]
resources/preprocessed/Interpolated/Lukas_liegestuetzen1_13_10_2020_Chest.csv:[38300,39165,40550,41275,42450,44135,45705,46400,47645,49455,50230,51000,51935,53080,54010,54915,56355,57110,58850,60700,62205,62950,64430,65495,66125,67125,67815,70085,71395,72250,73070,74710,75470,77165,78180,78975,80110,82735,83455]
resources/preprocessed/Interpolated/Jan_liegestuetzen1_13_10_2020_Chest.csv:[84900,85725,86875,88180,89840,91545,92480,94280,96925,98515,99930,102430,104115,106095,107895,109855,110830,111645,113785,115565,117810,119310,120515,121870,122920,123880,125790,128235,129425,131490,133310,135040,135805,136980,138925,140655,142570,143395,144545,146385,147015,148245,150010,150800,151560,152445,154220,156390,158245,159085,159965,160850,162460,163410,165255,166500,167540,168525,169920,172225,173875,174835,176045,177375,178755,180530,182750,183495]
resources/preprocessed/Interpolated/2020-07-02_14.20.28_RightArm.csv:[61995,62955,63499,64511,65575,66155,66735,67283,67883,68419,68975,69507,70103,70635,71247,71819,72443,73011,73627,74131,74807,75343,76111,76655,77535,78059,79091,80583,81411,82363,83443,84007]
resources/preprocessed/Interpolated/2020-07-02_14.20.28_Belly.csv:[61995,62707,63747,64259,64779,65287,66183,66887,67543,68475,69019,69591,70123,70711,71299,72247,73003,73619,74163,74835,75875,76795,77475,78339,78975,79775,80479,81267,82207,83087,84007]
resources/preprocessed/Interpolated/2020-07-02_14.14.32_RightArm.csv:[32019,32743,33699,34735,36079,37347,38459,39067,39747,40327,41279,42595,43999,45415,46599,47147,48127,49499,50923,52335,53747,54255,55199,56803,57515,58443,58951,60259,60767,62295,62835,63563,64667]
resources/preprocessed/Interpolated/2020-07-02_15.13.22_LeftArm.csv:[23003,24303,25167,25671,26315,27295,28171,28727,29671,30199,30703,31643,32227,33179,33711,34323,34879,35387,35999,36623,37707,38287,38843,39379,40647,41583,42167,43119,44183,44807,45739,46267,46791,47363,48359,49079,49635,50571,51135,51811,52375,52891,53487,54823,55483,56267,56979,58259,58955,59731,60263,62147,62851,63667,64967,66067]
resources/preprocessed/Interpolated/2020-07-02_14.14.32_Belly.csv:[32055,32911,33915,34431,35191,35783,36823,37887,38631,39663,40311,40979,42287,43287,44067,44963,46407,47119,48151,49115,49659,50187,50947,51887,52599,53331,54187,55195,56359,56871,57699,58671,59599,60355,61015,62007,63435,64751]
resources/preprocessed/Interpolated/2020-07-02_14.59.59_RightArm.csv:[74031,74831,75339,76507,77027,77659,78239,78839,79827,80427,81163,81791,82303,82807,83579,84211,84715,85419,85967,86523,87623,88371,88891,89507,90363,90875,91459,92071,92919,93547,94147,94651,95663,96391,96935,98403,99179,99715]
resources/preprocessed/Interpolated/Jan_liegestuetzen3_13_10_2020_Chest.csv:[34000,34785,35660,36310,37140,38520,39335,40135,41580,42835,43590,44425,45820,47170,47975,48805,49780,50595,51235,52360,53335,54300,55725,56810]
resources/preprocessed/Interpolated/2020-07-02_14.20.28_LeftArm.csv:[61995,62887,63459,64523,65559,66103,66727,67275,67859,68375,68939,69495,70099,70615,71251,71767,72427,72935,73607,74123,74787,75303,76047,76639,77439,78043,78951,79535,80427,81039,81863,82827,83959]
resources/preprocessed/Interpolated/2020-07-02_13.00.09_Belly.csv:[26999,28147,29231,30427,31255,31759,32339,33263,34191,35019,35683,36479,37223,38215,39351,40079,40923,41727,42631,43795,44715,45287,46239,47063,48667,49283,50339,51159,51671,52383,53279,53991,54495,55531,56103,56667,57287,58175,58923,59523,60603,61939]
resources/preprocessed/Interpolated/2020-07-02_14.14.32_LeftArm.csv:[32003,32723,33703,34739,36063,37343,38455,39059,39723,40343,41111,41727,42575,43975,45379,46507,47107,48083,49455,50755,51347,52295,53695,54219,55035,55663,56707,57447,58367,58979,60251,60775,62263,62775,63795,64611]
resources/preprocessed/Interpolated/2020-07-02_11.17.39_Belly.csv:[58227,59379,60103,61099,62123,64043,64927,65475,66147,66651,67175,67831,68675,69535,70099,70651,71439,72359,73095,73643,74891,76127,77251,78075,79015,79551,80407,80995,81783,82743,83747,84731,85631,86147,86699,87251,88243,88783,89487,90107,90639,91411,92051,92735,93323,93839,94371,95011,95683,96203,97163,98179,98791,99487,100343,101323,102199,103067,104051,105891,106611,107603,108139]
resources/preprocessed/Interpolated/Andre_liegestuetzen3_13_10_2020_Chest.csv:[31003,31778,32753,34363,35178,36073,36713,38298,39353,40583,42063,43203,44843,46138,47483,48128,49373,50623,51268,52338,53943,55888,57338,57968,58918,59918,60713,61628,62268,63273,64183,65138]
resources/preprocessed/Interpolated/2020-07-02_11.17.39_Chest.csv:[58271,59259,60643,61471,62171,63175,64071,64923,65839,66559,67511,68259,68763,69619,70355,70919,71787,72299,73063,73967,74887,75671,76275,77167,78047,79043,79623,80371,81211,81819,82351,83119,84183,85167,86023,86931,87603,88183,89011,89943,90651,91499,92659,93655,94283,94851,95495,96003,96587,97515,98027,98687,99303,100147,101119,101823,102759,103851,104695,106235,107599,108139]
resources/preprocessed/Interpolated/Jan_liegestuetzen1_13_10_2020_Belly.csv:[85055,86125,88295,90570,91250,93420,95810,97395,99040,99745,100460,101595,103275,103905,104640,105530,106540,107240,108480,109195,110670,111515,112865,114065,115390,116075,116760,117990,119345,120210,121405,122660,124210,124860,125500,126565,127365,128700,129585,130240,131145,131780,132935,133885,134895,135525,136730,137650,138660,139330,141300,142030,143015,143685,145265,146070,146950,148975,150000,150650,151305,153095,153955,154670,155625,156615,157725,158630,159510,160835,162455,163195,164630,165555,166855,167820,168935,169660,170375,171440,172485,173275,174850,176485,177120,178295,179575,180965,182115,182770,183840]
resources/preprocessed/Interpolated/2020-07-02_11.17.39_LeftArm.csv:[58291,58879,59427,60671,61207,62275,62867,63527,64031,64551,65251,66235,66887,67467,68591,69619,70883,71427,72639,73191,73855,74459,75039,75687,76323,78083,78623,79431,80491,81179,81755,82399,83059,83655,84335,84991,85647,86871,87511,88303,88827,89455,89975,90647,91395,92079,92783,93579,94335,95123,96003,96763,97707,98487,99315,101047,101943,103691,104571,105143,106127,107303,108139]
resources/preprocessed/Interpolated/2020-07-02_14.59.59_Belly.csv:[74147,74967,75843,76431,77003,77919,78903,79419,80395,81031,82091,82759,83703,84247,85179,85979,87339,87903,89859,90779,91579,92431,93603,94231,94867,96495,97659,99995]
resources/preprocessed/Interpolated/Andre_Squats_13_10_2020_LeftArm.csv:[60996,62326,62976,63711,64341,65721,67811,68951,71161,72681,73786,74821,76651,77891,79126,80211,81901,82811,84186,84891,86076,87761,88926,89911,91926,93611,94266,95371,96276,96976,98701,99346,102061,103031,104356,105161,106761,108161,110451,111621,112811,114086,115191,116621,117781,118906,119961,121256,122221,123446,124651,125836,126571,127481,128206,128926,129841,130676,131351,132266,132991,133721,134631,135381,136086,136946,137841,138516,139436,140241,140971,142031,142786,143426,144356,145126,145846,146916,148186,149206,149881,150606,151581,152366,153056,154046,154776,155516,156511,157176,157831,158896]
resources/preprocessed/Interpolated/2020-07-02_14.07.33_Chest.csv:[7065,8113,8765,9525,10053,10749,11401,12185,13073,13861,14797,16093,17077,17945,18669,19377,19929,21249,21877,22777,23309,24573,25521,26337,27333,28241,28765,29781,31169,31673,32805,33757,34545,35705,36209,37393,38113,38625,39241,40753,41577,42845,43421,44085]
resources/preprocessed/Interpolated/2020-07-02_11.17.39_RightArm.csv:[58351,59407,60011,60591,61195,61803,62319,62871,64023,64559,65719,66231,67423,68275,69063,69619,70859,71435,72671,73191,74423,75035,76279,76819,78063,78643,79903,80527,81783,82411,83631,84335,85019,85619,86867,87587,88315,88831,89427,89995,90667,91347,92071,92811,93603,94287,95131,95983,96767,97723,98499,99331,101075,101967,103699,104563,105119,105867,107335,108139]
resources/preprocessed/Interpolated/Andre_liegestuetzen3_13_10_2020_RightArm.csv:[31003,31788,32823,33538,34418,35163,36823,38453,40018,40948,42063,43323,44273,45023,46768,48498,49493,50628,52778,53798,54983,56103,56838,57968,59458,60168,61303,62233,62863,63588,64238,65498]
resources/preprocessed/Interpolated/2020-07-02_12.50.00_LeftArm.csv:[16003,16931,17619,18395,19027,19755,20327,20895,21679,22255,22787,23295,23847,24403,24955,25891,26467,26995,27871,28519,29047,29967,30479,31043,31923,32479,33051,33999,34515,35083,36143,36727,37351,38307,38891,39479,40035,40691,41263,41827,42739,43343,43955,44931,45563,46163,46675,47291,47959,48687,49207,49775,50471,51235,51739,52291,53151,54103,55087,55799,56751,57431,58335,59323,60095,61023,62191,62995]
resources/preprocessed/Interpolated/2020-07-02_14.20.28_Chest.csv:[61995,62723,63755,64467,64971,65487,66463,67203,68235,68863,69371,69955,70475,71115,71667,72283,73427,73995,74663,75171,75859,76683,77199,78327,79551,80123,81159,81695,82679,83611]
resources/preprocessed/Interpolated/2020-07-02_14.07.33_RightArm.csv:[7005,8153,8693,9913,11177,12289,12921,13817,15101,15837,16421,17525,18125,18765,19417,20277,21657,23113,24253,24869,25605,26241,27001,27609,28477,29017,30037,31309,31909,32761,33409,34153,34861,35665,36329,37177,37781,38801,39353,40377,41013,42217,43329,44117]
resources/preprocessed/Interpolated/Lukas_liegestuetzen1_13_10_2020_RightArm.csv:[38230,39180,40285,41190,42535,44350,46090,47850,49580,50560,51405,53285,54210,55225,56125,57075,57950,58855,60200,61325,62090,63065,63835,64890,65790,67610,68575,69520,70700,71985,73750,75490,77175,78955,80230,81485,83995]
resources/preprocessed/Interpolated/2020-07-02_14.07.33_Belly.csv:[7025,7905,8721,9557,10089,10993,11733,12481,13861,14765,16077,17045,17653,18433,19045,19977,21313,22721,23665,24569,25441,26769,27277,28153,29649,30501,31509,32193,32857,33361,34309,35165,36157,37161,38005,38793,39729,40473,41977,42861,44117]
resources/preprocessed/Interpolated/Andre_liegestuetzen1_13_10_2020_RightArm.csv:[16996,17781,18831,19611,20636,21386,22356,23131,24026,24781,26456,27346,28221,29076,29811,31386,32981,34586,35466,36241,37096,37881,39466,40306,41076,42726,44161,44796,46061,47561,48286,49556,51086,51816,53206,55211,56241,57356,58666,59516,61236,62466,63651,64606,65241,65901,66986]
resources/preprocessed/Interpolated/2020-07-02_12.50.00_RightArm.csv:[16111,16971,17691,18419,19051,19767,20339,20911,21639,22235,22803,23795,24435,24967,25895,26479,26999,27835,28467,29063,29963,30551,31091,31919,32447,33051,33931,34591,35131,36123,36723,37367,38255,38939,39507,40071,40655,41255,41887,42695,43371,44023,44915,45547,46195,46711,47279,47919,48727,49247,49783,50511,51271,52235,53151,54147,55119,55851,56779,57455,58319,59411,60107,61019,62303,62995]
resources/preprocessed/Interpolated/Andre_Squats2_13_10_2020_Belly.csv:[47560,49805,50815,52130,53000,54280,55280,56690,57595,59055,60070,61345,62455,63800,64825,66360,67270,68775,70345,72085,74305,75070,76295,77590,78545,79875,80940,83035,84690,85785,87145,88140,90130,90960,92175,92940,94405,95610,96980,98235,100230,101570,102585,103820,104850,106190,107110,108340,110655,112230,113410,114490,115420,116095,117050,118250,120500,121305,122155,123115,124080,125765,127970,129640,130925,132555,133715,134760,135740,136790,137665,139295,140260,141515,142685,143765,144810,146440,147975,148970,150350,151180,152580,153605,154585,155795,156935,158375,159010,159780,160705,161380,163075,164100,165370,166895,168005,168805,170135,171180,173010,174005,175535,176425,178460,180390,181710,183065,184060,185425,186360,188025,189205,190395,191345,192780,193940,195230,196115,197250,198500,199260,201340,202790,203625,204535,205950,207180,208380,209420,210425,211685,212870,213995]
resources/preprocessed/Interpolated/2020-07-02_12.50.00_Chest.csv:[16015,16663,17759,18583,19735,20567,21271,22043,22595,23439,24107,25107,25619,26219,26723,28103,28631,29651,31347,32151,32999,33643,34155,35687,36415,37323,38003,38987,39591,40387,40899,41823,42439,43635,44611,45163,46275,46779,47495,48463,49467,50063,51323,51943,53055,53587,54271,54807,55315,57339,58263,59619,60363,61019,61539,62383]
resources/preprocessed/Interpolated/2020-07-02_13.00.09_Chest.csv:[26999,28815,30191,31387,31899,32763,33871,34583,35115,35811,36595,37731,38567,39683,40323,41139,41799,42475,43211,43867,44783,45407,46119,46847,47715,48755,49479,50003,50551,51343,52379,53259,54091,54595,55191,55751,56711,57455,58043,59483,60083,60727,61379,62411]
resources/preprocessed/Interpolated/2020-07-02_13.00.09_RightArm.csv:[26999,28127,28979,29487,30439,31311,31879,32599,33239,33767,34531,35039,35707,36387,37055,37627,38383,38979,39663,40391,41099,41743,42415,43079,43831,44499,45291,46243,46923,47635,48667,49827,50819,51647,52419,53435,54327,55147,56387,57231,58139,58827,59419,60107,60735,62331]
resources/preprocessed/Interpolated/2020-07-02_15.13.22_Chest.csv:[23003,24171,25231,25863,26367,26879,27451,28051,28779,29443,30039,30791,31523,32087,32787,33599,34763,35283,36615,37307,37975,38611,39491,40235,41087,41759,42667,43583,44151,44727,45239,46291,47323,47827,49071,49775,50543,51463,52387,53315,54087,55095,55751,56295,57611,58367,59251,60235,60923,61467,62899,63599,64167,64819,65755]
resources/preprocessed/Interpolated/Andre_liegestuetzen1_13_10_2020_Belly.csv:[16996,17746,18376,19596,20586,21436,22621,23556,24881,26546,27356,28211,29536,30261,31576,32401,33446,35031,36006,36781,37631,39126,39816,41031,42666,43611,44851,45971,47396,48226,48926,50091,51021,51841,52566,53646,54701,55726,56371,57371,58076,59991,61321,62921,63556,64741,65841,66641]
resources/preprocessed/Interpolated/2020-07-02_15.31.36_Belly.csv:[72499,73235,74811,75335,77551,78675,79479,80251,81839,82639,83503,84259,85079,85875,86383,87099,87675,88427,89223,90931,92087,92711,93599,94387,95083,96031,97367,98263,98947,99791,100299,101319,102759,103855,105123,106399,107719,109223,110395,111991,113263,113931]
resources/preprocessed/Interpolated/Jan_liegestuetzen2_13_10_2020_LeftArm.csv:[17271,19011,20301,21596,22226,22856,23486,24191,25536,26166,26916,27556,28376,29011,29641,30371,31021,31781,32496,33216,33951,34666,35456,36186,37016,37781,38726,39481,40376,41211,42196,43091,44126,45326,46321,47236,48426,49131,49856,50996]
resources/preprocessed/Interpolated/2020-07-02_15.31.36_Chest.csv:[72271,73323,74791,76023,77295,77835,78475,80055,81283,81983,82559,83379,84263,84919,85791,86395,86931,87663,88691,89639,90591,91395,92139,92783,93607,94423,94931,95435,96699,97399,98083,98927,100363,101287,101839,102787,103907,104831,106419,107423,109111,110359,111011,111631,112423,113279,113915]
resources/preprocessed/Interpolated/Andre_Squats_13_10_2020_RightArm.csv:[60996,62261,62941,63726,64871,66141,67391,68486,69831,71291,72681,73816,74851,76941,77891,79136,80231,81871,82931,84136,85271,86846,87851,88946,91796,93351,94466,95431,97096,98251,99321,100256,102111,103036,104301,105336,106806,108171,109386,110591,111271,112761,114076,115451,116656,118221,118916,120061,121186,122211,123436,124681,125746,126571,127556,128226,129291,129976,130666,131351,132321,132986,133731,134716,135366,136131,137006,137731,138521,139511,140221,141011,142051,142791,143501,144461,145166,145891,146936,148196,149226,149881,150646,151571,152326,153016,154096,154756,155411,156536,157186,157851,158931]
resources/preprocessed/Interpolated/2020-07-02_14.14.32_Chest.csv:[32011,32979,33859,34615,35147,35779,36411,37071,38383,39635,40963,41499,42283,42919,43719,45139,45651,47043,47835,48351,49147,49879,50391,51123,51967,52831,53371,54075,54683,55431,56211,57151,57831,58931,59671,60527,61419,62391,63435,64119,64775]
resources/preprocessed/Interpolated/2020-07-02_15.31.36_LeftArm.csv:[72271,73331,74811,75823,77267,78827,80235,80863,81751,82595,83547,84967,85843,86395,87159,87887,88859,89951,90515,91451,92163,92751,93659,94391,95015,95619,96251,97207,98471,99527,100055,101303,101891,103411,104383,105359,106423,106999,108475,109095,109731,110255,111099,111775,112443,113287,113899]
resources/preprocessed/Interpolated/2020-07-02_15.31.36_RightArm.csv:[72435,73291,75179,75859,76515,77299,77911,78675,80147,81803,82447,83491,85043,85771,86391,87207,87803,88355,88871,89963,90515,91027,91671,92175,92683,93223,93847,94411,94923,95439,96203,97155,97667,98543,99455,100759,101331,101851,102375,103291,103863,104395,105807,106423,107011,107547,108447,109107,109671,110227,111083,111815,112427,113295,113975]
resources/preprocessed/Interpolated/Andre_Squats2_13_10_2020_Chest.csv:[47500,48750,49865,50805,52150,53135,54340,55350,55995,56635,57645,58410,59055,59715,60765,61945,63120,63750,64795,65495,66715,68785,69835,70855,72315,73720,74845,76440,77870,79715,80770,81640,82965,84805,86900,87940,88735,89885,90835,92140,93295,94130,95635,96945,97900,99040,100060,101165,102865,103905,104860,106795,108090,109015,109755,110560,111660,112685,113640,114750,115675,116735,118225,119615,121340,122470,123740,124985,126340,127860,129780,131245,132310,133305,134640,135855,136835,138000,139360,140755,141515,142600,144045,145435,146435,147585,148810,150345,151660,152295,153670,155160,155935,156860,157845,159765,160470,161695,163370,164410,165385,166050,167000,167785,168805,170230,171185,173405,174690,175445,176975,178395,179565,180445,181685,182540,183210,184510,185400,186930,189485,190415,191165,193135,194340,195225,196120,197905,199500,202750,203835,204540,206135,207425,208685,209540,211065,212120,213630]
resources/preprocessed/Interpolated/2020-07-02_14.07.33_LeftArm.csv:[7005,8173,8681,9929,11177,12297,12861,13813,15097,15837,16453,17593,18129,18837,19349,20285,21657,23069,24277,24873,25609,26221,27129,28377,29053,29897,30529,31313,31893,32697,33345,34153,34789,35629,36297,37117,37717,38765,39301,40345,40953,42021,43141,44069]
resources/preprocessed/Interpolated/Andre_Squats2_13_10_2020_RightArm.csv:[47500,48575,49705,50935,52030,53115,54335,55365,56560,57650,58305,58940,60120,61340,62480,63730,64850,65540,66565,68610,69880,72450,73990,75995,77620,79625,81265,82945,84625,86585,88390,89975,91910,93960,95095,96040,96990,98965,100550,102115,103255,104625,105460,107600,108835,109505,110170,111635,113650,114600,115360,116295,117165,118815,120435,121605,122260,123390,124945,126360,127055,128380,129760,130995,132070,133375,134555,135520,136845,138025,139065,140080,141470,142850,143950,144975,146330,147520,148935,149900,151005,151890,153510,154530,155905,157035,158145,159160,159960,161750,163095,164060,165490,166885,167820,168865,170300,171225,173290,173965,175500,176880,178165,178880,180320,181775,182795,183845,185380,186870,187840,188860,190305,191675,192745,193905,195125,196390,197500,198565,199305,200440,201330,202020,203010,204550,206075,206950,208575,209475,210830,211855,212680,213995]
resources/preprocessed/Interpolated/Andre_liegestuetzen1_13_10_2020_LeftArm.csv:[16996,17761,19586,21081,21876,22796,23511,24776,26461,27366,28151,29496,30226,31361,32711,33346,34261,35046,35876,36666,37591,38311,39141,39856,40786,41526,42701,44376,46051,47571,48321,49511,51001,51916,52971,53751,55201,57316,57946,58686,59496,60171,61226,62441,63086,64286,65221,65851,66996]
resources/preprocessed/Interpolated/2020-07-02_13.00.09_LeftArm.csv:[26999,27519,28143,29027,29547,30419,31335,31875,32643,33183,33731,34547,35103,35703,36455,37083,37671,38383,38979,39659,40411,41083,41747,42447,43099,43819,44527,45311,46207,46899,47675,48295,49123,49923,50763,51631,52499,53327,53875,54391,55183,56199,57203,58203,58779,59419,60059,60771,62391]
resources/preprocessed/Interpolated/Andre_liegestuetzen3_13_10_2020_LeftArm.csv:[31098,31798,33188,33903,35628,36463,37278,38138,38908,39738,40468,41413,42098,43063,43858,45013,46763,48238,49203,50638,52493,53408,55008,56528,57453,58123,58763,59508,60158,61353,62368,63768,64403,65253]
resources/preprocessed/Interpolated/Lukas_liegestuetzen1_13_10_2020_LeftArm.csv:[38255,39160,40395,41195,42525,44175,44810,46090,46720,47790,49435,50175,51380,53260,54250,55190,57080,58835,60785,62080,63075,64400,65370,66395,68205,70125,71980,73720,75505,77165,78960,80825,82335,83995]
resources/preprocessed/Interpolated/Andre_Squats2_13_10_2020_LeftArm.csv:[47500,48565,49785,50930,52025,53170,54335,55380,56600,57695,58350,58980,60140,61345,62320,63125,64280,65405,66750,68640,70145,72300,73910,75920,77455,79635,80980,82930,84685,86630,88380,90005,92080,93885,95260,97115,99025,100610,103045,104060,105145,106345,107615,109455,110555,111560,112325,113175,114870,116260,117335,118015,119340,120025,121000,122975,124845,125670,126765,127535,128240,129620,131065,132260,132955,134495,135620,136900,137820,139235,140170,141460,142900,143875,145395,146315,147535,148870,149905,150990,151685,153565,154660,155965,157050,157805,159270,160155,161525,162540,164155,165260,168065,168780,170200,171415,172840,174345,175415,176955,178195,178940,180345,181370,182935,183855,185315,186800,188105,190110,190950,192875,193915,195100,196200,197570,198650,199325,200170,202090,203020,204380,205435,206860,208685,209390,211105,212060,212830,213645]
resources/preprocessed/Interpolated/Andre_Squats_13_10_2020_Belly.csv:[60996,62021,63041,64176,65251,66311,67061,68491,69341,71706,72751,74141,74926,77176,78031,79116,80011,80856,82196,83051,84206,84971,85786,87146,88051,89146,90161,92066,93061,94276,95171,95946,96956,98301,99236,100181,100836,102206,103181,104416,105231,107196,108191,109296,110241,111746,113001,114136,115061,116596,117861,119076,120791,121626,122421,123546,124491,125146,125956,126596,127921,128921,130041,130821,131976,133156,133806,134836,135566,136701,137956,139031,139751,140421,141576,142871,144051,145266,146481,147651,148716,150086,151156,152426,153646,154321,155406,156581,157326,158486]
resources/preprocessed/Interpolated/Andre_liegestuetzen2_13_10_2020_Chest.csv:[40071,41081,42361,43306,43956,45476,46751,47841,48926,49761,50581,52381,54116,55131,56326,57321,58221,59021,60071,60771,62701,63731,64361,65886,66566,67691,68921,69556,70266,71131,72236,73046,74216,75271,76331,77101,78181,79076]
resources/preprocessed/Interpolated/Andre_liegestuetzen2_13_10_2020_LeftArm.csv:[39996,41176,42141,42876,43701,44461,45376,46041,47011,47776,48711,49561,50451,51091,52176,52876,53851,54621,55636,56371,57736,58366,59286,60071,61156,61896,63351,64971,65816,67321,67981,69636,72051,73726,74741,75406,76666,77756,78641,79621]
resources/preprocessed/Interpolated/Lukas_liegestuetzen3_13_10_2020_LeftArm.csv:[11331,11971,13691,14321,15286,16421,17631,18261,18896,19606,20416,21861,23261,23896,24911,26656,28796]
resources/preprocessed/Interpolated/Andre_liegestuetzen1_13_10_2020_Chest.csv:[16996,18026,19236,20251,21126,21816,22566,23571,24551,25296,26191,26926,27951,28616,29861,31381,32811,34406,35971,36686,37606,38361,39421,41041,42731,44256,45871,46516,47486,48246,49286,49996,51281,53121,54596,55721,56671,57316,59171,60111,60746,62241,63051,64306,65216,66996]
resources/preprocessed/Interpolated/Andre_liegestuetzen2_13_10_2020_RightArm.csv:[39996,40766,42451,43291,44016,45686,46561,47341,49076,50701,52436,54111,55926,56881,57791,59531,61381,63366,64326,65241,66831,67461,68541,69671,70646,71471,72636,73316,74141,75366,76471,77156,78661,79456]
resources/preprocessed/Interpolated/2020-07-02_12.50.00_Belly.csv:[16067,16575,17559,18179,18791,19375,20115,20619,21339,22667,23299,24227,24739,25559,26471,27415,28059,28987,29547,30311,31595,32615,33579,34679,35655,36319,36831,37975,39147,40035,41099,41783,43051,43931,44527,45043,45595,46695,47855,49351,49875,51163,51715,52355,53103,54059,54627,55147,55915,56719,57431,58283,58855,59363,60391,61067,61623,62147,62995]
resources/preprocessed/Interpolated/Andre_liegestuetzen3_13_10_2020_Belly.csv:[30998,32278,33913,35243,36403,37053,37688,38633,39263,40193,41068,41928,43148,43783,45403,46198,47228,49018,50198,51243,52193,53213,54388,55563,56553,57858,59123,59888,60813,61983,62648,65183]
resources/preprocessed/Interpolated/Andre_Squats_13_10_2020_Chest.csv:[60996,62141,62906,63741,64756,65876,67571,68436,69171,71196,73271,73901,75166,77011,78516,79201,80236,80931,81971,83616,84251,84916,85921,86981,88556,89301,90176,92001,93636,94291,94976,97191,97976,98786,99501,100276,101091,102231,103646,104371,105346,107011,108676,109371,110406,111531,113496,114151,115116,116891,118126,118891,119986,121471,122846,123541,124256,125701,126641,127276,128251,128996,129976,130696,131361,132036,133121,133751,134781,135426,136126,136756,137846,138546,139786,140991,141646,142841,143526,144461,145166,145891,146536,147576,148216,149221,149916,150606,151621,152326,153086,153716,154751,155456,156546,157211,157901,158551]
resources/preprocessed/Interpolated/Jan_liegestuetzen1_13_10_2020_LeftArm.csv:[84915,86710,88485,89500,90580,92115,93695,94640,96125,97640,98620,100080,101605,102740,103935,106555,107690,109275,110275,111590,113250,114145,115670,117215,118080,119505,121315,122340,123340,125595,127210,129000,129975,131050,133310,134860,137390,138670,141100,142480,144990,146380,148730,150020,150850,152775,154285,156870,158065,158760,161145,162585,163510,165225,166450,167290,168565,169680,171250,172235,174190,176020,177345,178785,180785,182710,183745]
