resources/preprocessed/Interpolated-Revised/Jan_liegestuetzen1_13_10_2020_edited_RightArm.csv:[72001,75784,78382,83647,88127,91300,93777,96560,101335,109488,112216,114994]
resources/preprocessed/Interpolated-Revised/Jan_liegestuetzen1_13_10_2020_edited_LeftArm.csv:[72006,75764,80965,83622,88732,91230,93777,97256,101255,104268,109808,112381,114994]
resources/preprocessed/Interpolated-Revised/Jan_liegestuetzen1_13_10_2020_edited_Chest.csv:[72486,75169,78497,81695,85779,88913,91926,94608,97281,100554,104313,109148,112381,114994]
resources/preprocessed/Interpolated-Revised/Jan_liegestuetzen1_13_10_2020_edited_Belly.csv:[72001,76580,80354,85744,91986,94618,97401,100004,105534,108447,113893]
resources/preprocessed/Interpolated/Lukas_liegestuetzen3_13_10_2020_RightArm.csv:[11331,16431,20441,23171,26651]
resources/preprocessed/Interpolated/Lukas_liegestuetzen3_13_10_2020_Chest.csv:[13546,17661,21296,28326]
resources/preprocessed/Interpolated/Lukas_liegestuetzen3_13_10_2020_Belly.csv:[10996,13716,16811,22711,25691,28531]
resources/preprocessed/Interpolated/Lukas_liegestuetzen2_13_10_2020_RightArm.csv:[36060,41425,44705,49840,54770,57950,61525,64070,67195,72635]
resources/preprocessed/Interpolated/Lukas_liegestuetzen2_13_10_2020_LeftArm.csv:[36080,39725,42780,46265,50335,54660,60215,63425,66055,69430,72970]
resources/preprocessed/Interpolated/Lukas_liegestuetzen2_13_10_2020_Chest.csv:[36105,38585,41290,44430,47775,52485,55260,60510,65585,69585,73995]
resources/preprocessed/Interpolated/Lukas_liegestuetzen2_13_10_2020_Belly.csv:[36385,41340,44340,47870,51830,54685,61185,63900,69410,73905]
resources/preprocessed/Interpolated/Lukas_liegestuetzen1_13_10_2020_Chest.csv:[38300,41275,44135,48240,53080,55535,59455,62205,68350,72250,77165,82735]
resources/preprocessed/Interpolated/Lukas_liegestuetzen1_13_10_2020_Belly.csv:[38165,40770,45870,50560,55315,59785,62475,65775,69130,72530,79030,81635]
resources/preprocessed/Interpolated/Jan_liegestuetzen3_13_10_2020_RightArm.csv:[34000,37105,40030,44315,52295,56995]
resources/preprocessed/Interpolated/Jan_liegestuetzen3_13_10_2020_LeftArm.csv:[34345,37200,40080,43610,47085,51290,56955]
resources/preprocessed/Interpolated/Jan_liegestuetzen3_13_10_2020_Belly.csv:[35470,37990,41580,44505,47280,50085,54370]
resources/preprocessed/Interpolated/Jan_liegestuetzen2_13_10_2020_RightArm.csv:[16996,22881,25626,29766,32621,36266,40411,44121,50281]
resources/preprocessed/Interpolated/2020-07-02_14.59.59_LeftArm.csv:[74111,76451,78795,81123,83591,85935,88355,90863,93523,96375,99995]
resources/preprocessed/Interpolated/Andre_liegestuetzen2_13_10_2020_Belly.csv:[39996,47806,51156,54596,62371,65651,70731,73341,76366,79996]
resources/preprocessed/Interpolated/2020-07-02_14.59.59_Chest.csv:[74079,76671,79359,81723,84127,86483,88487,90891,93623,96547,99063]
resources/preprocessed/Interpolated/2020-07-02_15.13.22_Belly.csv:[23003,28171,32311,34811,38843,41199,43683,46355,49123,51883,54927,58399,61967,64235]
resources/preprocessed/Interpolated/2020-07-02_15.13.22_RightArm.csv:[23003,25099,28591,32239,34327,36551,38831,41111,44115,46831,49019,51859,55427,58387,62183,65927]
resources/preprocessed/Interpolated/2020-07-02_14.20.28_RightArm.csv:[61995,66155,70103,74131,78059,81071,83443]
resources/preprocessed/Interpolated/2020-07-02_14.20.28_Belly.csv:[62707,65287,68475,73619,77475,81695]
resources/preprocessed/Interpolated/2020-07-02_14.14.32_RightArm.csv:[32019,34735,39747,44415,47147,50923,53747,57515,60767,62835]
resources/preprocessed/Interpolated/2020-07-02_15.13.22_LeftArm.csv:[23003,25167,28171,30199,32227,34323,36623,38843,41131,43619,46267,49079,51811,54823,58259,62147,66067]
resources/preprocessed/Interpolated/2020-07-02_14.14.32_Belly.csv:[32055,35191,38631,40979,43683,47119,49115,51887,55195,58671,63435]
resources/preprocessed/Interpolated/2020-07-02_14.59.59_RightArm.csv:[74031,76507,78839,81163,83579,85967,88371,90875,93547,96391,99179]
resources/preprocessed/Interpolated/Jan_liegestuetzen3_13_10_2020_Chest.csv:[35660,40700,47975,52360,55725]
resources/preprocessed/Interpolated/2020-07-02_14.20.28_LeftArm.csv:[62887,65559,68939,74123,81039]
resources/preprocessed/Interpolated/2020-07-02_13.00.09_Belly.csv:[27355,31759,36479,40923,44715,47063,49283,51671,54495,56667,59995]
resources/preprocessed/Interpolated/2020-07-02_14.14.32_LeftArm.csv:[32003,34739,37767,39723,43031,46507,49931,53695,55663,60251,62263,64611]
resources/preprocessed/Interpolated/2020-07-02_11.17.39_Belly.csv:[58559,60603,64043,66147,68243,70651,73643,79015,80995,84731,86699,88783,93323,95683,97611,101323,104051,106827]
resources/preprocessed/Interpolated/Andre_liegestuetzen3_13_10_2020_Chest.csv:[31003,36073,43778,46738,49613,53943,58918,62268,65138]
resources/preprocessed/Interpolated/2020-07-02_11.17.39_Chest.csv:[59551,62171,64923,67031,69135,71787,73967,78047,81211,83531,87603,89943,93655,96003,98687,101119,103851,106235]
resources/preprocessed/Interpolated/2020-07-02_11.17.39_LeftArm.csv:[59427,64031,69087,74459,78083,83655,88303,91395,93579,96003,98487,101047,103691,107303]
resources/preprocessed/Interpolated/2020-07-02_14.59.59_Belly.csv:[75843,78903,81031,83703,85979,90779,93603,96495,99995]
resources/preprocessed/Interpolated/Andre_Squats_13_10_2020_LeftArm.csv:[60996,64866,67811,71161,74821,77891,81901,86076,91926,95371,98701,102061,106761,110451,116621,121256,125836,128926,132266,136946,140241,142786,148186,152366,156511]
resources/preprocessed/Interpolated/2020-07-02_14.07.33_Chest.csv:[7065,10053,13073,15289,17945,21877,25873,28241,31169,33757,36209,39241,43421]
resources/preprocessed/Interpolated/2020-07-02_11.17.39_RightArm.csv:[60591,64023,68275,74423,79903,83631,88315,91347,93603,95983,98499,101075,103699,107335]
resources/preprocessed/Interpolated/Andre_liegestuetzen3_13_10_2020_RightArm.csv:[31003,33538,40018,43793,46768,54983,59458,62863,65498]
resources/preprocessed/Interpolated/2020-07-02_12.50.00_LeftArm.csv:[16003,20895,23295,26995,29047,31043,35083,37351,39479,41827,43955,46163,48687,51235,53151,55799,58335,61023]
resources/preprocessed/Interpolated/2020-07-02_14.20.28_Chest.csv:[61995,64467,67203,72283,75859,78327,81695]
resources/preprocessed/Interpolated/2020-07-02_14.07.33_RightArm.csv:[7005,9913,12921,15101,20277,24869,29017,31309,34153,36329,39353,43329]
resources/preprocessed/Interpolated/Lukas_liegestuetzen1_13_10_2020_RightArm.csv:[38230,44830,48360,51870,59455,64440,70125,73750,77175,80845,83995]
resources/preprocessed/Interpolated/2020-07-02_14.07.33_Belly.csv:[7025,9557,12481,15177,19977,22721,26769,29649,32193,35165,37161,40473,43309]
resources/preprocessed/Interpolated/Andre_liegestuetzen1_13_10_2020_RightArm.csv:[16996,19611,25366,29811,32981,37881,41526,46061,51086,61816,65241]
resources/preprocessed/Interpolated/2020-07-02_12.50.00_RightArm.csv:[16111,20911,23303,26999,29063,31091,35131,37367,39507,41887,44023,46195,48727,51271,55851,58319,61019,62995]
resources/preprocessed/Interpolated/Andre_Squats2_13_10_2020_Belly.csv:[47560,52130,61345,68775,72345,76295,79875,83035,87145,90130,94405,96980,102585,108960,112230,116095,120500,123115,125765,129640,135740,140260,144810,150350,153605,159010,164100,168805,174005,179045,184060,190395,196115,199885,202790,209420,212870]
resources/preprocessed/Interpolated/2020-07-02_12.50.00_Chest.csv:[16663,20567,24607,26723,30059,32151,34155,36415,40387,42931,45163,47495,49467,52439,55315,57587,60363]
resources/preprocessed/Interpolated/2020-07-02_13.00.09_Chest.csv:[29315,35115,37095,39063,41139,45407,47715,51807,55191,58043,60083,62411]
resources/preprocessed/Interpolated/2020-07-02_13.00.09_RightArm.csv:[27455,31311,33239,37627,41099,44499,46923,49167,51647,54327,57231,60735]
resources/preprocessed/Interpolated/2020-07-02_15.13.22_Chest.csv:[23003,26879,30039,32087,34763,40235,42667,45239,47827,50543,53315,56787,60235,64167]
resources/preprocessed/Interpolated/Andre_liegestuetzen1_13_10_2020_Belly.csv:[16996,20201,25336,29536,33846,39126,42666,50091,56371,59991,62921,65841]
resources/preprocessed/Interpolated/2020-07-02_15.31.36_Belly.csv:[72499,78675,82639,86383,88671,91431,93599,96031,98263,100299,102759,105123,107719,110395,113263]
resources/preprocessed/Interpolated/Jan_liegestuetzen2_13_10_2020_LeftArm.csv:[17271,23486,26166,30371,37016,40376,49131]
resources/preprocessed/Interpolated/2020-07-02_15.31.36_Chest.csv:[72595,76023,80055,82559,86395,89163,91395,93607,96699,98927,101287,103907,106419,109111,113279]
resources/preprocessed/Interpolated/Andre_Squats_13_10_2020_RightArm.csv:[60996,64871,71291,74851,80231,85271,89571,93351,97096,100256,105336,115451,120061,125746,132321,137006,139511,142791,148196,154096,157186]
resources/preprocessed/Interpolated/2020-07-02_14.14.32_Chest.csv:[32011,34615,38383,40963,44107,48351,51123,54075,57151,60527,64775]
resources/preprocessed/Interpolated/2020-07-02_15.31.36_LeftArm.csv:[72699,75823,78827,81751,86395,88383,90515,92751,95015,97207,99527,101891,103895,106423,109095,111775]
resources/preprocessed/Interpolated/2020-07-02_15.31.36_RightArm.csv:[72435,76515,78675,82447,86391,88355,90515,92683,94923,97155,99455,101851,103863,106423,109107,111815]
resources/preprocessed/Interpolated/Andre_Squats2_13_10_2020_Chest.csv:[47500,54340,63120,68785,72315,74845,78415,81640,84805,87940,92140,95635,101165,106795,109755,112685,115675,118225,121340,124985,129780,135855,140755,145435,148810,153670,159765,164410,170230,174690,179565,184510,189485,193135,196120,199500,202750,207425,213630]
resources/preprocessed/Interpolated/2020-07-02_14.07.33_LeftArm.csv:[7005,9929,12861,15097,18129,20285,24873,29053,32697,36297,40345,43141]
resources/preprocessed/Interpolated/Andre_Squats2_13_10_2020_RightArm.csv:[47500,55365,58305,63730,68610,72450,75995,79625,82945,86585,89975,93960,96990,100550,103255,107600,110170,114600,118815,123390,128380,134555,139065,142850,148935,153510,157035,164060,171225,175500,180320,182795,185380,188860,192745,197500,202020,206075,210830]
resources/preprocessed/Interpolated/Andre_liegestuetzen1_13_10_2020_LeftArm.csv:[16996,19586,23511,28636,34261,37591,42701,48321,51001,61826,65221]
resources/preprocessed/Interpolated/2020-07-02_13.00.09_LeftArm.csv:[27519,31335,37671,41083,43099,45311,47675,49923,52499,55183,57203,60771]
resources/preprocessed/Interpolated/Andre_liegestuetzen3_13_10_2020_LeftArm.csv:[31098,33903,38138,41413,43858,49203,52493,59508,62823]
resources/preprocessed/Interpolated/Lukas_liegestuetzen1_13_10_2020_LeftArm.csv:[38255,41195,44175,48290,53260,59420,64400,68820,77165,80825,83995]
resources/preprocessed/Interpolated/Andre_Squats2_13_10_2020_LeftArm.csv:[47500,56600,60745,63720,68640,72300,75920,79635,82930,86630,90005,93885,97115,100610,103045,106345,109455,114870,119340,123505,128240,131065,134495,139235,143875,148870,153565,157805,164155,168780,171415,174345,176955,185315,188730,192875,197570,204380,208685,212060]
resources/preprocessed/Interpolated/Andre_Squats_13_10_2020_Belly.csv:[60996,63651,67556,71706,78031,83051,88051,93061,96956,103181,108191,113001,117861,122421,127136,131976,139031,141576,146481,153646,158486]
resources/preprocessed/Interpolated/Andre_Squats_13_10_2020_Chest.csv:[60996,64756,67571,71196,77011,80236,83616,86981,92001,94976,98786,102231,107011,113496,118126,121471,125701,130696,133751,137846,140991,143526,148216,155456,157901]
resources/preprocessed/Interpolated/Andre_liegestuetzen2_13_10_2020_Chest.csv:[41081,45476,51196,54536,61366,64361,69556,73046,75751,78181]
resources/preprocessed/Interpolated/Andre_liegestuetzen2_13_10_2020_LeftArm.csv:[39996,43701,48711,51091,53851,56371,61156,67321,72611,75406,78641]
resources/preprocessed/Interpolated/Lukas_liegestuetzen3_13_10_2020_LeftArm.csv:[11331,17631,23261,26656]
resources/preprocessed/Interpolated/Andre_liegestuetzen1_13_10_2020_Chest.csv:[16996,21126,24551,27951,31381,35031,37606,41516,45871,49996,53121,55721,59171,63051,65841]
resources/preprocessed/Interpolated/Andre_liegestuetzen2_13_10_2020_RightArm.csv:[39996,42451,45686,51161,54621,58181,61896,65826,70191,74766,77156]
resources/preprocessed/Interpolated/2020-07-02_12.50.00_Belly.csv:[16575,20619,23299,26471,29547,32615,34679,37975,40035,42283,44527,46695,49351,51715,54627,58283,60391,62547]
resources/preprocessed/Interpolated/Andre_liegestuetzen3_13_10_2020_Belly.csv:[30998,33913,37053,41928,49018,56553,59888,63228]
resources/preprocessed/Interpolated/Jan_liegestuetzen2_13_10_2020_Belly.csv:[16996,21061,25066,29826,32671,35176,40496,45541,48256,50961]
resources/preprocessed/Interpolated/Jan_liegestuetzen2_13_10_2020_Chest.csv:[18756,22931,26261,29711,35361,38836,42266,47816]
