resources/preprocessed/Interpolated/Lukas_liegestuetzen3_13_10_2020_RightArm.csv:[11331,13691,16431,20441,23171,26651]
resources/preprocessed/Interpolated/Lukas_liegestuetzen3_13_10_2020_Chest.csv:[13546,17661,21296,28326]
resources/preprocessed/Interpolated/Lukas_liegestuetzen3_13_10_2020_Belly.csv:[10996,13021,16811,22711,25691,28531]
resources/preprocessed/Interpolated/Lukas_liegestuetzen2_13_10_2020_RightArm.csv:[36060,41425,44705,46890,49840,54770,57950,61525,64070,67195,69430,72635]
resources/preprocessed/Interpolated/Lukas_liegestuetzen2_13_10_2020_LeftArm.csv:[36080,39725,42780,46265,50335,54660,60215,63425,66055,69430,71490]
resources/preprocessed/Interpolated/Lukas_liegestuetzen2_13_10_2020_Chest.csv:[36105,38585,41290,44430,47775,52485,55260,60510,65585,68845,71500,73995]
resources/preprocessed/Interpolated/Lukas_liegestuetzen2_13_10_2020_Belly.csv:[36385,38685,41340,43585,47870,51830,54685,56750,61185,63900,66420,69410,71555,73905]
resources/preprocessed/Interpolated/Lukas_liegestuetzen1_13_10_2020_Belly.csv:[38165,40770,45870,50560,55315,59785,62475,65775,69130,72530,74745,79030,81635,83995]
resources/preprocessed/Interpolated/Jan_liegestuetzen3_13_10_2020_RightArm.csv:[34000,37105,40030,42225,44315,52295,56995]
resources/preprocessed/Interpolated/Jan_liegestuetzen3_13_10_2020_LeftArm.csv:[34345,37200,40080,43610,47085,51290,56955]
resources/preprocessed/Interpolated/Jan_liegestuetzen3_13_10_2020_Belly.csv:[35470,37990,41580,44505,47280,50085,54370,56790]
resources/preprocessed/Interpolated/Jan_liegestuetzen2_13_10_2020_RightArm.csv:[16996,22881,25626,27646,29766,32621,36266,40411,42981,45341,50281]
resources/preprocessed/Interpolated/Jan_liegestuetzen2_13_10_2020_Chest.csv:[18756,20841,22931,26261,29711,31846,35361,38836,42266,45336,47816]
resources/preprocessed/Interpolated/Jan_liegestuetzen2_13_10_2020_Belly.csv:[16996,21061,23086,29826,32671,35176,40496,45541,48256,50451]
resources/preprocessed/Interpolated/2020-07-02_14.59.59_LeftArm.csv:[74111,76451,78795,81123,83591,85935,88355,90863,93523,96375,99995]
resources/preprocessed/Interpolated/Andre_liegestuetzen2_13_10_2020_Belly.csv:[39996,47806,51156,54596,62371,65651,69211,71436,75471,78741]
resources/preprocessed/Interpolated/Jan_liegestuetzen1_13_10_2020_RightArm.csv:[85000,87230,90880,94800,98685,101590,103880,106515,109270,111675,114155,118150,122365,126310,129830,133870,137620,141245,144420,146470,148820,153020,156935,161270,165570,168580,172170,176425,180650,183995]
resources/preprocessed/Interpolated/2020-07-02_14.59.59_Chest.csv:[74079,75703,79359,81219,83611,85979,88487,90891,93623,96547,99063]
resources/preprocessed/Interpolated/2020-07-02_15.13.22_Belly.csv:[23003,25815,27687,31695,34811,36627,38843,41199,43683,46355,49123,51883,54927,56735,58399,60295,61967,64235]
resources/preprocessed/Interpolated/2020-07-02_15.13.22_RightArm.csv:[23003,25099,26879,28591,30639,32747,34903,36551,38831,41111,44115,46831,49019,51859,55427,58387,62183,65927]
resources/preprocessed/Interpolated/Lukas_liegestuetzen1_13_10_2020_Chest.csv:[38300,41275,44135,48240,51935,55535,59455,62205,68350,72250,74710,77165,80685,82735]
resources/preprocessed/Interpolated/Jan_liegestuetzen1_13_10_2020_Chest.csv:[84900,88180,91545,94280,96925,99930,102430,106405,109855,113785,117810,121870,125790,128235,131490,135040,138925,143395,146385,152445,156390,160850,165255,167540,169920,172225,176045,180530,182750]
resources/preprocessed/Interpolated/2020-07-02_14.20.28_RightArm.csv:[61995,66155,70103,74131,78059,81071,83443]
resources/preprocessed/Interpolated/2020-07-02_14.20.28_Belly.csv:[61995,63747,68475,70123,72247,74163,77475,81695,83583]
resources/preprocessed/Interpolated/2020-07-02_14.14.32_RightArm.csv:[32019,34735,36495,39747,44415,47147,50923,53747,55683,57515,60259,62295,64667]
resources/preprocessed/Interpolated/2020-07-02_15.13.22_LeftArm.csv:[23003,25167,28171,30199,32227,34323,36623,38843,41131,43619,46267,49079,51811,54823,58259,62147,66067]
resources/preprocessed/Interpolated/2020-07-02_14.14.32_Belly.csv:[32055,35191,38631,40979,43683,47119,49115,50947,55195,58671,63435]
resources/preprocessed/Interpolated/2020-07-02_14.59.59_RightArm.csv:[74031,76507,78839,81163,83579,85967,88371,90875,93547,96391,99179]
resources/preprocessed/Interpolated/Jan_liegestuetzen3_13_10_2020_Chest.csv:[35660,40700,47975,52360,55725]
resources/preprocessed/Interpolated/2020-07-02_14.20.28_LeftArm.csv:[62887,65559,68939,74123,81039,82827]
resources/preprocessed/Interpolated/2020-07-02_13.00.09_Belly.csv:[27355,29231,31255,33263,36099,38215,40923,42631,44715,47063,48667,51671,54495,56667,59995]
resources/preprocessed/Interpolated/2020-07-02_14.14.32_LeftArm.csv:[32003,34739,37767,39723,43031,46507,49931,53695,55663,58367,60251,62263,64091]
resources/preprocessed/Interpolated/2020-07-02_11.17.39_Belly.csv:[58559,60603,64043,66147,68243,70099,71867,73643,75379,77251,79015,80995,82743,84731,86699,88783,91411,93323,95683,97611,99487,101323,104051,106827]
resources/preprocessed/Interpolated/Andre_liegestuetzen3_13_10_2020_Chest.csv:[31003,36073,38298,43778,46138,49613,53943,56228,58918,62268,65138]
resources/preprocessed/Interpolated/2020-07-02_11.17.39_Chest.csv:[59551,62171,64923,67031,69135,71787,73967,75671,78047,79931,81819,83531,85167,87603,89307,93655,96003,98687,101119,103851,106235]
resources/preprocessed/Interpolated/Jan_liegestuetzen1_13_10_2020_Belly.csv:[85055,88295,91815,97395,99745,103905,106540,110670,114465,118330,124860,128700,131145,133885,136150,138660,141300,143685,146070,148975,151305,153955,157040,159510,162455,165555,167820,172485,174850,180965,183840]
resources/preprocessed/Interpolated/2020-07-02_11.17.39_LeftArm.csv:[58879,60671,64031,66235,67943,69619,71427,73191,75039,76823,78623,80491,82399,84991,88303,91395,93579,96003,98487,101047,103691,107303]
resources/preprocessed/Interpolated/2020-07-02_14.59.59_Belly.csv:[75843,78903,81031,83703,85979,87903,89859,92431,94867,96495,99995]
resources/preprocessed/Interpolated/Andre_Squats_13_10_2020_LeftArm.csv:[60996,64866,67811,71161,74821,77891,80211,82811,86076,91926,95371,98701,102061,106761,110451,115191,117781,121256,125836,128206,130676,132991,135381,137841,140241,142786,145126,147526,149881,152366,154776,157176]
resources/preprocessed/Interpolated/2020-07-02_14.07.33_Chest.csv:[7065,10053,13073,15289,17945,21877,25873,28241,31169,33757,36209,39241,43421]
resources/preprocessed/Interpolated/2020-07-02_11.17.39_RightArm.csv:[58851,60591,64023,65719,68275,70859,72671,74423,76279,78063,79903,81783,83631,85619,88315,91347,93603,95983,98499,101075,103699,107335]
resources/preprocessed/Interpolated/Andre_liegestuetzen3_13_10_2020_RightArm.csv:[31003,33538,35653,40018,43323,46768,48943,51253,53323,55493,59458,62863,65498]
resources/preprocessed/Interpolated/2020-07-02_12.50.00_LeftArm.csv:[16003,19027,20895,22787,24955,26995,29047,31043,35083,37351,39479,41827,43955,46163,48687,51235,53151,55799,57431,59323,61023]
resources/preprocessed/Interpolated/2020-07-02_14.20.28_Chest.csv:[61995,64467,67203,72283,73995,75859,78327,81695,83611]
resources/preprocessed/Interpolated/2020-07-02_14.07.33_RightArm.csv:[7005,9913,12921,15101,16853,20277,22125,24869,29017,31309,34153,36329,39353,41013,43329]
resources/preprocessed/Interpolated/Lukas_liegestuetzen1_13_10_2020_RightArm.csv:[38230,41190,44830,48360,51870,59455,64440,70125,73750,77175,80845,83995]
resources/preprocessed/Interpolated/2020-07-02_14.07.33_Belly.csv:[7025,9557,12481,15177,17045,19977,22721,24569,26769,28641,31509,35165,37161,40473,43309]
resources/preprocessed/Interpolated/Andre_liegestuetzen1_13_10_2020_RightArm.csv:[16996,19611,25366,29811,32981,35041,37881,41526,46061,48701,51086,55626,57881,61816,65241]
resources/preprocessed/Interpolated/2020-07-02_12.50.00_RightArm.csv:[16111,19051,20911,22803,24967,26999,29063,31091,33051,35131,37367,39507,41887,44023,46195,48727,51271,53151,55119,57455,60107,62995]
resources/preprocessed/Interpolated/Andre_Squats2_13_10_2020_Belly.csv:[47560,49805,52130,54280,56690,59055,61345,63800,68775,72345,76295,79875,83035,87145,90130,94405,96980,101570,103820,108960,111280,113410,116095,118250,120500,123115,125765,129640,132555,135740,140260,144810,148970,153605,155795,158375,160705,164100,168005,171180,174005,179045,183065,185425,188025,190395,192780,196115,199885,202790,207180,209420,212870]
resources/preprocessed/Interpolated/2020-07-02_12.50.00_Chest.csv:[16663,19735,22043,24107,26723,28631,31347,33643,35687,38331,40387,42931,44611,46779,49467,52439,55315,57587,60363,62879]
resources/preprocessed/Interpolated/2020-07-02_13.00.09_Chest.csv:[27399,29315,31387,33159,35115,37095,39063,41139,43867,46119,48755,51807,55191,58043,60083,62411]
resources/preprocessed/Interpolated/2020-07-02_13.00.09_RightArm.csv:[27455,29487,31311,33239,35039,37055,38979,41099,43079,45291,46923,49167,51647,54327,57231,60107,62331]
resources/preprocessed/Interpolated/2020-07-02_15.13.22_Chest.csv:[23003,26367,28051,30039,32087,34067,36615,38611,40235,42667,45239,47827,50543,53315,55095,56787,60235,61967,64167]
resources/preprocessed/Interpolated/Andre_liegestuetzen1_13_10_2020_Belly.csv:[16996,20201,25336,29536,33846,39126,41496,44851,48926,51021,55726,58651,61321,65841]
resources/preprocessed/Interpolated/2020-07-02_15.31.36_Belly.csv:[72499,78675,82639,86383,88671,91431,93599,96031,98263,100299,102759,105123,107719,110395,113263]
resources/preprocessed/Interpolated/Jan_liegestuetzen2_13_10_2020_LeftArm.csv:[17271,20866,23486,26166,30371,37016,40376,46321,49131]
resources/preprocessed/Interpolated/2020-07-02_15.31.36_Chest.csv:[72595,76023,80055,82559,86395,89163,91395,93607,96699,98927,101287,103907,106419,109111,111011,113279]
resources/preprocessed/Interpolated/Andre_Squats_13_10_2020_RightArm.csv:[60996,64871,67391,71291,74851,76941,80231,82931,85271,89571,91796,97096,100256,103036,105336,112761,115451,120061,122211,125746,128226,130666,132986,135366,137731,140221,142791,145166,147551,149881,152326,154756,157186]
resources/preprocessed/Interpolated/2020-07-02_14.14.32_Chest.csv:[32011,34615,38383,40963,44107,47043,49147,51123,54075,57151,58931,61419,63435]
resources/preprocessed/Interpolated/2020-07-02_15.31.36_LeftArm.csv:[72699,75823,78827,81751,83547,86395,88383,90515,92163,94391,97207,98963,101303,103895,106423,109095,111775]
resources/preprocessed/Interpolated/2020-07-02_15.31.36_RightArm.csv:[72435,76515,78675,82447,86391,88355,89963,92683,94411,97155,98987,101331,103863,106423,109107,111815]
resources/preprocessed/Interpolated/Andre_Squats2_13_10_2020_Chest.csv:[47500,49865,52150,54340,56635,59055,61385,63750,68785,70855,74845,78415,81640,84805,86900,89885,92140,95635,100060,102865,106795,109755,112685,115675,118225,121340,124985,129780,132310,134640,136835,139360,141515,144045,146435,148810,153670,159765,164410,167785,170230,174690,179565,184510,186930,189485,193135,196120,199500,202750,206135,208685,211065,213630]
resources/preprocessed/Interpolated/2020-07-02_14.07.33_LeftArm.csv:[7005,9929,12861,15097,18129,20285,22117,24873,29053,32697,36297,39301,40953,43141]
resources/preprocessed/Interpolated/Andre_Squats2_13_10_2020_RightArm.csv:[47500,49705,53670,55945,58305,60715,63105,65540,68610,72450,75995,79625,82945,86585,89975,93960,96040,98965,103255,107600,110170,114600,118815,123390,128380,130995,134555,136845,139065,141470,143950,146330,148935,153510,157035,160585,163095,165490,167820,170300,175500,180320,182795,185380,187840,190305,192745,196390,198565,202020,204550,206950,209475,211855]
resources/preprocessed/Interpolated/Andre_liegestuetzen1_13_10_2020_LeftArm.csv:[16996,19586,23511,28636,34261,37591,39856,42701,48321,51001,55201,57316,59496,61826,65221]
resources/preprocessed/Interpolated/2020-07-02_13.00.09_LeftArm.csv:[27519,29547,31335,33183,35103,37083,38979,41083,43099,45311,47675,49923,51631,54391,57203,60059,62391]
resources/preprocessed/Interpolated/Andre_liegestuetzen3_13_10_2020_LeftArm.csv:[31098,33903,38138,41413,43858,49203,52493,55008,57453,59508,62823]
resources/preprocessed/Interpolated/Lukas_liegestuetzen1_13_10_2020_LeftArm.csv:[38255,40395,44175,48290,53260,55815,59420,64400,68820,77165,80825,83995]
resources/preprocessed/Interpolated/Andre_Squats2_13_10_2020_LeftArm.csv:[47500,49785,52025,54335,56600,58980,61345,63720,68640,72300,75920,79635,82930,86630,90005,92080,95260,99025,103045,106345,109455,114870,119340,123505,128240,131065,134495,139235,141460,143875,147535,149905,153565,157050,159270,164155,168065,170200,172840,175415,180345,182935,185315,188105,190950,193915,196200,198650,202090,204380,206860,209390,212060]
resources/preprocessed/Interpolated/Andre_Squats_13_10_2020_Belly.csv:[60996,63651,67556,71706,74141,78031,83051,88051,92066,94276,96956,102206,104416,108191,111746,114136,116596,119076,122421,126596,128921,131396,133806,136126,138541,141036,143491,145891,148146,150606,153026,155406,157916]
resources/preprocessed/Interpolated/Andre_liegestuetzen2_13_10_2020_Chest.csv:[40071,42361,45476,47841,51196,54536,61366,64361,68921,71131,73586,75751,78181]
resources/preprocessed/Interpolated/Andre_liegestuetzen2_13_10_2020_LeftArm.csv:[39996,43701,46041,48711,51091,53851,56371,61156,65816,67981,70256,72611,74741,78641]
resources/preprocessed/Interpolated/Lukas_liegestuetzen3_13_10_2020_LeftArm.csv:[11331,13691,17631,23261,26656,28796]
resources/preprocessed/Interpolated/Andre_liegestuetzen1_13_10_2020_Chest.csv:[16996,21126,24551,27951,31381,35031,37606,41516,45871,49996,53121,55721,59171,63051,65216]
resources/preprocessed/Interpolated/Andre_liegestuetzen2_13_10_2020_RightArm.csv:[39996,42451,45686,47906,51161,54621,58181,61896,65826,68006,70191,74766,77156]
resources/preprocessed/Interpolated/2020-07-02_12.50.00_Belly.csv:[16575,18791,20619,22667,25559,27415,29547,31595,33579,35655,37975,40035,42283,44527,46695,49351,51715,54627,58283,60391,62547]
resources/preprocessed/Interpolated/Andre_liegestuetzen3_13_10_2020_Belly.csv:[30998,33913,37053,41068,43148,47813,50198,52658,55563,59123,61438,65183]
resources/preprocessed/Interpolated/Andre_Squats_13_10_2020_Chest.csv:[60996,64756,67571,71196,73271,77011,80236,83616,86981,92001,94976,97191,102231,107011,109371,111531,114151,118126,121471,125701,128251,130696,133751,136126,138546,140991,143526,145891,148216,150606,153086,155456,157901]
resources/preprocessed/Interpolated/Jan_liegestuetzen1_13_10_2020_LeftArm.csv:[84915,88485,90890,94640,98620,101605,103935,106555,110275,114145,118080,122340,125595,129000,131050,133310,137390,141100,144990,148730,150850,154285,156870,161145,165225,168565,172235,176020,180785]
