resources/preprocessed/Interpolated/Lukas_liegestuetzen3_13_10_2020_RightArm.csv:[10996,11786,12406,12891,13336,13631,14186,14726,15731,16241,16901,17486,18141,18711,19446,19986,20896,21791,22326,22871,23711,24331,24666,25351,26476,27086,27821,28756]
resources/preprocessed/Interpolated/Lukas_liegestuetzen3_13_10_2020_Chest.csv:[11026,11746,12396,13196,14016,14716,15621,15906,16186,16441,16806,17351,18006,18871,19376,19681,19966,20281,20906,21676,22186,22531,23006,23601,24391,25101,25621,26256,26866,27831,28206,28646]
resources/preprocessed/Interpolated/Lukas_liegestuetzen3_13_10_2020_Belly.csv:[10996,12606,13006,13521,14141,14841,15446,15796,16926,17176,17946,18241,19081,19601,20311,20736,21386,21676,22246,22851,23321,24351,24786,25661,26166,26591,27021,27846,28356,28796]
resources/preprocessed/Interpolated/Lukas_liegestuetzen2_13_10_2020_RightArm.csv:[36000,36540,37185,37720,37990,38680,39130,39600,40245,40710,41120,41780,42265,43270,43865,45070,45645,46115,46775,47305,47775,48530,49050,49540,50165,50775,51810,52370,52845,53100,53545,54040,54425,55125,55705,56630,57240,57565,57840,58345,58885,59325,60025,60670,61015,61355,61900,62575,62960,63830,64480,65120,65370,66405,66840,67620,69885,70595,71375,71985,72505,73070,73910]
resources/preprocessed/Interpolated/Lukas_liegestuetzen2_13_10_2020_LeftArm.csv:[36000,36565,37170,37690,38645,39175,40125,40770,41720,42315,43210,43925,45095,45645,46695,47360,48515,49070,49560,50180,50765,51810,52420,52875,53555,54095,55100,55710,56630,57290,57675,58360,59015,60015,60680,61885,62595,63015,63845,64455,65080,65520,66445,66775,67605,68295,68790,69880,70580,71310,71980,72800,73510,73995]
resources/preprocessed/Interpolated/Lukas_liegestuetzen2_13_10_2020_Chest.csv:[36000,36570,37105,37750,38470,39195,40025,40775,41725,42780,43440,43815,44290,45045,46230,46775,47150,47435,48215,48780,49465,49930,50700,51695,51965,52310,52880,53480,53920,54195,54500,55020,55830,56535,56995,57730,58250,58860,59325,59895,60515,61000,61765,62305,62630,63060,63420,63955,64300,64715,65185,65530,66025,66730,67455,68070,68395,69380,70035,70650,71220,71995,72770,73185,73995]
resources/preprocessed/Interpolated/Lukas_liegestuetzen2_13_10_2020_Belly.csv:[36000,36820,37455,38055,38660,39285,40240,41270,41860,42580,43335,43920,44900,45575,46510,46920,47255,47580,48290,49235,49990,50385,51405,51765,52400,52820,53495,53970,54315,54590,55060,55755,56250,57255,58300,58995,59905,60990,61605,62345,62740,63485,64365,65520,65995,66820,67450,67730,68095,69040,69465,69825,70495,70920,72050,72895,73655,73995]
resources/preprocessed/Interpolated/Lukas_liegestuetzen1_13_10_2020_Belly.csv:[38000,38710,39545,40135,41175,41815,42210,42825,43560,43940,44220,44770,45685,46370,47080,48295,49220,50270,51195,52080,52695,53760,54555,55575,56765,57500,57865,58160,58650,59185,60155,61230,61645,62060,62460,62895,63650,64235,64905,65565,65980,66320,66885,67485,67780,68160,68615,68935,69450,70040,70535,71195,72280,72710,73685,74230,75260,75880,76420,76845,77405,77840,78275,78845,79345,80115,80515,80800,82115,83310,83995]
resources/preprocessed/Interpolated/Jan_liegestuetzen3_13_10_2020_RightArm.csv:[34000,36295,36870,37660,38330,39195,39775,40535,41215,41935,42625,43415,44110,44765,45475,46135,46850,47605,48370,49230,50000,50955,51740,52680,53590,54650,55625,56880]
resources/preprocessed/Interpolated/Jan_liegestuetzen3_13_10_2020_LeftArm.csv:[34000,34865,36270,36885,37650,38340,39125,39800,40525,41200,41915,42605,43385,44065,44780,45470,46135,46865,47560,48365,49180,50015,50960,51770,52685,53600,54660,55550,56740,56995]
resources/preprocessed/Interpolated/Jan_liegestuetzen3_13_10_2020_Belly.csv:[34000,34755,35420,35950,37070,37705,38525,39330,40175,40680,41380,42075,42925,43670,44345,44955,45695,46405,47130,47725,48675,49340,50505,51075,52185,52855,54120,54845,56445,56995]
resources/preprocessed/Interpolated/Jan_liegestuetzen2_13_10_2020_RightArm.csv:[17041,17816,19431,19951,20701,21321,22046,22666,23381,24046,24716,25386,26041,26716,27411,28086,28816,29526,30176,30866,31576,32306,33026,33756,34436,35166,35936,36691,37496,38216,39206,39951,40816,41641,42656,43461,44536,45526,46846,47676,49031,49766,50206,50781]
resources/preprocessed/Interpolated/Jan_liegestuetzen2_13_10_2020_Chest.csv:[16996,17356,18061,19206,19931,20571,21311,22006,22721,23336,24041,24671,25376,25991,26736,27336,28116,28786,29446,30131,30901,31556,32291,33011,33801,34421,35121,35876,36691,37476,38191,39161,40031,40801,41666,42626,43531,44571,45661,46821,47716,49376,50571,50996]
resources/preprocessed/Interpolated/Jan_liegestuetzen2_13_10_2020_Belly.csv:[16996,17401,18201,18566,19026,20126,20791,21536,22126,22871,23521,24231,24926,25651,26241,26986,27556,28311,28991,29706,30296,31091,31736,32506,33131,33936,34541,35466,36116,36956,37596,38656,39321,40281,40961,42076,42806,43896,44726,46051,47036,48711,49436,50271,50841]
resources/preprocessed/Interpolated/2020-07-02_14.59.59_LeftArm.csv:[73999,74495,75247,75903,76387,76959,77527,78115,78719,79239,79879,80423,80927,81575,82151,82695,83319,84007,84603,85187,85767,86375,86947,87535,88143,88775,89451,90011,90595,91307,91919,92503,93275,93959,94595,95147,96011,96783,97399,97939,98767,99767]
resources/preprocessed/Interpolated/Andre_liegestuetzen2_13_10_2020_Belly.csv:[39996,41406,42176,43331,44031,44871,45836,46471,46996,47341,47686,48241,48906,49916,50766,51586,52226,53271,54321,55046,55641,56801,57396,57816,58611,59241,59561,60391,61331,62136,62836,64121,64911,65766,66131,66936,67591,67961,68411,68846,69641,70416,70691,71126,71826,72546,73126,73811,74116,74881,75926,76791,77501,78096,79006,79996]
resources/preprocessed/Interpolated/Jan_liegestuetzen1_13_10_2020_RightArm.csv:[84900,85395,87715,88860,90170,90760,91370,92575,94130,94565,95275,96465,98055,98460,99215,100720,101975,102420,102930,104305,105875,106285,106995,108180,109775,110225,110855,112075,113775,114120,114620,116110,117735,118700,119985,121845,122305,122895,123860,125835,126265,126745,127810,129535,129900,130355,131705,133410,133935,134340,135505,137120,137400,138085,139290,140230,140865,141200,141650,142865,143710,144050,144675,146775,147660,148545,149265,150560,152605,152930,153510,154610,155685,157345,158670,159425,160835,161215,161770,163030,163925,164505,165940,166905,167435,167820,169125,170290,170895,171345,172755,173955,174405,174760,176755,177820,178710,179635,181195,182415,182950,183285,183860]
resources/preprocessed/Interpolated/2020-07-02_14.59.59_Chest.csv:[73999,74779,75295,75627,76071,77079,77643,78187,78995,79247,79775,80311,80775,81135,81635,82267,83183,83559,84079,84643,85339,85963,86411,86939,87931,88407,88959,89835,90563,90935,91363,91991,93211,93551,94015,95223,96111,96487,97011,98007,98799,99527,99995]
resources/preprocessed/Interpolated/2020-07-02_15.13.22_Belly.csv:[23003,24387,25111,25615,26255,26895,27335,27659,28067,28619,29115,29647,30131,30711,31119,31591,32103,32699,33291,33655,34135,34535,35239,35803,36211,37019,37675,38151,38659,39267,40011,40339,40907,41659,42343,43039,44063,44607,45171,45679,46727,47467,47747,48147,49511,50075,50379,50803,51499,51831,52303,52863,53735,55351,55935,56503,57255,58835,59431,60095,60739,61483,61771,62527,63283,63815,64667,65523,66095]
resources/preprocessed/Interpolated/2020-07-02_15.13.22_RightArm.csv:[23003,24567,25571,26079,26499,26843,27299,27847,28311,28599,29075,29659,30199,30595,31111,31647,32207,32671,33247,33911,34339,34751,35335,35979,36519,36975,37591,38287,38811,39251,39779,40387,41071,41535,42075,42707,43447,44047,44607,45259,46131,46691,47279,47891,48771,49455,50055,50663,51499,52251,52839,53487,54403,55291,55983,56679,57803,58771,59447,60195,60767,62567,63335,64083,64675,65215,65475,66095]
resources/preprocessed/Interpolated/Lukas_liegestuetzen1_13_10_2020_Chest.csv:[38000,38305,38700,39650,40105,41000,41730,42770,43350,43710,44630,45300,46150,46495,47005,47425,48070,48700,49875,50565,51080,51460,51860,52400,53605,54570,55375,56065,56845,57150,57480,57970,58360,59260,59880,61210,61765,62720,63460,64090,64835,65360,66045,66585,66935,67645,68160,68855,69315,70265,71065,71395,71835,72215,72775,73585,74385,75175,75845,76400,77335,78715,79500,80260,80650,81100,81605,82035,82350,83010,83965]
resources/preprocessed/Interpolated/Jan_liegestuetzen1_13_10_2020_Chest.csv:[84900,85700,86175,86425,87405,88690,89870,90280,90625,91955,92500,92905,94480,96615,97325,98460,98930,99875,100230,101005,101735,103055,104420,105965,106390,106940,108180,110090,110925,111275,112080,113365,114035,115980,116580,117290,118375,119730,121020,121590,122020,122685,122980,123315,123755,124430,126240,127200,127490,128675,129800,131925,133770,135470,135905,136240,137375,138250,138560,139395,141090,142140,143045,143580,143875,144920,146020,146830,147490,147745,148715,150475,151305,152030,152825,154510,156730,158620,159315,159745,160245,161075,162860,163775,164390,164690,164950,165715,166870,167490,167975,168965,170345,172620,174345,174895,175340,176435,177610,178725,179240,179825,180755,181055,182200,182560,183325,183970]
resources/preprocessed/Interpolated/2020-07-02_14.20.28_RightArm.csv:[62035,62899,63319,63931,64319,64959,65431,66031,66539,67175,67695,68303,68811,69407,69939,70531,71119,71695,72255,72887,73427,74063,74619,75255,75847,76539,77155,77963,78607,79455,80311,80967,81591,82107,82771,83819]
resources/preprocessed/Interpolated/2020-07-02_14.20.28_Belly.csv:[61995,63143,64131,64855,65291,66063,66439,67231,68103,68655,69479,69975,70543,71247,71751,72131,72659,72939,73223,74027,74579,75183,75619,76131,76643,77339,77975,78363,78635,78959,79411,79759,80023,80411,80979,81363,81639,82087,82731,83163,83499,84007]
resources/preprocessed/Interpolated/2020-07-02_14.14.32_RightArm.csv:[32003,33135,33559,34151,34427,35159,35647,36423,36903,37683,38195,38931,39475,40199,40775,41587,42127,42927,43479,44331,44887,45731,46279,47039,47599,48463,49011,49827,50403,51247,51847,52687,53291,54127,54775,55551,56235,57231,57967,58839,59595,60647,61391,62039,62703,63447,64371,64995]
resources/preprocessed/Interpolated/2020-07-02_15.13.22_LeftArm.csv:[23035,24339,24667,25611,26227,26763,27291,27975,28615,29151,29711,30211,30623,31147,31647,32163,32679,33191,33719,34255,34779,35375,35931,36515,37011,37559,38183,38795,39271,39851,40375,41059,41555,42095,42663,43463,44039,44607,45271,46099,46691,47235,47831,48739,49479,50051,50631,51451,52223,52815,53443,54075,55243,55963,56659,57171,57471,57787,58711,59435,60159,60751,62483,63311,64079,64647,66095]
resources/preprocessed/Interpolated/2020-07-02_14.14.32_Belly.csv:[32003,33335,34271,34755,35059,35707,36239,36659,37103,37511,38303,38747,39067,39419,39699,39975,40327,40755,41343,41895,42659,43047,43431,44067,44499,45323,45839,46151,46747,47091,47475,48491,49475,50091,50851,51387,52279,52755,53219,53719,54147,54547,55583,56659,57411,58115,59135,59975,60755,61607,62519,63243,63883,64995]
resources/preprocessed/Interpolated/2020-07-02_14.59.59_RightArm.csv:[73999,74515,75331,75915,76403,76943,77499,78111,78755,79259,79799,80375,80979,81591,82215,82807,83379,84031,84631,85231,85811,86391,86971,87591,88187,88791,89395,90027,90735,91315,91915,92535,93307,93975,94615,95207,96099,96811,97399,97963,98823,99695,99995]
resources/preprocessed/Interpolated/Jan_liegestuetzen3_13_10_2020_Chest.csv:[34000,34580,34900,36110,36855,37610,38275,39030,39795,40515,41180,41930,42645,43340,44115,44805,45480,46145,46890,47585,48395,49205,50100,50955,51790,52700,53575,54650,55710,56995]
resources/preprocessed/Interpolated/2020-07-02_14.20.28_LeftArm.csv:[61995,62791,63311,63903,64323,64955,65415,65995,66527,67163,67703,68267,68807,69387,69951,70519,71107,71675,72263,72859,73419,74031,74603,75211,75835,76483,77139,77903,78563,79387,80091,80879,81515,82099,82727,83431,84007]
resources/preprocessed/Interpolated/2020-07-02_13.00.09_Belly.csv:[26999,27859,28599,29067,29779,30787,31231,31751,32283,32739,33119,33695,34223,34603,35035,35567,36115,36451,36883,37671,38103,38895,39471,39751,40023,40431,40883,41611,42195,42603,43019,43751,44183,44691,45163,45819,46663,47031,47447,47875,49127,49707,50747,51131,51595,52103,52827,53727,54379,54919,56103,56575,57175,57695,58311,58731,59491,59967,60371,61059,61803,62355]
resources/preprocessed/Interpolated/2020-07-02_14.14.32_LeftArm.csv:[32003,32315,33127,33583,34171,34447,35159,35651,36415,36879,37679,38179,38911,39463,40183,40771,41559,42131,42899,43463,44299,44871,45691,46255,46991,47579,48403,48967,49775,50379,51191,51799,52623,53207,54055,54699,55483,56139,57087,57891,58787,59527,60587,61299,61955,62639,63399,64223,64499,64995]
resources/preprocessed/Interpolated/2020-07-02_11.17.39_Belly.csv:[58227,58523,58971,59779,60263,61051,61555,61991,62495,64439,64971,65411,65959,66523,67127,67611,67875,68187,68679,69131,69531,69995,70583,71107,71475,71783,72315,72811,73495,74063,74567,75299,75879,76531,77703,78163,78515,78927,79475,80047,80579,81443,81903,82311,82743,83183,83607,84219,84671,85139,85647,86175,86571,87099,87643,88259,88719,89303,89955,90603,91083,91435,91871,92527,93135,93727,94351,94963,95495,96083,96723,97459,98043,98643,99183,99903,100707,101211,101795,102631,103451,103903,104419,106323,106959,107343,108023]
resources/preprocessed/Interpolated/Andre_liegestuetzen3_13_10_2020_Chest.csv:[30998,31423,32228,32783,33258,33778,34628,35288,35678,36533,37198,37483,38043,38688,39763,40428,40978,41778,42423,42913,43483,44178,45188,45848,46258,47098,47858,48178,48738,49348,49748,50148,50843,51733,52848,53713,54073,54393,55058,55943,56328,56683,57513,58293,58763,59423,59853,60168,61118,61693,62033,62578,63668,64103,64748,65498]
resources/preprocessed/Interpolated/2020-07-02_11.17.39_Chest.csv:[58227,58531,59147,59595,60007,61023,62075,62691,63291,63991,64495,64919,65403,65947,66279,66615,66887,67459,67999,68587,69127,69587,70047,70327,70819,71391,71779,72187,72691,73159,73811,74367,74911,75571,76163,76795,77651,78083,78527,79043,79535,79995,80415,80759,81159,81707,82283,82755,83131,83523,84143,84687,85067,85563,86131,86391,86755,87407,88051,88863,89383,89859,90547,91091,91467,91967,92299,93071,93631,94163,94807,95347,95911,96487,97199,97923,98515,99127,99803,100519,100983,101623,102367,103107,103647,104367,105139,105719,106615,107959]
resources/preprocessed/Interpolated/Jan_liegestuetzen1_13_10_2020_Belly.csv:[84900,85525,86180,86480,87145,87820,88075,88815,89920,90245,91120,91705,92205,93545,95160,96200,96785,97905,98785,99160,99565,100295,100935,101445,101785,102100,103335,103645,104240,105110,105805,106335,107090,107905,108805,109390,109780,110065,111040,111915,112585,113305,113880,114270,115055,115840,116555,117220,117845,118200,118920,119815,120575,121305,121870,122255,123165,123740,124685,125365,125945,126840,127130,127835,128395,129105,129690,130120,130765,131580,132200,132670,133425,133825,134455,135310,136015,136630,137160,137570,138205,139090,139800,140300,140990,141795,142660,143495,144195,144885,145755,146595,147375,147995,148630,149480,150400,151110,151805,152715,153025,153610,154410,155110,155985,156620,157000,157580,158340,159155,160000,160945,161250,161960,162860,163755,164940,166085,166780,167300,168240,169440,170250,170910,171705,173050,173765,174495,175305,176960,177590,178820,179895,181400,182130,182555,183245,183675,183995]
resources/preprocessed/Interpolated/2020-07-02_11.17.39_LeftArm.csv:[58227,58763,59295,59927,61059,61755,62763,63367,64499,65055,65499,66183,66703,66995,67879,68443,68767,69527,70111,71323,71943,73099,73695,74043,74911,75547,76719,77335,78511,79099,79579,79863,80367,80963,81267,81551,82247,82867,84127,84799,85083,85363,86075,86683,87227,87991,88735,89359,89947,90487,91099,91399,91755,92507,93223,93623,94083,94787,95531,95967,96471,97239,98111,98483,98951,99767,100791,101439,102371,103479,104095,105007,105739,106531,107819,108139]
resources/preprocessed/Interpolated/2020-07-02_14.59.59_Belly.csv:[73999,74871,75351,75739,76267,76999,77503,77983,78511,79271,79887,80307,80847,81571,82367,84087,84735,85311,85763,86419,87731,88583,90167,91315,91987,92295,92859,93935,94699,94959,95315,96831,98139,99995]
resources/preprocessed/Interpolated/Andre_Squats_13_10_2020_LeftArm.csv:[60996,62746,63436,64141,64761,65321,66186,67361,67706,68126,68831,69601,69946,71586,73091,74236,75241,77146,78351,79596,80536,81266,81551,82371,83236,84571,85516,86576,87366,88301,89376,90231,92361,94046,94816,95796,96756,97411,97946,99176,99786,100531,102521,103486,104686,105606,107226,108531,109166,109701,110931,112021,113351,114501,115641,117091,118271,119241,120331,121646,122706,123101,123896,125031,126271,127021,127486,127951,128686,129366,129936,130391,131131,131811,132321,132776,133486,134136,134711,135181,135871,136561,136956,137381,138251,138951,139471,139916,140716,141401,141976,142481,143236,143861,144406,144871,145621,146271,146826,147411,148001,148551,149146,149671,150371,151016,151566,152051,152796,153431,154011,154566,155256,155916,156431,156981,157651,158256,158846]
resources/preprocessed/Interpolated/2020-07-02_14.07.33_Chest.csv:[7005,7473,8457,8729,9133,9933,10529,11241,11777,12533,13021,13757,14253,15029,15773,16521,17037,17569,18333,19089,19537,20337,20821,21633,22345,23169,23701,24509,24981,25845,26273,26849,27717,28665,29205,30133,30649,31485,32177,32477,33269,33765,34165,34529,34929,35593,35949,36209,36633,37785,38517,39193,39777,41033,41909,42489,43781,44117]
resources/preprocessed/Interpolated/2020-07-02_11.17.39_RightArm.csv:[58227,58783,59311,60015,60323,61071,62067,62807,63679,64471,65119,66171,66795,67863,68699,69531,70187,71319,72083,73083,73883,74883,75695,76695,77499,78491,79111,80367,81235,82227,83207,84119,84791,85311,86071,87071,88043,88751,89367,89927,90459,91127,91651,92495,93243,93595,94023,94763,95547,95947,96415,97223,98147,98479,98911,99775,100839,101367,102371,104055,104983,105691,106335,107799,108139]
resources/preprocessed/Interpolated/Andre_liegestuetzen3_13_10_2020_RightArm.csv:[30998,31453,32243,32773,33298,33863,34418,34913,35218,35553,36078,36613,37163,37698,38213,38748,39328,40373,40883,41413,41928,42483,43023,43698,44233,44723,44983,45408,45918,46423,46713,47168,47703,48238,48838,49473,50273,51108,51723,52443,53193,53783,54348,54858,55453,56018,56668,57323,57878,58438,59188,59908,60603,61223,61808,62688,63313,64008,64683,65498]
resources/preprocessed/Interpolated/2020-07-02_12.50.00_LeftArm.csv:[16003,16271,16995,17323,18151,18851,19487,19847,20799,21371,21867,22699,23259,23795,24339,24895,25419,25895,26387,26927,27451,27907,28351,28943,29515,29971,30435,30987,31523,31935,32379,32955,33499,33951,34435,35011,35551,36083,36639,37231,37811,38299,38795,39367,39943,40535,41151,41743,42299,42751,43207,43831,44427,44911,45419,46023,46603,47179,47787,48439,49107,49687,50291,50955,51659,52199,52783,53599,54535,55059,55595,56315,57167,57507,57807,58767,59747,60171,60543,61455,62603,62995]
resources/preprocessed/Interpolated/2020-07-02_14.20.28_Chest.csv:[61995,63263,64191,64483,64791,65459,66339,66727,67139,67543,68639,69351,69835,70359,70911,71511,72099,72691,73247,73835,74487,75127,75755,76251,77083,77679,78679,79239,79911,80663,81567,82043,82631,83099,83619,84007]
resources/preprocessed/Interpolated/2020-07-02_14.07.33_RightArm.csv:[7005,8225,8529,9149,9489,10249,10749,11497,12009,12761,13321,14121,14629,15429,15933,16745,17297,18021,18537,19277,19813,20617,21177,22005,22561,23465,23985,24741,25325,26077,26669,27477,28093,28893,29513,30381,30973,31785,32405,33221,33861,34649,35313,36137,36777,37617,38289,39177,39885,40829,41605,42573,43625,44117]
resources/preprocessed/Interpolated/Lukas_liegestuetzen1_13_10_2020_RightArm.csv:[38000,39620,40065,40850,41670,42240,42810,43500,44050,44655,45270,45795,46505,47070,47585,48165,48770,49955,50515,51005,51375,51840,52335,52895,53145,53650,54235,54770,55085,55610,56150,56630,56970,57480,57995,58450,58765,59295,59865,60405,60675,61190,61695,62190,62540,63025,63535,64005,64280,64830,65365,65760,66260,66805,67345,67800,68080,68590,69115,69685,70040,70570,71105,71635,72350,72915,73410,74090,74715,75310,75820,76390,76865,77530,78100,78615,79350,79935,80350,80670,81210,81855,82365,83995]
resources/preprocessed/Interpolated/2020-07-02_14.07.33_Belly.csv:[7005,8345,8753,9965,10577,11405,12197,12509,12897,13713,14337,15097,15581,16453,16917,17585,18173,18493,18773,19025,19453,19737,20361,20909,21717,22161,23137,23725,24421,24985,25761,26213,27137,27701,28513,29077,30037,30509,31381,31941,32609,33305,33869,34733,35565,36649,37297,37713,38537,39273,40105,40841,41425,41781,42365,42997,43357,43741,44117]
resources/preprocessed/Interpolated/Andre_liegestuetzen1_13_10_2020_RightArm.csv:[16996,18266,18741,19316,19611,19986,20591,21136,21751,22351,22881,23431,24001,24491,24821,25216,25731,26261,26861,27401,27831,28126,28596,29116,29541,30231,30711,31101,31746,32241,32681,33351,33876,34271,34931,35481,35936,36656,37096,37576,38256,38806,39796,40316,40771,41021,41456,41976,42466,43091,43616,44141,44686,45231,45816,46426,46991,47626,48101,48631,49246,49591,49906,50461,51611,52251,52976,53576,54166,54831,55096,55566,56146,56871,57236,57731,58336,59091,59481,59936,60566,61486,62271,62936,63561,64186,65096,65686,66376,66996]
resources/preprocessed/Interpolated/2020-07-02_12.50.00_RightArm.csv:[16003,16451,17063,17319,18175,18851,19487,20779,21363,22695,23267,23783,24335,24879,25427,25903,26395,26907,27443,27899,28339,28923,29523,29995,30463,30991,31539,31963,32371,32907,33491,33939,34467,34999,35555,36095,36667,37215,37811,38303,38819,39351,39963,40555,41183,41739,42319,42763,43235,43835,44459,44947,45451,46015,46627,47187,47787,48423,49131,49683,50295,50947,51679,52195,52791,53607,54531,55055,55615,56319,57191,57483,57783,58775,59787,60139,60511,61463,62667,62995]
resources/preprocessed/Interpolated/Andre_Squats2_13_10_2020_Belly.csv:[47520,48045,48890,49465,49900,50285,50745,51200,51705,52000,52535,53055,53405,53720,54165,54760,55235,55625,56125,56535,57120,57650,58090,58430,58690,59445,60040,60540,61210,61755,62405,62945,63630,64245,64780,65365,66030,66525,67295,67730,68065,69210,70420,70820,72060,72495,72825,73210,73460,74580,75025,75475,76720,77830,79070,79455,80255,81295,82095,82425,83455,84660,85225,85715,86320,87550,88580,90525,91475,91945,92445,92860,93460,93735,94765,95805,97315,98375,98825,99135,100630,102010,103055,104220,105280,106670,107490,107970,108715,109305,109935,110215,110630,111035,111645,112435,113780,114375,115115,115565,115920,116425,117460,117740,118680,119555,119995,121075,121755,122095,122625,123055,123605,124540,125205,125500,126220,127575,127945,128340,128950,130240,131455,132770,134135,135180,136080,137245,138150,139035,139715,140615,141980,143120,144205,145205,146870,148380,149450,150535,151620,152370,153150,153515,153945,154935,156275,157375,157830,158125,158800,159460,160035,160355,161200,161920,162975,163240,163535,164565,165830,166600,166875,167355,168215,169195,170625,171685,172695,172985,173460,174435,175990,176765,177390,178260,178635,178905,179410,180860,181705,182265,182625,182890,183465,184445,185860,186865,187480,187765,188545,189615,190830,191765,193200,194310,194875,195760,196575,197635,199035,199680,200325,201710,202335,203340,204100,205020,206355,207510,208890,209925,210890,212310,213285,213870]
resources/preprocessed/Interpolated/2020-07-02_12.50.00_Chest.csv:[16003,16271,16819,18111,18651,19071,19395,20087,21139,21647,22059,22491,23031,23447,23891,24451,25067,25647,26091,26559,27287,28507,29283,29763,30551,31515,32563,33403,33699,34011,34679,35507,36195,36835,37667,38035,38299,38835,39587,40019,40783,41339,42159,42539,42795,43299,44031,44575,45047,45551,46087,46703,47379,47939,48503,48951,49863,50463,51139,51759,52283,52899,53531,54411,55179,55711,56315,57555,58007,58783,60079,60419,60799,61451,61967,62343,62815]
resources/preprocessed/Interpolated/2020-07-02_13.00.09_Chest.csv:[27027,27851,28731,29191,29775,30635,31811,32439,32735,33087,33707,34339,34739,35023,35635,36287,36799,37627,38227,38583,38963,39543,40203,40719,41055,41639,42275,42911,43283,43655,44323,44659,45039,45867,46587,47267,47719,48195,48499,49059,49703,50383,51159,51755,52247,52931,53691,54555,55091,55671,56279,56619,57095,57523,57875,58627,59795,60467,61287,61759,62103,62411]
resources/preprocessed/Interpolated/2020-07-02_13.00.09_RightArm.csv:[26999,27927,28579,29019,29423,29939,30455,30815,31187,31767,32367,32723,33671,34235,34535,34915,35559,36183,36563,37455,38075,38435,38719,39435,40111,40547,41547,42255,43531,44259,44543,44883,45739,46663,47003,47295,48103,48875,49539,50327,51199,51619,52087,52883,53779,54291,54827,55611,56667,57095,57683,58567,59319,60503,61223,62411]
resources/preprocessed/Interpolated/2020-07-02_15.13.22_Chest.csv:[23003,24399,24895,25559,25931,26231,26795,27375,27871,28555,29183,29567,30491,31219,31531,31915,32603,33251,33667,33959,34507,35251,35799,36235,37003,37739,38071,38407,39163,39951,40251,40655,41471,42183,42579,42983,43931,44659,45171,45675,46619,47191,47735,48247,49515,50147,50503,50915,51687,52223,52851,53283,53795,54575,54935,55475,56163,56651,57119,58019,58839,59603,60135,60655,61443,61903,62667,63391,63999,64543,65367,66063]
resources/preprocessed/Interpolated/Andre_liegestuetzen1_13_10_2020_Belly.csv:[16996,18256,18786,19346,19741,20041,20641,21136,21431,21891,22431,23006,24011,24506,24836,25211,25811,26306,26866,27466,27841,28181,28596,29061,29996,30731,31276,31911,32476,32956,33371,33856,34336,35491,36496,37226,38106,38676,39656,40366,40791,41456,42016,43081,43581,44066,44351,44671,45361,46406,46986,47776,48661,49436,50461,51506,52276,52976,54031,54596,55151,55596,56186,56741,57376,57791,58491,59171,60471,61776,62571,62871,63406,64071,65081,65671,66386,66996]
resources/preprocessed/Interpolated/2020-07-02_15.31.36_Belly.csv:[72271,72939,73759,74335,75231,75879,77299,77947,78431,78787,79991,80719,81331,81959,82271,83187,83971,84703,84999,85555,86247,86915,87519,88303,88787,89151,89635,90079,90567,90827,91407,91843,92559,93219,93543,94071,94815,95527,96035,96515,97071,97759,98239,98783,99387,99799,100187,100911,101751,103163,104283,105479,106787,108139,109579,110819,112375,113703,113975]
resources/preprocessed/Interpolated/Jan_liegestuetzen2_13_10_2020_LeftArm.csv:[16996,17671,19401,19886,20711,21306,22061,22681,23361,23991,24656,25341,26036,26671,27351,28071,28801,29496,30186,30851,31531,32256,32986,33696,34406,35111,35956,36681,37476,38261,39161,39981,40806,41681,42641,43536,44546,45551,46791,47621,48281,48931,49736,50311,50756]
resources/preprocessed/Interpolated/2020-07-02_15.31.36_Chest.csv:[72271,73079,73799,74383,75303,76471,77719,78203,78527,78947,79243,80575,81695,82403,83055,83875,84663,85147,85431,86203,86807,87411,88139,88903,89503,90131,90959,91307,91763,92547,93243,93575,94031,94791,95479,95939,96327,97119,97811,98095,99327,100127,100619,101631,102287,102759,103151,104303,104851,105223,105735,106823,107579,107847,108239,109499,110867,111559,112071,112431,112947,113695,113975]
resources/preprocessed/Interpolated/Andre_Squats_13_10_2020_RightArm.csv:[60996,62716,63416,64141,64746,65366,66506,67406,67656,67956,68931,69521,69771,70266,71646,73141,74286,75291,76731,77016,77336,78331,79626,80691,82296,83321,84536,85661,86716,87136,88296,88826,89401,90021,92266,93666,94891,95846,97586,98626,99766,100701,101836,102196,102541,103486,104641,105701,106806,108551,109806,110936,111731,113211,114501,115936,117066,118071,118406,119311,120486,121571,122671,123906,125126,126206,126966,127471,128061,128691,129291,129901,130471,131156,131821,132331,132831,133491,134131,134686,135226,135871,136521,136961,137481,138241,138956,139471,140006,140736,141446,141976,142521,143236,143921,144451,144941,145646,146321,146876,147431,148016,148596,149186,149691,150376,151026,151576,152081,152796,153431,154031,154596,155236,155881,156456,157001,157656,158321,158871]
resources/preprocessed/Interpolated/2020-07-02_14.14.32_Chest.csv:[32019,32495,33479,34307,34635,35003,35559,36267,36875,37527,37975,38775,39507,40059,40759,41387,41975,42727,43439,44075,44591,45471,46079,46827,47415,47999,48331,48723,48987,49635,49999,50339,50799,51687,52399,53191,53803,54087,54467,55091,55567,55867,56143,56591,57011,57619,58423,58823,59643,60135,60495,60939,61811,62679,63731,64219,64579,64995]
resources/preprocessed/Interpolated/2020-07-02_15.31.36_LeftArm.csv:[72271,73119,73739,74299,75211,76247,77663,78139,79155,80731,81395,82219,83023,84015,85303,86215,86839,87679,88263,88807,89327,89831,90407,90963,91479,92139,92603,93155,93695,94267,94855,95439,96107,96639,97079,97607,98171,98859,99415,99991,100619,101203,101763,102359,102939,103775,104299,104835,105383,105867,106839,107507,108055,108867,109531,110159,110779,111567,112255,112875,113351,113699,113975]
resources/preprocessed/Interpolated/2020-07-02_15.31.36_RightArm.csv:[72271,72863,73703,74243,75615,75907,76275,76971,77807,78455,79007,80639,81303,82215,82991,84007,85387,86175,86855,87711,88243,88811,89347,89875,90399,90951,91511,92111,92619,93147,93703,94315,94831,95395,95951,96579,97027,97579,98211,98907,99411,99907,100479,101199,101775,102347,102955,103699,104283,104847,105479,106223,106851,107503,108103,108851,109535,110123,110787,111571,112255,112875,113475,113975]
resources/preprocessed/Interpolated/Andre_Squats2_13_10_2020_Chest.csv:[47500,49125,49635,50320,50785,51310,51925,52605,53085,53580,54170,54810,55290,55830,56445,57135,57650,58185,58835,59580,60060,60570,61180,61845,62400,62955,63565,64250,64765,65300,66005,67080,67795,68095,69210,70305,70790,71320,72730,74125,74610,75315,76850,77810,78265,78820,80190,81315,81750,82175,83420,85235,85970,86265,87320,88370,88960,89345,90340,91225,91885,92485,93165,93720,94570,96065,97340,98340,98840,99405,99910,100575,101600,103295,104285,105310,106415,106675,107150,108535,108930,109435,110220,111045,112215,113080,113430,114120,114555,115020,116030,117165,118670,120065,120470,120780,121755,122360,122945,123570,124210,125385,125970,126805,127435,128310,128855,129435,130300,131700,132720,133765,135070,136270,137270,138540,139795,141160,141985,142965,144455,145965,146895,147945,149295,150820,152080,152695,154085,155575,156360,157385,158270,158640,159475,159745,160220,160970,162190,163180,163615,164815,165780,166475,166925,167430,168185,169225,169720,170020,170715,171660,173815,174655,175105,175935,176770,177080,177445,178130,178845,180000,180890,181740,182185,183005,183470,184965,185860,186710,187020,187335,188050,189960,190885,191675,192915,193510,194780,195685,196560,198295,199145,199955,200625,201000,201530,202360,203145,204285,205045,206560,207830,209150,209960,211330,212595,213990]
resources/preprocessed/Interpolated/2020-07-02_14.07.33_LeftArm.csv:[7005,8301,8573,9121,9449,10269,10785,11493,11993,12761,13329,14117,14633,15417,15941,16265,16773,17285,18001,18545,19253,19813,20617,21185,21993,22569,23453,23989,24701,25309,26061,26673,27477,28085,28861,29473,30345,30961,31737,32373,33157,33805,34585,35261,36073,36737,37561,38233,39105,39841,40789,41509,42477,43417,44117]
resources/preprocessed/Interpolated/Andre_Squats2_13_10_2020_RightArm.csv:[47500,49010,49575,50160,50790,51380,51915,52490,53060,53570,54160,54755,55295,55840,56425,57020,57590,58130,58780,59375,60005,60620,61180,61755,62345,62955,63545,64130,64730,65310,66005,66935,68995,70250,72920,74430,76420,78035,80050,81805,83405,85060,87055,88620,89230,90455,92375,93720,94405,95450,95950,96460,97460,97990,98265,99400,100845,102490,103045,103655,105055,105850,106395,108040,109255,109925,110695,111230,112145,112975,113325,113670,114055,115050,116025,116755,117200,117685,118320,119270,120215,120845,121415,122085,122760,123780,124310,125365,126220,126855,127505,128895,130145,131535,132590,133605,134990,136000,137290,138455,139515,140495,141895,143320,144360,145340,146755,147970,149330,150350,151450,152360,153815,154970,156245,157465,158550,159550,160100,160510,161160,162080,163575,164480,165875,167350,168260,169315,170780,171625,172060,173700,174485,175940,177340,178560,179340,180800,182165,183250,184235,185795,187235,188285,189260,190740,191990,193170,194300,195540,196790,197840,198950,199680,200835,201260,201730,202475,203430,205060,206550,207405,208770,209885,211225,212370,213180,213965]
resources/preprocessed/Interpolated/Andre_liegestuetzen1_13_10_2020_LeftArm.csv:[16996,18176,18761,19401,19951,20621,21631,22331,23226,23986,24606,25136,25741,26711,27351,27841,28156,28526,29106,30081,30701,31181,31691,32246,33246,33826,34826,35466,36461,37106,38076,38746,39611,40321,41366,41956,43081,43661,44736,45296,45886,46461,47026,48016,48721,49921,50511,51521,52276,53466,54216,54901,55521,56171,56966,57241,57661,58386,59191,59491,59816,60601,61666,62291,62901,63571,64736,65131,65646,66366,66996]
resources/preprocessed/Interpolated/2020-07-02_13.00.09_LeftArm.csv:[26999,27947,28603,29027,29471,29991,30467,30815,31183,31795,32359,32679,33039,33663,34207,34599,34963,35567,36171,36535,36827,37519,38127,38579,39471,40103,40507,40827,41551,42223,42635,43575,44263,44599,44915,45767,46663,47059,47331,48131,48791,49087,49591,50363,51183,51639,52111,52935,53791,54311,54855,55627,56671,57127,57675,58595,59359,59643,60495,61207,62411]
resources/preprocessed/Interpolated/Andre_liegestuetzen3_13_10_2020_LeftArm.csv:[30998,31493,32268,32783,33703,34408,35053,36068,36998,37703,38648,39343,40313,40933,41888,42513,43563,44233,45258,45928,46498,47103,47703,48778,49518,51048,51698,52923,53803,54653,54953,55453,56028,57033,57368,57888,58498,59183,59923,60608,61208,61923,62733,63328,64083,64888,65468]
resources/preprocessed/Interpolated/Lukas_liegestuetzen1_13_10_2020_LeftArm.csv:[38000,38325,38670,39565,40065,40930,41700,42280,42840,43510,44600,45280,46475,47050,48130,48770,49940,50540,51060,51310,51815,52365,52985,53625,54240,54800,55070,55590,56160,56745,57445,58030,59205,59855,60490,61125,61685,62210,62525,62990,63545,64050,64805,65405,65835,66250,66795,67370,67875,68530,69175,69750,70030,70545,71150,71685,72320,72950,74065,74730,75835,76445,77530,78155,78695,79355,79945,80470,81180,81870,82745,83170,83995]
resources/preprocessed/Interpolated/Andre_Squats2_13_10_2020_LeftArm.csv:[47500,49000,49585,50245,50825,51360,51900,52515,53070,53580,54165,54760,55290,55810,56420,57055,57600,58130,58810,59435,60000,60560,61165,61770,62320,62880,63540,64150,64685,65195,65890,66740,67060,67320,69125,70490,71915,72285,72790,74350,75560,76390,77930,80055,81485,83405,84980,87110,88720,90435,92410,94375,95385,97605,98020,99410,101055,102735,103410,104435,105740,106295,106820,108065,109055,109350,109945,110985,111380,112030,112690,113200,113650,114240,114570,115290,116680,117790,118425,119200,119725,120620,121455,122330,123400,123875,125335,126145,126565,127265,127890,128790,130085,131495,132630,133475,134955,136070,137215,138310,139625,140530,141910,143325,144360,145465,145715,146780,147995,149295,150415,151390,152180,153930,155055,156380,157500,158320,159770,160170,160505,161210,161925,162175,163010,164630,164945,165705,166560,167150,167460,168465,169240,169915,170220,170695,171830,172265,173330,174750,175805,177420,178720,179445,180755,181800,183290,184315,185760,187080,188495,189200,190420,191475,193215,194390,195525,196565,197975,199070,199770,200465,201460,201810,202545,203465,204800,205845,206380,207415,209140,209860,210750,211635,212520,213315,213995]
resources/preprocessed/Interpolated/Andre_Squats_13_10_2020_Belly.csv:[60996,62456,63491,64091,64676,65186,65701,66666,67141,67446,68046,68941,69711,70676,70956,71981,73066,74561,75381,77596,78441,79556,80581,81251,81971,82591,83341,84626,85431,86186,86646,87606,88326,89606,90606,91241,91536,92521,93501,94666,95546,96341,96726,97491,98791,99706,100621,101286,101721,102626,103501,104866,105721,106426,107561,108601,109706,110726,112171,113351,114616,115556,117096,118386,119436,120471,120951,121236,122066,122816,124006,124806,125566,126116,126441,127036,127651,128366,128826,129366,129986,130516,131251,131816,132451,133061,133646,134201,134751,135301,136001,136556,137141,137726,138396,138916,139551,140246,140871,141416,142041,142571,143316,143886,144466,144956,145211,145726,146316,146936,147681,148076,148536,149201,149811,150466,151041,151596,152181,152861,153456,154121,154841,155306,155861,156501,157136,157741,158321,158956]
resources/preprocessed/Interpolated/Andre_liegestuetzen2_13_10_2020_Chest.csv:[39996,40621,41561,42606,43321,43636,44526,44891,45961,46576,47196,47776,48376,49391,49891,50966,51596,52066,52776,53321,53761,54441,55046,55561,56721,57196,57656,58191,58666,59051,59371,59916,60426,60781,61181,61806,62276,62906,63466,64021,64716,65331,65611,66356,66746,67056,67476,68066,68696,69166,70146,70691,71086,71861,72706,73111,73526,74101,74806,75336,75751,76256,76736,77221,77586,78021,78596,79566,79951]
resources/preprocessed/Interpolated/Andre_liegestuetzen2_13_10_2020_LeftArm.csv:[39996,40936,41606,42671,43336,44186,44901,45856,46531,47571,48261,49241,49976,50901,51586,52661,53316,54356,55061,56141,56846,58076,58686,59791,60471,61641,62316,62996,63666,64306,65021,65546,66291,67041,67311,67736,68436,69296,69571,70036,70646,71256,71701,72411,73121,73821,74166,74626,75136,75836,76621,77146,77671,78276,79101,79836]
resources/preprocessed/Interpolated/Lukas_liegestuetzen3_13_10_2020_LeftArm.csv:[10996,11736,12371,12921,14166,14771,15696,16236,16901,17431,18071,18746,19411,20046,20876,21551,22341,22996,23731,24486,25301,26206,27046,28796]
resources/preprocessed/Interpolated/Andre_liegestuetzen1_13_10_2020_Chest.csv:[16996,18026,18526,18821,19816,20676,21601,22356,23076,24006,25056,25821,26731,27446,28386,29141,30271,30846,31731,32341,33271,33886,34891,35531,36471,37161,38116,38811,39751,40416,41431,42021,43101,43656,44676,45326,46376,47016,47996,48701,49821,50471,50941,51611,52281,52806,53576,54201,54676,55021,55526,56166,56751,57121,57556,58366,59736,60541,61151,61676,62051,62731,63571,64091,64841,65546,66361,66861]
resources/preprocessed/Interpolated/Andre_liegestuetzen2_13_10_2020_RightArm.csv:[39996,41126,41636,42211,42731,43311,43776,44301,44901,45391,45976,46541,47016,47301,47751,48301,48821,49396,49961,50456,51021,51601,52136,52796,53301,53811,54476,55066,55626,55881,56281,56776,57376,57681,58166,58676,59261,59916,60436,61076,61756,62311,62996,63266,63751,64251,64906,65246,65681,66326,66986,67356,67826,68431,69176,69601,70101,70656,71166,71951,72556,73166,73796,74611,75231,75851,76856,77631,78326,79081,79776]
resources/preprocessed/Interpolated/2020-07-02_12.50.00_Belly.csv:[16003,17007,18067,18575,19299,19835,20159,20463,21167,21819,22623,23143,23827,24443,25163,25971,26875,27875,28451,28947,29419,29979,30519,31943,32907,33959,34883,36091,36739,37335,37767,38331,39003,39607,39891,40611,41463,41919,42755,43443,43947,44351,44935,45571,46139,46423,47155,48299,49707,50323,50967,51559,52179,52803,53459,54419,55087,55659,56487,57135,57515,57799,58131,58719,59287,59747,60263,60879,61299,61575,62155,62607,62995]
resources/preprocessed/Interpolated/Andre_liegestuetzen3_13_10_2020_Belly.csv:[30998,31278,32093,32728,33268,34343,34858,35303,35633,36088,36548,36973,37568,38143,39063,39708,40713,41258,41548,42408,43048,43643,44233,44703,45213,45823,46323,46703,47128,47623,48098,48438,49458,50613,51698,52213,52538,52953,53743,54463,54973,55338,55953,56513,57128,58283,59618,60258,60788,61283,61883,62718,63088,63828,64683,64993,65393]
resources/preprocessed/Interpolated/Andre_Squats_13_10_2020_Chest.csv:[60996,62626,63441,64236,64701,65261,65911,66266,66626,68006,68911,69691,71636,73626,74366,75066,75646,77441,78976,79681,80581,81406,81891,82446,83176,83496,84056,84696,85386,86391,86986,87471,88101,88436,88976,89756,90631,91431,91816,92481,93541,93836,94106,94746,95441,97661,98461,98851,99236,99851,100701,101551,102141,102706,104091,104801,105716,107511,108421,109126,109801,110816,111876,113096,113431,113971,114626,115541,116521,116796,117331,118576,119346,120126,120516,121951,123271,123996,124706,126256,127116,127706,128181,128821,129491,129966,130441,131181,131886,132501,133046,133591,134261,134776,135301,135946,136636,137186,137701,138336,139011,139601,140216,140801,141511,142081,142641,143296,144001,144516,144986,145691,146386,146906,147546,148046,148676,149216,149761,150391,151056,151606,152131,152821,153511,154066,154661,155271,155941,156476,157096,157696,158396,158961]
resources/preprocessed/Interpolated/Jan_liegestuetzen1_13_10_2020_LeftArm.csv:[84915,86130,87260,88890,89950,90840,91385,92565,94135,94520,95165,96520,98080,98520,99175,100495,102050,102750,103275,104320,105930,106265,106985,108070,109805,110130,110580,111980,113755,114140,114585,116010,117720,118075,118535,119830,120510,121840,122285,122825,123775,124715,125865,127690,129495,129955,130440,131540,133835,135225,137830,139065,139995,140285,141395,142880,144580,144875,145305,146820,149045,149810,150075,150415,150880,151330,151970,153215,154435,156510,156780,157265,158515,159245,159795,161455,163030,163545,163945,165790,166735,167435,167805,169110,170120,170795,171460,171760,172735,173865,174605,176635,177660,179320,179780,181135,182150,182520,183215,183995]
