resources/preprocessed/Interpolated/Lukas_liegestuetzen3_13_10_2020_RightArm.csv:[11786,14186,16901,20896,23711,27086]
resources/preprocessed/Interpolated/Lukas_liegestuetzen3_13_10_2020_Chest.csv:[11026,14016,18006,21676,25101,28646]
resources/preprocessed/Interpolated/Lukas_liegestuetzen3_13_10_2020_Belly.csv:[11056,13521,16926,23321,26166]
resources/preprocessed/Interpolated/Lukas_liegestuetzen2_13_10_2020_RightArm.csv:[36540,41780,45070,50165,56630,61900,64480,67620,69885,73070]
resources/preprocessed/Interpolated/Lukas_liegestuetzen2_13_10_2020_LeftArm.csv:[36565,39175,43210,46695,50765,56630,61885,64455,67605,69880,73510]
resources/preprocessed/Interpolated/Lukas_liegestuetzen2_13_10_2020_Chest.csv:[36570,39195,42780,45045,48215,52880,55830,61000,66025,70035,73995]
resources/preprocessed/Interpolated/Lukas_liegestuetzen2_13_10_2020_Belly.csv:[36000,38660,41860,44900,48290,52400,55060,61605,64365,66820,72050]
resources/preprocessed/Interpolated/Lukas_liegestuetzen1_13_10_2020_Belly.csv:[38710,41175,46370,51195,54555,60155,62895,68160,72710,75260,78275,82115]
resources/preprocessed/Interpolated/Jan_liegestuetzen3_13_10_2020_RightArm.csv:[34230,37660,40535,44765,52680,55625]
resources/preprocessed/Interpolated/Jan_liegestuetzen3_13_10_2020_LeftArm.csv:[34865,37650,40525,44065,46865,51770,55550]
resources/preprocessed/Interpolated/Jan_liegestuetzen3_13_10_2020_Belly.csv:[34000,38525,42075,45695,50505,54845]
resources/preprocessed/Interpolated/Jan_liegestuetzen2_13_10_2020_RightArm.csv:[17041,23381,26041,30176,33026,36691,40816,44536,50781]
resources/preprocessed/Interpolated/Jan_liegestuetzen2_13_10_2020_Chest.csv:[16996,20571,23336,26736,30131,35876,42626,46821,49376]
resources/preprocessed/Interpolated/Jan_liegestuetzen2_13_10_2020_Belly.csv:[16996,20126,23521,28311,31091,37596,40961,46051,48711]
resources/preprocessed/Interpolated/2020-07-02_14.59.59_LeftArm.csv:[74495,77527,79879,82151,84007,86375,88775,91307,93959,96783,99767]
resources/preprocessed/Interpolated/Andre_liegestuetzen2_13_10_2020_Belly.csv:[39996,48241,51586,55046,62836,66131,71126,73811,76791,79996]
resources/preprocessed/Interpolated/Jan_liegestuetzen1_13_10_2020_RightArm.csv:[84900,87715,91370,95275,99215,101975,104305,106995,109775,112075,114620,118700,121845,125835,130355,133410,138085,141650,144675,149265,153510,157345,161770,165940,169125,172755,176755,181195]
resources/preprocessed/Interpolated/2020-07-02_14.59.59_Chest.csv:[73999,77079,79775,81635,84079,86939,88959,91363,94015,97011,99527]
resources/preprocessed/Interpolated/2020-07-02_15.13.22_Belly.csv:[23219,30711,32699,35239,37675,40907,43039,46727,49511,52303,55351,57255,60739,64667]
resources/preprocessed/Interpolated/2020-07-02_15.13.22_RightArm.csv:[23251,25571,29075,31111,33247,35335,37591,39779,44607,47279,49455,52251,55983,58771,62567,66095]
resources/preprocessed/Interpolated/Lukas_liegestuetzen1_13_10_2020_Chest.csv:[38700,41730,44630,48700,55375,59880,62720,68855,72775,77335,83010]
resources/preprocessed/Interpolated/Jan_liegestuetzen1_13_10_2020_Chest.csv:[84900,87405,90625,94480,98930,103055,106940,110090,114035,118375,124430,128675,131925,135470,139395,143045,146830,152825,156730,161075,165715,168965,172620,176435,179240,183325]
resources/preprocessed/Interpolated/2020-07-02_14.20.28_RightArm.csv:[62035,66539,70531,75255,81591,83819]
resources/preprocessed/Interpolated/2020-07-02_14.20.28_Belly.csv:[61995,67231,69479,74027,77975,82087,84007]
resources/preprocessed/Interpolated/2020-07-02_14.14.32_RightArm.csv:[32003,35159,40199,44887,47599,51247,54127,57967,61391,63447]
resources/preprocessed/Interpolated/2020-07-02_15.13.22_LeftArm.csv:[23267,25611,28615,30623,32679,34779,37011,39851,42095,44607,46691,49479,52223,55243,58711,62483,66095]
resources/preprocessed/Interpolated/2020-07-02_14.14.32_Belly.csv:[32003,35707,38303,41895,45323,47475,51387,55583,59135,61607,64059]
resources/preprocessed/Interpolated/2020-07-02_14.59.59_RightArm.csv:[74515,77499,79799,82215,84031,86391,88791,91315,93975,96811,99695]
resources/preprocessed/Interpolated/Jan_liegestuetzen3_13_10_2020_Chest.csv:[36110,41930,47585,50100,52700,55710]
resources/preprocessed/Interpolated/2020-07-02_14.20.28_LeftArm.csv:[61995,65995,68807,74603,81515,83431]
resources/preprocessed/Interpolated/2020-07-02_13.00.09_Belly.csv:[27859,29779,32283,36883,38895,41611,45163,47447,49707,52103,54919,57175,59491]
resources/preprocessed/Interpolated/2020-07-02_14.14.32_LeftArm.csv:[32315,35159,38179,40183,43463,46991,50379,54055,58787,61299,63399]
resources/preprocessed/Interpolated/2020-07-02_11.17.39_Belly.csv:[58971,61051,64439,66523,68679,70583,75299,79475,81443,85139,87099,89303,93727,96083,98043,99903,101795,104419,107343]
resources/preprocessed/Interpolated/Andre_liegestuetzen3_13_10_2020_Chest.csv:[31423,34628,38688,44178,51733,55058,59423,62578,65498]
resources/preprocessed/Interpolated/2020-07-02_11.17.39_Chest.csv:[58227,61023,63991,67459,69587,74367,78527,81707,84143,88051,90547,94163,96487,99127,101623,104367,106615]
resources/preprocessed/Interpolated/Jan_liegestuetzen1_13_10_2020_Belly.csv:[85525,88815,92205,97905,100295,104240,107090,111040,115055,118920,125365,130765,134455,138205,141795,144195,146595,149480,153610,157580,160000,162860,166085,169440,173050,175305,181400,183995]
resources/preprocessed/Interpolated/2020-07-02_11.17.39_LeftArm.csv:[58227,61059,64499,70111,74911,78511,82867,84799,88735,91099,94787,97239,99767,102371,105007,107819]
resources/preprocessed/Interpolated/2020-07-02_14.59.59_Belly.csv:[73999,76267,79271,81571,84087,86419,88583,91315,93935,96831,99995]
resources/preprocessed/Interpolated/Andre_Squats_13_10_2020_LeftArm.csv:[60996,66186,71586,75241,78351,82371,86576,92361,95796,99176,102521,107226,110931,117091,121646,126271,128686,131131,136561,138951,141401,143861,148551,151016,153431,157651]
resources/preprocessed/Interpolated/2020-07-02_14.07.33_Chest.csv:[7473,10529,13757,15773,18333,22345,26273,28665,31485,36633,39777,43781]
resources/preprocessed/Interpolated/2020-07-02_11.17.39_RightArm.csv:[58227,61071,64471,68699,72083,74883,78491,81235,83207,88751,91651,94763,97223,99775,102371,104983,107799]
resources/preprocessed/Interpolated/Andre_liegestuetzen3_13_10_2020_RightArm.csv:[31453,33863,40373,44233,47168,49473,55453,57878,60603,63313]
resources/preprocessed/Interpolated/2020-07-02_12.50.00_LeftArm.csv:[16271,19487,21371,23259,25419,27451,29515,31523,33499,35551,37811,39943,42299,44427,46603,49107,50955,53599,56315,58767,61455]
resources/preprocessed/Interpolated/2020-07-02_14.20.28_Chest.csv:[61995,67543,71511,74487,78679,80663,82631]
resources/preprocessed/Interpolated/2020-07-02_14.07.33_RightArm.csv:[7209,10249,12761,15429,17297,19813,22561,25325,29513,31785,34649,36777,40829,43625]
resources/preprocessed/Interpolated/Lukas_liegestuetzen1_13_10_2020_RightArm.csv:[38000,41670,45270,48770,53650,59865,64830,71105,74715,77530,81210,83995]
resources/preprocessed/Interpolated/2020-07-02_14.07.33_Belly.csv:[7197,10577,12897,15581,17585,20361,23137,24985,27137,29077,31941,35565,38537,40841,43741]
resources/preprocessed/Interpolated/Andre_liegestuetzen1_13_10_2020_RightArm.csv:[16996,19986,25731,33351,38256,41976,46991,51611,56146,62271,65686]
resources/preprocessed/Interpolated/2020-07-02_12.50.00_RightArm.csv:[16451,19487,21363,23267,25427,27443,29523,31539,33491,35555,37811,39963,42319,44459,46627,49131,50947,53607,56319,58775,61463]
resources/preprocessed/Interpolated/Andre_Squats2_13_10_2020_Belly.csv:[48045,52535,55235,57650,61755,64245,69210,72060,74580,77830,80255,83455,87550,90525,94765,97315,103055,109305,113780,116425,118680,121075,123605,126220,131455,136080,140615,145205,149450,153150,159460,164565,169195,174435,179410,184445,190830,196575,200325,204100,209925]
resources/preprocessed/Interpolated/2020-07-02_12.50.00_Chest.csv:[16271,18111,21139,24451,27287,29283,32563,34679,36835,38835,40783,43299,45551,47379,49863,52899,55711,58007,60799]
resources/preprocessed/Interpolated/2020-07-02_13.00.09_Chest.csv:[27027,30635,33707,35635,37627,39543,42275,44323,46587,49059,52931,57095,60467]
resources/preprocessed/Interpolated/2020-07-02_13.00.09_RightArm.csv:[27927,31767,33671,36183,38075,40111,42255,45739,48103,50327,52883,55611,57683,61223]
resources/preprocessed/Interpolated/2020-07-02_15.13.22_Chest.csv:[23135,27375,30491,32603,35251,37739,40655,42983,45675,48247,50915,53795,57119,60655,64543]
resources/preprocessed/Interpolated/Andre_liegestuetzen1_13_10_2020_Belly.csv:[16996,19346,23006,25811,29996,34336,39656,42016,45361,50461,56741,59171,61776,66386]
resources/preprocessed/Interpolated/2020-07-02_15.31.36_Belly.csv:[72939,78987,83187,86915,89635,91843,94071,97759,100911,103163,105479,108139,110819,113703]
resources/preprocessed/Interpolated/Jan_liegestuetzen2_13_10_2020_LeftArm.csv:[17671,21306,23991,27351,31531,35111,37476,40806,43536,49736]
resources/preprocessed/Interpolated/2020-07-02_15.31.36_Chest.csv:[73079,77719,80575,83055,86807,89503,91763,94791,97119,99327,101631,104303,106823,109499,111559,113695]
resources/preprocessed/Interpolated/Andre_Squats_13_10_2020_RightArm.csv:[60996,67956,71646,75291,80691,83321,85661,90021,93666,97586,100701,105701,115936,121571,126206,131156,133491,137481,140006,143236,145646,148596,151026,154596,157001]
resources/preprocessed/Interpolated/2020-07-02_14.14.32_Chest.csv:[32495,36267,39507,41387,44591,48723,51687,54467,57619,59643,61811,64995]
resources/preprocessed/Interpolated/2020-07-02_15.31.36_LeftArm.csv:[73119,75211,79155,82219,86839,88807,90963,93155,95439,97607,99415,101763,104299,106839,109531,112255]
resources/preprocessed/Interpolated/2020-07-02_15.31.36_RightArm.csv:[72863,76971,82991,86855,88811,90951,94831,97579,99411,101775,104283,106851,109535,112255]
resources/preprocessed/Interpolated/Andre_Squats2_13_10_2020_Chest.csv:[47500,54810,58835,61180,63565,66005,69210,72730,75315,78820,82175,85235,88370,92485,96065,101600,104285,107150,110220,116030,118670,121755,125385,130300,136270,141160,145965,149295,154085,160220,164815,169225,171660,175105,180000,184965,189960,193510,196560,199955,203145,209150,212595]
resources/preprocessed/Interpolated/2020-07-02_14.07.33_LeftArm.csv:[7173,10269,13329,15417,19813,22569,25309,29473,33157,36737,40789,43417]
resources/preprocessed/Interpolated/Andre_Squats2_13_10_2020_RightArm.csv:[47500,50160,55840,58780,63545,66005,68995,72920,76420,80050,83405,87055,90455,94405,97460,100845,103655,108040,110695,115050,119270,123780,128895,134990,139515,143320,149330,153815,157465,164480,168260,170780,175940,180800,183250,185795,188285,193170,197840,202475,206550,211225]
resources/preprocessed/Interpolated/Andre_liegestuetzen1_13_10_2020_LeftArm.csv:[16996,19951,23986,29106,34826,38076,43081,48016,51521,56171,60601,62901,65646]
resources/preprocessed/Interpolated/2020-07-02_13.00.09_LeftArm.csv:[27947,31795,34207,36171,38127,40103,42223,45767,48131,50363,52935,54855,57675,61207]
resources/preprocessed/Interpolated/Andre_liegestuetzen3_13_10_2020_LeftArm.csv:[31493,34408,36998,41888,44233,48778,52923,57888,61923]
resources/preprocessed/Interpolated/Lukas_liegestuetzen1_13_10_2020_LeftArm.csv:[38000,40930,44600,48770,53625,56160,59855,64805,69175,72950,77530,81180,83995]
resources/preprocessed/Interpolated/Andre_Squats2_13_10_2020_LeftArm.csv:[47500,52515,56420,58810,61165,63540,65890,69125,72790,76390,80055,83405,87110,90435,94375,97605,101055,103410,106820,109945,115290,119725,123875,128790,133475,136070,139625,143325,149295,153930,158320,161210,164630,169240,171830,174750,177420,183290,185760,189200,193215,196565,199070,204800,207415,212520]
resources/preprocessed/Interpolated/Andre_Squats_13_10_2020_Belly.csv:[60996,64091,68046,71981,74561,78441,83341,88326,93501,97491,103501,108601,113351,118386,122816,127651,132451,136556,139551,142041,144466,146936,151596,154121,156501,158956]
resources/preprocessed/Interpolated/Andre_liegestuetzen2_13_10_2020_Chest.csv:[39996,45961,48376,51596,55046,60426,64716,69166,73526,76256,78596]
resources/preprocessed/Interpolated/Andre_liegestuetzen2_13_10_2020_LeftArm.csv:[39996,44186,46531,49241,51586,54356,56846,61641,67736,73121,75836,79101]
resources/preprocessed/Interpolated/Lukas_liegestuetzen3_13_10_2020_LeftArm.csv:[11736,14166,18071,23731,27046]
resources/preprocessed/Interpolated/Andre_liegestuetzen1_13_10_2020_Chest.csv:[16996,21601,25056,27446,33271,35531,38116,42021,46376,50471,53576,56166,59736,63571,66361]
resources/preprocessed/Interpolated/Andre_liegestuetzen2_13_10_2020_RightArm.csv:[39996,42731,45976,48301,51601,55066,58676,62311,66326,70656,76856]
resources/preprocessed/Interpolated/2020-07-02_12.50.00_Belly.csv:[17007,21167,23827,25971,27875,29979,31943,33959,36091,38331,40611,42755,44935,47155,49707,52179,55087,60263,62995]
resources/preprocessed/Interpolated/Andre_liegestuetzen3_13_10_2020_Belly.csv:[30998,34343,37568,42408,49458,57128,60258,63828]
resources/preprocessed/Interpolated/Andre_Squats_13_10_2020_Chest.csv:[60996,64236,68006,71636,77441,80581,84056,86391,88976,92481,95441,98461,101551,104091,107511,110816,113971,118576,121951,127116,129491,131886,134261,136636,139011,141511,144001,148676,151056,153511,155941,158396]
resources/preprocessed/Interpolated/Jan_liegestuetzen1_13_10_2020_LeftArm.csv:[84915,87260,91385,95165,99175,102050,104320,106985,110580,113755,116010,119830,122825,125865,129495,133835,137830,141395,145305,149045,151330,154435,157265,161455,165790,169110,172735,176635,181135]
