resources/preprocessed/Interpolated/Lukas_liegestuetzen3_13_10_2020_RightArm.csv:[11786,14186,16901,20896,23711,25351,27086,28756]
resources/preprocessed/Interpolated/Lukas_liegestuetzen3_13_10_2020_Chest.csv:[11026,14016,18006,21676,24391,26866,28646]
resources/preprocessed/Interpolated/Lukas_liegestuetzen3_13_10_2020_Belly.csv:[11056,13521,15446,19081,23321,26166,27846]
resources/preprocessed/Interpolated/Lukas_liegestuetzen2_13_10_2020_RightArm.csv:[36540,39130,41780,43865,45645,47305,49050,50775,55705,58345,60025,61900,63830,66405,69885,73070]
resources/preprocessed/Interpolated/Lukas_liegestuetzen2_13_10_2020_LeftArm.csv:[36565,39175,40770,43210,45645,47360,50765,54095,56630,58360,60015,61885,63845,66445,69880,71980,73510]
resources/preprocessed/Interpolated/Lukas_liegestuetzen2_13_10_2020_Chest.csv:[36570,39195,41725,45045,48215,50700,52880,55830,61000,64715,66730,69380,71995,73995]
resources/preprocessed/Interpolated/Lukas_liegestuetzen2_13_10_2020_Belly.csv:[36000,38660,41270,43920,45575,48290,52400,55060,57255,59905,61605,63485,66820,69040,72050]
resources/preprocessed/Interpolated/Lukas_liegestuetzen1_13_10_2020_Chest.csv:[38700,41730,44630,48700,50565,52400,55375,57970,59880,62720,64835,68855,72775,75175,77335,79500,81605,83965]
resources/preprocessed/Interpolated/Lukas_liegestuetzen1_13_10_2020_Belly.csv:[38710,41175,46370,48295,50270,53760,55575,59185,62895,64905,66885,69450,72710,75260,78275,82115]
resources/preprocessed/Interpolated/Jan_liegestuetzen3_13_10_2020_RightArm.csv:[34230,37660,40535,42625,44765,46850,49230,50955,52680,54650,56880]
resources/preprocessed/Interpolated/Jan_liegestuetzen3_13_10_2020_LeftArm.csv:[34865,37650,40525,44065,46865,50015,51770,53600,55550]
resources/preprocessed/Interpolated/Jan_liegestuetzen3_13_10_2020_Belly.csv:[34000,38525,42075,45695,47725,50505,52855,54845,56445]
resources/preprocessed/Interpolated/Jan_liegestuetzen2_13_10_2020_RightArm.csv:[17041,23381,26041,28086,30176,33026,36691,38216,39951,41641,43461,45526,47676,50781]
resources/preprocessed/Interpolated/Jan_liegestuetzen2_13_10_2020_Chest.csv:[16996,20571,23336,26736,30131,35876,39161,40801,42626,44571,46821,49376]
resources/preprocessed/Interpolated/Jan_liegestuetzen2_13_10_2020_Belly.csv:[16996,20126,23521,25651,28311,30296,33131,36956,40281,42076,43896,46051,48711,50841]
resources/preprocessed/Interpolated/Andre_liegestuetzen3_13_10_2020_RightArm.csv:[31453,33863,36078,38748,40373,42483,44233,45918,47703,49473,51108,53193,55453,57878,59908,63313]
resources/preprocessed/Interpolated/2020-07-02_14.20.28_RightArm.csv:[62035,66539,70531,75255,77155,78607,80967,82771]
resources/preprocessed/Interpolated/2020-07-02_14.20.28_Belly.csv:[61995,64131,67231,68655,71247,74027,77339,79411,80979,82731,84007]
resources/preprocessed/Interpolated/2020-07-02_14.14.32_RightArm.csv:[32003,35159,36903,40199,41587,42927,44331,45731,47039,48463,49827,51247,52687,54127,55551,57231,58839,60647,62703,64995]
resources/preprocessed/Interpolated/2020-07-02_15.13.22_LeftArm.csv:[23267,25611,27291,28615,30623,32679,34779,37011,39851,42095,44607,46691,49479,52223,55243,58711,60159,62483,64079,66095]
resources/preprocessed/Interpolated/2020-07-02_14.14.32_Belly.csv:[32003,33335,35707,38303,40327,41895,44499,45839,47475,49475,51387,53719,55583,57411,59135,61607,64059]
resources/preprocessed/Interpolated/2020-07-02_14.59.59_RightArm.csv:[74515,77499,79799,81591,84031,86391,88791,91315,93975,96811,99695]
resources/preprocessed/Interpolated/2020-07-02_14.20.28_Chest.csv:[61995,63263,64791,67543,71511,74487,76251,77679,79911,82043,84007]
resources/preprocessed/Interpolated/2020-07-02_14.07.33_RightArm.csv:[7209,10249,12761,15429,17297,19277,20617,22005,23985,25325,26669,28093,29513,30973,32405,33861,35313,36777,38289,39885,41605,43625]
resources/preprocessed/Interpolated/Lukas_liegestuetzen1_13_10_2020_RightArm.csv:[38000,41670,43500,45270,47070,48770,50515,52335,54235,56150,57995,59865,61695,63535,66260,68590,70570,72350,74090,75820,77530,79350,81210,83995]
resources/preprocessed/Interpolated/2020-07-02_14.07.33_Belly.csv:[7197,9965,11405,12897,15581,17585,20361,21717,23137,24985,27137,28513,30037,31941,33305,34733,36649,38537,40105,42365,43741]
resources/preprocessed/Interpolated/2020-07-02_13.00.09_RightArm.csv:[27927,29939,31767,33671,35559,37455,39435,41547,43531,45739,48103,49539,51199,52883,55611,57683,60503,62411]
resources/preprocessed/Interpolated/Jan_liegestuetzen3_13_10_2020_Chest.csv:[34900,36855,41930,47585,49205,50955,52700,54650,56995]
resources/preprocessed/Interpolated/2020-07-02_14.20.28_LeftArm.csv:[61995,65995,68807,74603,77139,78563,80091,81515,82727]
resources/preprocessed/Interpolated-Revised/Jan_liegestuetzen1_13_10_2020_edited_Belly.csv:[72001,76515,78988,81695,84293,86215,88107,90509,92436,94473,97852,100399,102151,104083,106050,108838,110885,114368]
resources/preprocessed/Interpolated/2020-07-02_12.50.00_LeftArm.csv:[16271,19487,20799,22699,24895,26927,28943,30987,32955,35551,37231,39943,42299,43831,46603,48439,50955,53599,56315,58767,61455]
resources/preprocessed/Interpolated/2020-07-02_13.00.09_Chest.csv:[27027,29775,31811,33707,35635,37627,39543,41639,42911,44323,45867,49059,50383,52247,53691,57095,58627,60467,62103]
resources/preprocessed/Interpolated/2020-07-02_12.50.00_Chest.csv:[16271,18111,20087,24451,26559,28507,30551,32563,34679,36195,37667,40783,43299,45551,47379,49863,52899,55179,58007,60799,62815]
resources/preprocessed/Interpolated-Revised/Jan_liegestuetzen1_13_10_2020_edited_LeftArm.csv:[72291,74368,76235,78262,81425,83417,86065,89208,91060,94303,97721,100890,102726,104658,106911,109028,112771,114813]
resources/preprocessed/Interpolated-Revised/Jan_liegestuetzen1_13_10_2020_edited_RightArm.csv:[72276,76250,78858,81460,84088,88622,93637,97026,99288,101790,103452,105524,107721,109964,112681]
resources/preprocessed/Interpolated/Andre_Squats2_13_10_2020_Belly.csv:[48045,50285,52535,54760,57120,59445,61755,64245,67295,69210,70820,74580,76720,80255,83455,86320,88580,90525,93460,95805,97315,100630,103055,105280,107490,109305,111645,113780,115920,118680,121075,123605,126220,128950,131455,134135,136080,138150,139715,141980,144205,146870,149450,153150,154935,157375,159460,161200,163535,165830,168215,170625,173460,175990,179410,182265,184445,186865,188545,190830,193200,195760,197635,200325,203340,205020,207510,209925,212310]
resources/preprocessed/Interpolated/2020-07-02_13.00.09_Belly.csv:[27099,29779,31751,33695,35567,36883,38895,40883,42195,45163,47447,49127,52103,54379,57175,59491,61059]
resources/preprocessed/Interpolated/2020-07-02_14.14.32_LeftArm.csv:[32315,35159,38179,40183,41559,42899,44299,45691,46991,48403,49775,51191,52623,54055,55483,57087,58787,60587,62639,64995]
resources/preprocessed/Interpolated-Revised/Jan_liegestuetzen1_13_10_2020_edited_Chest.csv:[72937,75604,78928,82121,86070,88612,92316,94954,97716,100875,102676,104608,106901,109603,112756,114994]
resources/preprocessed/Interpolated/2020-07-02_11.17.39_Belly.csv:[58971,61051,62495,64439,66523,68679,70583,72315,74063,75299,77703,79475,81443,85139,87099,89303,91871,93727,96083,98043,99903,101795,104419,107343]
resources/preprocessed/Interpolated/Andre_liegestuetzen3_13_10_2020_Chest.csv:[31423,34628,36533,38688,42423,44178,47098,50843,52848,54393,56683,59423,61118,63668,65498]
resources/preprocessed/Interpolated/2020-07-02_11.17.39_Chest.csv:[58227,60007,62691,63991,65403,67459,69127,70819,72691,74367,76163,78527,79995,81707,83523,85563,87407,88863,90547,94163,96487,99127,101623,104367,106615,107959]
resources/preprocessed/Interpolated/2020-07-02_11.17.39_LeftArm.csv:[58227,59927,61755,63367,65055,66703,68443,70111,71323,73099,74911,76719,78511,80367,82247,84127,86075,87991,89359,91099,92507,94787,97239,98951,101439,104095,107819]
resources/preprocessed/Interpolated/2020-07-02_14.59.59_Belly.csv:[73999,76267,78511,80847,82367,84087,86419,87731,90167,92859,95315,96831,98139,99995]
resources/preprocessed/Interpolated/Andre_Squats_13_10_2020_LeftArm.csv:[60996,62746,66186,68126,71586,73091,75241,77146,79596,82371,84571,86576,88301,90231,92361,94816,96756,99176,102521,105606,107226,110931,113351,115641,118271,120331,122706,125031,127021,128686,131131,133486,135871,138251,140716,143236,145621,148001,150371,152796,155256,157651]
resources/preprocessed/Interpolated/2020-07-02_14.07.33_Chest.csv:[7473,10529,13757,15773,18333,20821,22345,26273,28665,30649,33269,36633,39777,41033,43781]
resources/preprocessed/Interpolated/2020-07-02_11.17.39_RightArm.csv:[58227,60323,62067,63679,65119,66795,68699,70187,72083,73883,75695,77499,79111,80367,82227,84119,86071,88043,89367,91651,93243,94763,97223,99775,101367,104055,107799]
resources/preprocessed/Interpolated/2020-07-02_14.59.59_Chest.csv:[73999,76071,79775,81635,84079,86939,88959,91363,94015,95223,97011,98799]
resources/preprocessed/Interpolated/2020-07-02_14.59.59_LeftArm.csv:[74495,77527,79239,81575,84007,86375,88775,91307,93959,96783,99767]
resources/preprocessed/Interpolated/2020-07-02_12.50.00_RightArm.csv:[16451,19487,20779,22695,25427,26907,28923,30991,32907,35555,37811,39963,42319,43835,46627,48423,50947,53607,56319,58775,61463,62667]
resources/preprocessed/Interpolated/Andre_liegestuetzen1_13_10_2020_RightArm.csv:[16996,19986,21751,23431,25731,27401,29116,32241,35481,38256,41456,43091,45231,46991,49246,51611,53576,55566,57731,59936,62271,65686]
resources/preprocessed/Interpolated/Andre_liegestuetzen2_13_10_2020_Belly.csv:[39996,42176,45836,48241,51586,55046,56801,58611,60391,62836,66131,68846,71126,73811,75926,79006]
resources/preprocessed/Interpolated/2020-07-02_15.13.22_Belly.csv:[23219,25111,26895,30711,32103,35239,37019,39267,40907,43039,45679,48147,49511,50803,52303,53735,55351,57255,58835,60739,62527,64667]
resources/preprocessed/Interpolated/2020-07-02_15.13.22_RightArm.csv:[23251,25571,27299,29075,31111,32671,34751,36975,39251,42075,44607,46691,49455,52251,54403,55983,57803,59447,62567,64083,66095]
resources/preprocessed/Interpolated/2020-07-02_15.13.22_Chest.csv:[23135,25559,26795,28555,30491,31915,33251,34507,37003,39163,40655,42983,45675,48247,49515,50915,52223,53795,55475,57119,58839,60655,64543]
resources/preprocessed/Interpolated/Andre_liegestuetzen1_13_10_2020_Belly.csv:[16996,19346,23006,25211,26866,29996,31911,34336,37226,39656,42016,45361,47776,49436,51506,54031,56186,58491,60471,63406,66386]
resources/preprocessed/Interpolated/2020-07-02_15.31.36_Belly.csv:[72271,73759,75231,78987,80719,82271,83971,86915,89635,91843,94071,97759,99387,100911,103163,105479,106787,108139,109579,110819,112375,113703]
resources/preprocessed/Interpolated/Jan_liegestuetzen2_13_10_2020_LeftArm.csv:[17671,21306,23991,27351,31531,35111,37476,39161,40806,42641,44546,46791,48931]
resources/preprocessed/Interpolated/2020-07-02_15.31.36_Chest.csv:[72271,73799,75303,77719,80575,83055,84663,86807,88139,89503,91763,94031,95479,97119,99327,100619,102287,104303,105735,108239,109499,110867,113695]
resources/preprocessed/Interpolated/Andre_Squats_13_10_2020_RightArm.csv:[60996,62716,66506,68931,71646,74286,76731,78331,80691,82296,84536,86716,90021,92266,94891,97586,100701,102541,104641,106806,108551,110936,113211,115936,118071,120486,122671,125126,128061,131156,133491,135226,137481,140006,143236,144941,148016,150376,152796,154596,157001]
resources/preprocessed/Interpolated/2020-07-02_14.14.32_Chest.csv:[32495,34307,35559,39507,41387,42727,44075,45471,47415,48723,51687,53191,54467,56143,57619,59643,60939,62679,64995]
resources/preprocessed/Interpolated/2020-07-02_15.31.36_LeftArm.csv:[72271,73739,75211,78139,82219,84015,85303,86839,88807,90407,92603,94855,97607,99415,101763,104299,106839,109531,112255]
resources/preprocessed/Interpolated/2020-07-02_15.31.36_RightArm.csv:[72271,73703,76971,82215,84007,86175,88811,90399,94831,97579,99411,101775,104283,106851,109535,112255]
resources/preprocessed/Interpolated/Andre_Squats2_13_10_2020_Chest.csv:[47500,50320,51925,54170,56445,58835,61180,63565,66005,69210,71320,75315,76850,78820,82175,85235,87320,90340,92485,94570,97340,100575,103295,105310,107150,110220,112215,115020,117165,118670,121755,123570,125385,128310,130300,132720,135070,137270,139795,141985,144455,145965,147945,150820,154085,156360,158270,160220,162190,164815,167430,169225,171660,173815,175935,177445,180000,182185,184965,186710,189960,191675,193510,195685,198295,199955,203145,205045,206560,209150,211330,213990]
resources/preprocessed/Interpolated/2020-07-02_14.07.33_LeftArm.csv:[7173,10269,12761,14117,15417,19253,20617,21993,24701,26061,27477,28861,30345,31737,33157,34585,36073,37561,39105,40789,42477,44117]
resources/preprocessed/Interpolated/Andre_Squats2_13_10_2020_RightArm.csv:[47500,50160,54160,55840,58130,61180,63545,66005,68995,72920,74430,76420,78035,80050,81805,83405,85060,87055,88620,90455,92375,94405,96460,99400,103655,105850,108040,110695,115050,118320,121415,123780,125365,127505,130145,132590,134990,137290,139515,141895,144360,146755,149330,151450,153815,156245,158550,161160,163575,165875,168260,170780,173700,175940,179340,182165,184235,185795,188285,190740,193170,195540,197840,202475,205060,207405,209885,212370]
resources/preprocessed/Interpolated/Andre_liegestuetzen1_13_10_2020_LeftArm.csv:[16996,19951,21631,23226,25136,29106,33826,35466,38076,40321,41956,45296,47026,48721,50511,52276,54216,56171,58386,60601,62291,65646]
resources/preprocessed/Interpolated/2020-07-02_13.00.09_LeftArm.csv:[27179,28603,29991,31795,33663,35567,37519,39471,41551,43575,45767,48131,49591,51183,52935,54855,57675,60495,62411]
resources/preprocessed/Interpolated/Andre_liegestuetzen3_13_10_2020_LeftArm.csv:[31493,34408,36068,37703,40313,41888,43563,45258,47103,48778,51698,53803,55453,57888,59923,61923,64083]
resources/preprocessed/Interpolated/Lukas_liegestuetzen1_13_10_2020_LeftArm.csv:[38000,40930,43510,45280,47050,48770,50540,52365,54240,56160,58030,59855,61685,63545,66250,68530,70545,72320,74065,75835,77530,79355,81180,83995]
resources/preprocessed/Interpolated/Andre_Squats2_13_10_2020_LeftArm.csv:[47500,50245,51900,54165,56420,58810,61165,63540,65890,69125,72790,74350,76390,77930,80055,83405,84980,87110,88720,90435,92410,94375,97605,99410,101055,103410,106820,109945,114240,116680,118425,123875,128790,131495,133475,136070,138310,140530,143325,145465,147995,150415,153930,156380,158320,161210,163010,164630,166560,168465,170695,173330,175805,177420,180755,183290,185760,188495,190420,193215,195525,197975,202545,204800,207415,209140,212520]
resources/preprocessed/Interpolated/Andre_Squats_13_10_2020_Belly.csv:[60996,64091,66666,68941,71981,74561,77596,79556,82591,84626,87606,89606,92521,94666,97491,99706,102626,104866,107561,109706,112171,114616,117096,119436,122066,124006,127036,129366,132451,134201,136556,139551,142041,143886,146316,148536,151041,153456,155861,158321]
resources/preprocessed/Interpolated/Andre_Squats_13_10_2020_Chest.csv:[60996,64236,66626,68911,71636,73626,75646,77441,79681,82446,84056,86391,88976,92481,94746,97661,101551,104091,107511,109126,110816,113971,117331,119346,121951,123996,126256,128821,131181,134261,135946,138336,140801,143296,145691,148046,150391,152821,155271,157696]
resources/preprocessed/Interpolated/Andre_liegestuetzen2_13_10_2020_Chest.csv:[39996,42606,45961,48376,50966,52776,54441,56721,59916,61806,64716,67476,69166,71861,73526,76256,78021]
resources/preprocessed/Interpolated/Andre_liegestuetzen2_13_10_2020_LeftArm.csv:[39996,44186,45856,48261,50901,52661,54356,56141,58076,59791,61641,63666,65546,67736,70036,72411,75136,79101]
resources/preprocessed/Interpolated/Lukas_liegestuetzen3_13_10_2020_LeftArm.csv:[11736,14166,18071,20046,23731,27046,28796]
resources/preprocessed/Interpolated/Andre_liegestuetzen1_13_10_2020_Chest.csv:[16996,19816,21601,25056,27446,29141,30846,33271,34891,38116,40416,42021,45326,47016,48701,50471,52281,54201,56166,58366,60541,63571,65546]
resources/preprocessed/Interpolated/Andre_liegestuetzen2_13_10_2020_RightArm.csv:[39996,42731,44901,46541,48301,51021,52796,54476,56281,58166,59916,61756,63751,65681,67826,70101,72556,75231,76856]
resources/preprocessed/Interpolated/2020-07-02_12.50.00_Belly.csv:[16003,19299,21167,23143,25163,26875,29979,31943,33959,36091,38331,40611,42755,44935,47155,49707,52179,55087,57135,58719,60263,62995]
resources/preprocessed/Interpolated/Andre_liegestuetzen3_13_10_2020_Belly.csv:[30998,34343,37568,41258,43643,45823,47623,49458,51698,53743,55953,58283,60258,61883,63828,65393]
