resources/preprocessed/Interpolated/Lukas_liegestuetzen3_13_10_2020_RightArm.csv:[11596,15076,16911,18791,20911,24621,26991]
resources/preprocessed/Interpolated/Lukas_liegestuetzen3_13_10_2020_Chest.csv:[15016,16821,18801,19431,22256,23126]
resources/preprocessed/Interpolated/Lukas_liegestuetzen3_13_10_2020_Belly.csv:[14146,16821,17441,22261,22986]
resources/preprocessed/Interpolated/Lukas_liegestuetzen2_13_10_2020_RightArm.csv:[36430,37055,39500,41760,42570,46805,49360,50210,52805,53435,57540,61200,61830,63810,64435,66900,67530,71220,71845,73920]
resources/preprocessed/Interpolated/Lukas_liegestuetzen2_13_10_2020_LeftArm.csv:[37155,39460,40260,44435,45060,48420,51130,55050,57565,61150,61855,63715,64495,66885,67535,69920,71800,73985]
resources/preprocessed/Interpolated/Lukas_liegestuetzen2_13_10_2020_Chest.csv:[37075,39465,40285,48420,51135,53455,55970,61830,63680,64280,66910,67540,71245,71875]
resources/preprocessed/Interpolated/Lukas_liegestuetzen2_13_10_2020_Belly.csv:[37145,39520,40245,42600,47785,48485,51785,54450,55080,61785,63695,64330,66910,67530,71190,71785,73955]
resources/preprocessed/Interpolated/Lukas_liegestuetzen1_13_10_2020_Chest.csv:[39650,43950,44750,47425,50020,52805,55635,60305,61205,63960,73320,76770,77420,80415]
resources/preprocessed/Interpolated/Lukas_liegestuetzen1_13_10_2020_Belly.csv:[39590,40345,43040,43960,46465,49995,52815,55585,60385,63020,63965,66675,73355,76825,77500,80460,81095]
resources/preprocessed/Interpolated/Jan_liegestuetzen3_13_10_2020_RightArm.csv:[37685,38500,40590,44880,46980,50215,50840]
resources/preprocessed/Interpolated/Jan_liegestuetzen3_13_10_2020_LeftArm.csv:[34250,36185,37010,39960,40585,44885,45645,47685,50330,56405]
resources/preprocessed/Interpolated/Jan_liegestuetzen3_13_10_2020_Belly.csv:[37085,37710,43375,44175,47090,52045,52670,56995]
resources/preprocessed/Interpolated/Jan_liegestuetzen2_13_10_2020_RightArm.csv:[19381,20031,24151,26126,28156,28866,32376,32996,35336,37436,41951,46266,46901,48876]
resources/preprocessed/Interpolated/Jan_liegestuetzen2_13_10_2020_Chest.csv:[19326,20076,24826,28151,28891,30986,35256,37451,40141,40771,46216,46901,48836,50006]
resources/preprocessed/Interpolated/Jan_liegestuetzen2_13_10_2020_Belly.csv:[19286,20051,24141,24761,28186,30181,30946,32996,33796,36826,37471,40766,46106,46826,49356,49986]
resources/preprocessed/Interpolated/Andre_liegestuetzen3_13_10_2020_RightArm.csv:[33218,33863,37203,41268,44648,45393,51183,52273,54678,55643,57098,57953,59808,60713,62588,63468]
resources/preprocessed/Interpolated/2020-07-02_14.20.28_RightArm.csv:[63795,64471,65995,68723,70343,72343,74019,77911,78807,82111,82679,84007]
resources/preprocessed/Interpolated/2020-07-02_14.20.28_Belly.csv:[63755,64427,68891,69391,75207,75963,77939,82067,82631,83999]
resources/preprocessed/Interpolated/2020-07-02_14.14.32_RightArm.csv:[35175,35811,37651,38415,41535,43735,44243,46443,48443,49207,52083,54015,57855,58731,59967,60543,62027,62619,64547,64955]
resources/preprocessed/Interpolated/2020-07-02_15.13.22_LeftArm.csv:[24699,25511,28363,29191,30223,31223,32443,33227,34835,35471,37567,39115,39615,41383,42179,43815,44971,46571,47495,49363,49871,52027,53111,55319,55819,58779,60083,62707,63203,65183]
resources/preprocessed/Interpolated/2020-07-02_14.14.32_Belly.csv:[34627,35127,38379,38947,41007,41519,45103,45671,47823,48431,52039,52623,55447,58675,59971,60567,61951,62567,64411,64975]
resources/preprocessed/Interpolated/2020-07-02_14.59.59_RightArm.csv:[74619,75527,76755,77799,78943,79951,81411,82303,83879,84387,86155,86763,88683,89535,91279,92011,93139,94767,96763,97459,98747]
resources/preprocessed/Interpolated/2020-07-02_14.20.28_Chest.csv:[64411,64931,68895,69399,73543,75259,75959,77939,82131,82699,83995]
resources/preprocessed/Interpolated/2020-07-02_14.07.33_RightArm.csv:[11509,12253,16141,16757,18685,19185,21405,21969,27373,28333,31249,31769,35605,38597,39113,41925,42425,44093]
resources/preprocessed/Interpolated/Lukas_liegestuetzen1_13_10_2020_RightArm.csv:[39635,40340,46610,47390,50020,50950,54690,55640,60355,61245,64860,67730,70620,71545,76735,77580]
resources/preprocessed/Interpolated/2020-07-02_14.07.33_Belly.csv:[9649,10229,14109,14841,17433,17965,20021,20589,24177,26041,30329,32633,35541,36089,39105,43957]
resources/preprocessed/Interpolated/2020-07-02_13.00.09_RightArm.csv:[27851,28347,29599,30343,31587,32191,35379,36079,37939,38803,39959,41251,42035,43031,44235,47471,48475,50051,50815,51963,53519,54891,56987,57659,59779,62407]
resources/preprocessed/Interpolated/Jan_liegestuetzen3_13_10_2020_Chest.csv:[36230,37065,39965,40595,44145,44770,47060,52685,56760]
resources/preprocessed/Interpolated/2020-07-02_14.20.28_LeftArm.csv:[64403,64903,68079,68599,70319,72047,74923,77883,78679,82711,83523]
resources/preprocessed/Interpolated-Revised/Jan_liegestuetzen1_13_10_2020_edited_Belly.csv:[73838,74458,79048,79673,84238,86135,88587,90409,92331,94363,94959,97076,97696,103968,104593,106265,106836,109828,110449,112676]
resources/preprocessed/Interpolated/2020-07-02_12.50.00_LeftArm.csv:[19343,20391,21159,22283,24491,25139,26555,27007,28523,29063,30479,32367,33043,34459,35111,36871,37375,38839,39667,41147,41879,43271,45591,46179,47815,48727,50483,53563,54959,55591,57031,58471,59899,61347,62927]
resources/preprocessed/Interpolated/2020-07-02_13.00.09_Chest.csv:[28435,29431,30367,31379,32271,34131,35103,36003,37147,38051,39115,39991,41319,42047,44123,46527,48751,49459,51147,52595,53927,54951,56775,57527,59663,60479,62067,62395]
resources/preprocessed/Interpolated/2020-07-02_12.50.00_Chest.csv:[17379,18695,19327,21179,22299,24547,25347,26479,27367,28587,29403,30455,31431,32423,33499,34495,35315,36691,37759,38887,39595,41215,42311,43275,44403,45519,46415,47879,48851,50543,51659,53587,54531,55515,57091,57835,59667,60631,62683]
resources/preprocessed/Interpolated-Revised/Jan_liegestuetzen1_13_10_2020_edited_LeftArm.csv:[74563,75149,78217,78978,81575,82196,84889,87356,88052,91135,93047,95014,95649,98602,99213,102686,104103,106810,111770,112867,114213]
resources/preprocessed/Interpolated-Revised/Jan_liegestuetzen1_13_10_2020_edited_RightArm.csv:[73833,74463,77041,78958,80920,81620,86070,88567,89268,92316,95679,96295,98582,102676,103252,106270,106891,108978,111921,112731]
resources/preprocessed/Interpolated/Andre_Squats2_13_10_2020_Belly.csv:[49320,50060,53790,54555,56185,56820,58460,59205,60885,61590,63260,63965,65555,67615,69060,70290,72945,74965,76375,78355,79900,81815,83315,85680,86850,88500,94025,95625,98780,101095,102765,105750,109595,112890,116685,119840,122450,125510,127015,130115,131550,134950,135985,139435,140620,144370,145520,149285,151040,153680,154960,158440,159580,163250,164465,168190,169320,171540,173350,174665,178250,179545,183030,184470,188365,189415,193070,196050,198010,200875,202690,203885,207400,208955,212300,213495]
resources/preprocessed/Interpolated/2020-07-02_13.00.09_Belly.csv:[28443,29415,30375,31439,32259,34123,35267,36015,37179,38075,39075,40011,41023,42079,43015,44075,46487,47447,48735,49471,51159,52663,53743,55019,56791,57487,60563,61963]
resources/preprocessed/Interpolated/2020-07-02_14.14.32_LeftArm.csv:[34571,35071,37095,38947,41055,42927,43699,47879,49731,53931,57087,59583,60507,62127,62535,64503,64907]
resources/preprocessed/Interpolated-Revised/Jan_liegestuetzen1_13_10_2020_edited_Chest.csv:[73828,74463,77076,79033,79703,81600,84223,86080,86821,89263,91120,93027,94984,95684,98592,102696,106225,106846,108948,111775,112681]
resources/preprocessed/Interpolated/2020-07-02_11.17.39_Belly.csv:[58795,59559,61435,62327,65759,68227,69115,72855,73415,75295,76219,79807,80819,81871,82723,83715,84667,85631,86479,87755,90039,91043,93211,94283,95623,96751,98119,98851,100719,101903,103415,103915,107139,107703]
resources/preprocessed/Interpolated/Andre_liegestuetzen3_13_10_2020_Chest.csv:[33208,33898,37213,41293,42013,45373,48113,52263,53263,54608,55598,57033,57923,59803,60708,62328,63368,65478]
resources/preprocessed/Interpolated/2020-07-02_11.17.39_Chest.csv:[61439,62351,65711,66551,70867,72871,73491,75311,76279,78931,80043,80799,81859,82687,83903,85707,86471,87763,89903,91019,92139,93219,94307,95603,96811,98095,99479,100699,102275,103411,104035,106915,107767]
resources/preprocessed/Interpolated/2020-07-02_11.17.39_LeftArm.csv:[59419,59951,63171,64099,66483,71015,73347,75283,76243,78755,80203,80779,82679,85583,86227,89187,90131,91003,92075,93203,94295,95271,96787,98035,99367,100375,101647,103423,103923,107235,107747]
resources/preprocessed/Interpolated/2020-07-02_14.59.59_Belly.csv:[74427,75695,76215,79023,79547,81347,81867,83811,84443,86159,86683,87995,89127,91115,92075,93779,94339,96731,97415,98767]
resources/preprocessed/Interpolated/Andre_Squats_13_10_2020_LeftArm.csv:[63051,63741,66446,68226,71651,72896,74066,75186,76941,78331,82101,83301,86991,88296,92141,93221,97401,98531,102231,103421,107151,108331,112211,113201,116861,118001,121481,122761,126161,126876,128541,129271,130831,133286,133981,135581,136376,137931,138676,140441,141151,142986,143606,145386,146141,147756,148446,149996,150856,152391,154921,155636,157356,158991]
resources/preprocessed/Interpolated/2020-07-02_14.07.33_Chest.csv:[9633,10209,12217,14861,15413,19253,20009,22009,24193,26045,30369,31197,35561,37609,42457,44065]
resources/preprocessed/Interpolated/2020-07-02_11.17.39_RightArm.csv:[58819,59495,62363,63203,65667,66447,69143,69919,71011,73399,74479,77159,79987,80831,82751,85707,86443,87859,88311,89971,91003,91871,93367,94131,95575,96799,98287,99163,100403,101627,103403,104159,107271,107739]
resources/preprocessed/Interpolated/2020-07-02_14.59.59_Chest.csv:[74395,75651,76279,79027,79527,81399,81903,83851,84435,86135,86727,88655,89171,91079,92071,93819,94751,96747,97307,98791,99291]
resources/preprocessed/Interpolated/2020-07-02_14.59.59_LeftArm.csv:[74499,74999,77771,79027,79835,81419,81915,83823,84515,86307,86703,88655,89503,91079,91991,93887,94571,96743,97543]
resources/preprocessed/Interpolated/2020-07-02_12.50.00_RightArm.csv:[17315,18695,19359,21211,22359,24599,25147,26399,27415,28655,29455,30523,31419,32383,34559,36699,37743,38899,41283,42295,43343,45519,47031,48115,49459,50579,51959,53635,54147,55579,57051,58731,59807,60639,62947]
resources/preprocessed/Interpolated/Andre_liegestuetzen1_13_10_2020_RightArm.csv:[18316,22656,25291,26056,29411,30251,33276,36536,39086,41401,44051,46381,49296,51651,52936,56871,62261,63086,64736,65721]
resources/preprocessed/Interpolated/Andre_liegestuetzen2_13_10_2020_Belly.csv:[42801,43611,48616,49416,52776,58101,61086,70096,71671,72591,74321,75391,77356,78696]
resources/preprocessed/Interpolated/2020-07-02_15.13.22_Belly.csv:[26435,27195,28287,29111,30263,31123,32375,33167,34511,35295,36775,37455,38971,39567,41019,42239,43847,44355,46503,46991,49283,49807,52143,52663,55159,56359,58639,59171,62539,63039,65571]
resources/preprocessed/Interpolated/2020-07-02_15.13.22_RightArm.csv:[27199,27899,29055,30339,31127,32431,33151,34599,35267,36827,37651,39051,39867,41331,42267,43795,44403,46571,47067,49391,49895,52055,53219,55275,56355,58831,59919,62503,63855,65295]
resources/preprocessed/Interpolated/2020-07-02_15.13.22_Chest.csv:[26463,27223,28355,29039,30235,31235,32435,33259,34587,35315,36759,37427,39007,39591,41051,42347,43831,44335,46459,46959,49383,49895,52087,52591,55299,55903,58623,60131,62507,63879,65283]
resources/preprocessed/Interpolated/Andre_liegestuetzen1_13_10_2020_Belly.csv:[18331,19211,22706,25211,26076,29436,30146,33291,34141,37486,38231,42346,43021,46441,47406,50981,60036,62021,63076,64836,65766]
resources/preprocessed/Interpolated/2020-07-02_15.31.36_Belly.csv:[72387,73355,76143,76595,78979,79975,81299,83211,85435,86911,87915,88731,90111,90987,92287,93171,94599,95331,96899,97399,99191,100115,101575,102387,104051,104787,106735,107399,109343,109839,112079,112791]
resources/preprocessed/Interpolated/Jan_liegestuetzen2_13_10_2020_LeftArm.csv:[18851,19381,22116,22776,25421,26136,28116,28826,32461,33061,37531,38621,43951,46241,46866,48736]
resources/preprocessed/Interpolated/2020-07-02_15.31.36_Chest.csv:[72747,74327,76835,79047,79851,81311,83235,85379,86815,87939,88811,90239,91067,92279,93159,94583,95439,96859,97663,99231,100107,101539,102503,104047,104963,106015,107451,109367,109859,112119,112947]
resources/preprocessed/Interpolated/Andre_Squats_13_10_2020_RightArm.csv:[63081,63701,66346,68031,73001,73796,76931,78281,82151,83321,87061,88371,92051,93251,97321,98506,102216,103536,107181,108371,112111,113181,116831,117951,121521,122651,126131,126846,128491,129276,130786,133331,133961,135581,136391,137971,138751,140426,141166,142941,143646,145306,145996,147741,148461,149966,150851,152476,153191,154931,155641,157256,158081]
resources/preprocessed/Interpolated/2020-07-02_14.14.32_Chest.csv:[34019,34615,37123,38963,41019,41599,43755,44347,48475,49247,52123,52631,54991,55507,58759,60003,60559,61983,62631,64499,64995]
resources/preprocessed/Interpolated/2020-07-02_15.31.36_LeftArm.csv:[73107,74227,75511,76127,78959,81439,83179,85375,87919,88783,90295,91087,92283,93183,94655,96683,99227,99875,101599,102495,104119,105111,105983,107447,109347,110003,112099,112899,113875]
resources/preprocessed/Interpolated/2020-07-02_15.31.36_RightArm.csv:[73407,74443,76627,77491,81331,83231,85391,86839,88095,88787,90975,91879,92863,94595,95399,96851,97627,98807,100235,101543,102543,105131,105887,107483,108783,112127,112895]
resources/preprocessed/Interpolated/Andre_Squats2_13_10_2020_Chest.csv:[49325,50065,52285,53840,54535,56815,58510,59185,60895,61585,63285,63915,67600,69015,70350,72960,75025,76480,78320,79895,81825,83350,85615,86905,88535,93975,95635,98760,101060,102760,105780,109595,112785,116675,119890,122460,125515,127035,130190,131565,134905,136080,139480,140625,144265,145485,149350,151035,153645,154965,158445,159585,163220,164475,168185,169395,173335,174660,178395,179540,183035,184485,188350,189445,193135,196055,198025,200870,202695,203885,207395,208940,212075,213570]
resources/preprocessed/Interpolated/2020-07-02_14.07.33_LeftArm.csv:[8929,10957,11469,14161,14809,19317,20001,24661,26861,27365,33097,34029,37553,38485,41869,42485]
resources/preprocessed/Interpolated/Andre_Squats2_13_10_2020_RightArm.csv:[49255,50100,52360,53785,54545,56125,56820,58510,59155,60890,61700,63170,63950,67445,69145,70290,72945,74875,76525,78240,79820,81790,83430,85225,86935,88380,90725,92755,94005,95650,98535,101075,102815,105425,109165,112675,117025,119835,122060,125615,126970,130290,131495,134855,135990,139335,140585,144200,145510,149025,150985,153710,155025,158470,159570,163205,166315,168210,169400,173315,174610,177240,177885,179500,183010,184430,188085,189650,193180,194280,198005,199490,202480,203940,207380,209000,212055,213995]
resources/preprocessed/Interpolated/Andre_liegestuetzen1_13_10_2020_LeftArm.csv:[19151,19996,22746,25126,26166,30136,32601,33321,39096,41426,44066,47546,52956,59211,60091,62086,63101,64826,65686]
resources/preprocessed/Interpolated/2020-07-02_13.00.09_LeftArm.csv:[27763,28183,29639,30291,32555,33123,35987,37215,38339,41031,42039,43031,44071,44875,47523,48471,50123,51439,52515,53499,54971,57043,57719,59691,60431]
resources/preprocessed/Interpolated/Andre_liegestuetzen3_13_10_2020_LeftArm.csv:[33248,33888,37153,38098,41233,42018,44558,45353,48198,51273,54768,55598,57078,57913,59978,60753,62578,63548]
resources/preprocessed/Interpolated/Lukas_liegestuetzen1_13_10_2020_LeftArm.csv:[39680,42070,46480,47415,49990,50925,53645,54705,57380,60335,61195,63875,66780,67770,70645,76775,77400,80365]
resources/preprocessed/Interpolated/Andre_Squats2_13_10_2020_LeftArm.csv:[49340,50045,52310,53895,54520,56840,58545,59170,60940,61580,63300,63925,65600,67570,69190,70660,72910,74875,76495,78250,79820,81730,83385,85795,86890,88390,90725,93020,93915,95560,98220,101105,102715,105740,109575,112750,116950,120620,121970,125585,126930,130310,131470,134855,136040,139425,140570,144155,145475,149310,150940,153655,156585,158370,159545,162040,163180,164435,168215,169345,173275,174715,177315,177970,183135,186300,187985,189355,193085,196295,197955,200890,202780,203895,207420,208960,212105,213560]
resources/preprocessed/Interpolated/Andre_Squats_13_10_2020_Belly.csv:[63061,63806,66436,67926,71581,72856,74036,76971,78301,82051,83281,87011,88351,92141,93411,97301,98521,102271,103441,107101,108341,112041,113361,116841,118041,121631,122661,126111,126766,128481,129166,130876,131561,133266,133881,135616,136316,138066,138696,140496,141171,143016,143651,145391,146071,147781,148451,150141,150796,152581,153231,155001,155656,157401,158076]
resources/preprocessed/Interpolated/Andre_Squats_13_10_2020_Chest.csv:[63116,63806,66641,67926,72876,74036,76966,78286,82106,83306,86966,88366,92176,93396,97386,98526,102356,103606,107236,108366,112126,113376,116836,118116,121556,122696,126146,126786,128476,129196,130856,131576,133291,133921,135601,136321,138056,138691,140446,141171,143006,143646,145326,146031,147756,148466,150126,150811,152511,153221,154961,155641,157371,158076]
resources/preprocessed/Interpolated/Andre_liegestuetzen2_13_10_2020_Chest.csv:[42866,43586,46001,50381,52756,58076,61016,61731,67096,70066,71651,72591,74251,75396,77251,78841]
resources/preprocessed/Interpolated/Andre_liegestuetzen2_13_10_2020_LeftArm.csv:[42791,43536,46001,49391,52071,52746,55561,58211,60996,69381,70206,71641,72761,74341,75486,77671,78836]
resources/preprocessed/Interpolated/Lukas_liegestuetzen3_13_10_2020_LeftArm.csv:[11766,14086,15031,16806,18791,23156,23776,26431,27051]
resources/preprocessed/Interpolated/Andre_liegestuetzen1_13_10_2020_Chest.csv:[18291,19306,22696,26136,26866,30226,31001,33371,36621,37561,42411,43076,59201,61981,63091,64846,65716]
resources/preprocessed/Interpolated/Andre_liegestuetzen2_13_10_2020_RightArm.csv:[42901,43586,46886,47801,50386,52811,58231,59071,61711,63856,67106,70266,71776,72616,74466,75341,77556,78811]
resources/preprocessed/Interpolated/2020-07-02_12.50.00_Belly.csv:[17295,19351,20527,21175,22375,24503,25339,26479,27363,28571,29451,30491,31495,32383,33491,34519,35335,36799,37751,38903,39747,41259,42307,43471,44415,45559,46471,47879,49151,50547,51671,53503,54547,55427,57099,57695,59667,60559,62715]
resources/preprocessed/Interpolated/Andre_liegestuetzen3_13_10_2020_Belly.csv:[33143,33928,38088,40378,41303,44668,45343,48138,51193,52283,55518,57043,57903,59428,60698,62358,63498]
