resources/preprocessed/Interpolated/Lukas_liegestuetzen3_13_10_2020_RightArm.csv:[12131,12881,15496,17336,19281,21296,25116,27486]
resources/preprocessed/Interpolated/Lukas_liegestuetzen3_13_10_2020_Chest.csv:[12136,12866,16141,16776,18601,19276,22731,23536,26816,27491]
resources/preprocessed/Interpolated/Lukas_liegestuetzen3_13_10_2020_Belly.csv:[12161,12861,15486,17356,19291,22726,23526,25711,26796,27491]
resources/preprocessed/Interpolated/Lukas_liegestuetzen2_13_10_2020_RightArm.csv:[37560,39200,39975,42255,43050,45550,46480,47260,48235,49000,49910,50685,51610,52325,53260,53965,56405,57100,58040,58775,59735,60430,61630,62295,64210,64865,67375,67985,71675,72225,73995]
resources/preprocessed/Interpolated/Lukas_liegestuetzen2_13_10_2020_LeftArm.csv:[37565,38350,39955,40705,42265,44790,45550,46475,47235,48230,49000,49895,50670,51595,52340,53275,55525,56395,58060,58750,59780,60420,61640,62275,64200,64850,67380,67975,70355,72125]
resources/preprocessed/Interpolated/Lukas_liegestuetzen2_13_10_2020_Chest.csv:[37590,38380,40720,42265,43065,44805,45565,46500,47250,48255,49000,49905,50675,51600,52325,53270,53970,55550,56405,57105,58050,58755,59765,60430,61630,62295,64200,64850,67375,67980,71685,72220]
resources/preprocessed/Interpolated/Lukas_liegestuetzen2_13_10_2020_Belly.csv:[37610,38375,39985,40720,43065,44800,45560,46490,47235,48280,48990,49920,50670,51605,52305,53270,53945,55540,56390,58040,58750,59765,60425,61620,62295,64225,64845,67385,67965,71620,72125]
resources/preprocessed/Interpolated/Lukas_liegestuetzen1_13_10_2020_Belly.csv:[40095,40830,41760,42620,43595,44420,45270,46175,46990,47895,48730,49670,50480,51440,52315,53315,54225,55245,56095,57100,57905,58910,59735,60875,61640,62720,63450,64480,65240,66420,67175,68255,69085,70140,71005,72050,72805,73820,74545,75570,76305,77270,77960,79030,79765,80910,81630,83090,83590]
resources/preprocessed/Interpolated/Jan_liegestuetzen3_13_10_2020_RightArm.csv:[34285,38950,39645,43920,47485,48110,49665,50725,51410,52580,53225,54560,55235]
resources/preprocessed/Interpolated/Jan_liegestuetzen3_13_10_2020_LeftArm.csv:[34000,37495,38125,40425,43295,43925,46080,49075,49690,50840,51465,52580,53205,54585,55245,56870]
resources/preprocessed/Interpolated/Jan_liegestuetzen3_13_10_2020_Belly.csv:[36745,37525,43935,44710,47505,48140,50810,51460,52600,53240,54550,55245]
resources/preprocessed/Interpolated/Jan_liegestuetzen2_13_10_2020_RightArm.csv:[17126,20566,21191,24626,26551,28696,29306,32871,33476,35801,37991,39021,39636,41276,42501,43146,44381,45036,46691,47411,49121]
resources/preprocessed/Interpolated/Jan_liegestuetzen2_13_10_2020_Chest.csv:[20571,21211,25246,25951,28706,29326,31476,34916,35816,36461,39041,39661,40681,41321,42511,43161,44416,45056,46696,47416,49211,50296]
resources/preprocessed/Interpolated/Jan_liegestuetzen2_13_10_2020_Belly.csv:[19806,21936,24626,25246,27286,30721,31466,33486,34291,37366,38006,39016,39651,40676,41311,42476,43146,44376,45041,46656,47391,49726,50361]
resources/preprocessed/Interpolated/2020-07-02_14.59.59_LeftArm.csv:[73999,74923,75771,76587,78151,79491,80263,81179,82687,84263,85051,85999,87431,89079,89903,91575,92443,94279,95095,97179,97959,99023,99995]
resources/preprocessed/Interpolated/Andre_liegestuetzen2_13_10_2020_Belly.csv:[40621,41631,43316,44071,44906,45726,46516,47361,48231,49116,49901,50766,51561,52481,53256,54176,54991,55971,56776,57811,58611,59611,60416,61446,62246,63396,64246,65321,66226,67476,68381,69621,70586,72151,73111,74816,75871,77846,79181,79936]
resources/preprocessed/Interpolated/Jan_liegestuetzen1_13_10_2020_RightArm.csv:[86150,86700,88785,91210,92390,94715,96325,98645,100355,102690,104150,106355,108040,110285,111865,114230,115805,118190,119825,122615,123805,126280,127760,129920,131485,133870,135265,137530,139005,141380,142755,145145,146555,149010,150410,153155,154415,157110,158390,161445,162735,165700,166660,169005,170160,171005,172715,173645,174765,176535,177305,178460,181130,181940]
resources/preprocessed/Interpolated/2020-07-02_14.59.59_Chest.csv:[73999,74863,75971,76963,77795,79415,80323,81779,82683,84271,85039,86591,87471,89059,89907,91531,92455,94251,95139,97151,97955,99199,99847]
resources/preprocessed/Interpolated/2020-07-02_15.13.22_Belly.csv:[23267,24323,25159,26019,26875,27683,28707,29559,30675,31603,32827,33619,34895,35731,37199,38027,39427,40067,41635,42635,44255,44887,46891,47539,49731,50527,52551,53351,55587,56371,59103,59815,62975,63691,66011]
resources/preprocessed/Interpolated/2020-07-02_15.13.22_RightArm.csv:[23003,25099,25991,26883,27659,28415,29523,30759,31607,32859,33659,35051,35807,37227,38115,39455,40303,41719,42711,44291,45339,46943,47575,49783,50567,52547,53499,55675,56803,59207,60443,63059,64227,65719]
resources/preprocessed/Interpolated/Lukas_liegestuetzen1_13_10_2020_Chest.csv:[40110,40825,41765,42580,43580,44410,45255,46150,47005,47890,48715,49670,50485,51440,52305,53310,54195,55210,56100,57110,57910,58895,59735,60845,61655,62680,63465,64465,65250,66420,67190,68245,69100,70120,71015,72040,72810,73790,74545,75550,76300,77265,77970,79010,79765,80900,81625,83055]
resources/preprocessed/Interpolated/Jan_liegestuetzen1_13_10_2020_Chest.csv:[86065,86645,88680,90800,92395,94610,96300,98490,100250,102460,104140,106330,107965,110195,111825,114195,115780,118150,119765,122190,123775,126140,127710,129860,131400,133675,135145,137510,138890,141180,142655,144970,146445,148850,150260,152950,154310,156915,158240,161240,162600,165605,166575,168920,170000,172575,173480,176460,177320,180975,181880]
resources/preprocessed/Interpolated/2020-07-02_14.20.28_RightArm.csv:[61995,64307,64879,66487,68179,68715,70847,72751,74471,76379,76955,77783,78391,79259,79835,80719,81359,82539,83135,83963]
resources/preprocessed/Interpolated/2020-07-02_14.20.28_Belly.csv:[62703,64303,64867,67055,68783,69311,73363,75727,76383,77759,78411,79235,79843,80703,81379,82519,83131,84007]
resources/preprocessed/Interpolated/2020-07-02_14.14.32_RightArm.csv:[32003,32923,35619,36271,38175,38831,41419,42031,42787,43391,44131,44791,45563,46195,46935,47567,48303,48919,49671,50303,51091,51691,52503,53099,53911,54495,55367,55971,56919,57535,58275,59227,60427,61051,62455,63075,64887]
resources/preprocessed/Interpolated/2020-07-02_15.13.22_LeftArm.csv:[23099,25199,26003,26779,27647,28699,29643,30623,31635,32835,33627,34995,35879,36739,37983,39455,40055,41731,42707,44283,45343,46951,47935,49775,50567,52543,53431,55671,56363,59195,60499,63015,63587,65607]
resources/preprocessed/Interpolated/2020-07-02_14.14.32_Belly.csv:[32951,34487,35051,37539,38811,39475,40087,41431,42079,42747,44143,44823,45551,46219,46911,47579,48267,48923,49631,50287,51055,51703,52479,53103,53883,54551,55339,55987,56859,57575,58539,59207,60379,61027,62367,63063,64807]
resources/preprocessed/Interpolated/2020-07-02_14.59.59_RightArm.csv:[73999,75031,75943,77171,78091,79371,80331,81887,82687,84295,85051,86587,87451,89135,89939,91619,92495,93499,95119,97175,97967,99123,99995]
resources/preprocessed/Interpolated/Jan_liegestuetzen3_13_10_2020_Chest.csv:[37520,38165,40430,44710,45340,47510,49085,49715,50830,51475,52595,53245,54575,55255]
resources/preprocessed/Interpolated/2020-07-02_14.20.28_LeftArm.csv:[61995,64859,65407,68651,69271,72659,73243,75583,76331,76939,77699,78347,79187,79799,80667,81331,82063,83095,83891]
resources/preprocessed/Interpolated/2020-07-02_13.00.09_Belly.csv:[26999,28143,28907,29859,30787,31771,32659,33391,34547,35583,36447,37515,38555,39427,40407,41411,42451,43443,44519,45319,46999,47911,49135,49991,51599,53115,54163,55427,57215,57971,60091,61067,62411]
resources/preprocessed/Interpolated/2020-07-02_14.14.32_LeftArm.csv:[32003,35587,36243,36867,37531,39415,41423,42747,43367,44131,44791,45531,46183,46875,47503,48263,48899,49603,50271,51051,51671,52467,53847,54423,55291,55907,56863,57639,58631,59199,59975,60995,62467,63067,64875]
resources/preprocessed/Interpolated/2020-07-02_11.17.39_Belly.csv:[58359,59211,60023,61183,61923,62779,63575,64555,65307,66195,66947,67899,68647,69539,70339,71299,72119,73167,73871,74907,75735,76619,77491,78491,79331,80311,81215,82239,83119,84111,85071,85991,86923,88087,88911,90419,91427,92275,93643,94679,96067,97163,98567,99459,101195,102391,103903,104447,107507,108139]
resources/preprocessed/Interpolated/Andre_liegestuetzen3_13_10_2020_Chest.csv:[33623,34433,35223,36043,36878,37678,38488,39263,40093,40878,41718,42473,43403,44178,45088,45858,46818,47623,48563,49438,50678,51678,52793,53758,55043,55978,57478,58348,60233,61223,62908,63933,64838]
resources/preprocessed/Interpolated/2020-07-02_11.17.39_Chest.csv:[58387,59311,60119,61191,61931,62799,63599,64539,65299,66195,66951,67899,68667,69583,70351,71363,72147,73175,73907,74891,75763,76671,77515,78503,79335,80375,81219,82275,83127,84123,85087,86043,86899,87971,89563,90431,91447,92387,93619,94671,96095,97223,98539,99487,101151,102639,103875,104579,107519,108139]
resources/preprocessed/Interpolated/Jan_liegestuetzen1_13_10_2020_Belly.csv:[86080,86690,88770,90795,92415,94490,96340,98495,100290,102465,104145,106350,108000,110230,111910,114155,115870,118135,119865,122090,123855,126160,127760,129885,131455,133710,135255,137505,139025,141205,142760,144965,146510,148845,150285,152945,154365,156870,158380,161205,162770,163615,165620,166630,168910,170050,172555,173510,174440,176430,177350,180980,181885]
resources/preprocessed/Interpolated/2020-07-02_11.17.39_LeftArm.csv:[58227,58739,59907,60523,61931,62771,63571,64507,65275,66255,66903,67963,68687,69655,70375,71375,72143,73163,73791,74811,75779,76603,77431,78603,79179,80527,81399,82267,83155,84131,85119,86023,86811,87723,88855,90491,91447,92507,93615,94731,95987,97223,98567,99735,100795,102075,103831,104563,107579,108139]
resources/preprocessed/Interpolated/2020-07-02_14.59.59_Belly.csv:[73999,74871,76023,76995,77795,79403,80263,81779,82671,84235,85023,86575,87403,88419,89883,91503,92415,94223,95015,97143,97935,99131,99995]
resources/preprocessed/Interpolated/Andre_Squats_13_10_2020_LeftArm.csv:[62381,63491,64186,67041,68876,72111,73386,74456,75591,77421,78726,82501,83801,87546,88786,90606,92546,93741,97766,98981,102691,103936,104861,105511,107656,108741,110601,112601,113701,117291,118406,120431,121916,123141,126521,127281,128906,129661,131221,132046,133676,134406,136016,136781,138406,139126,140871,141606,143371,144116,145741,146431,148161,148891,150446,151206,152881,153621,155366,156021,157756,158536]
resources/preprocessed/Interpolated/2020-07-02_14.07.33_Chest.csv:[7005,10101,10717,12645,13989,15289,15945,17845,19161,19797,20465,21117,21837,22489,23265,23949,24609,25285,25961,26613,27321,27993,28741,29413,30213,30885,31625,32285,33061,33717,34493,35149,35973,36629,37469,38085,38969,39621,40653,41289,42349,42969,44117]
resources/preprocessed/Interpolated/2020-07-02_11.17.39_RightArm.csv:[58339,59267,59955,61191,61963,62851,63583,64587,65283,66199,66939,67879,68715,69555,70339,71383,72143,73155,73827,74919,75779,76631,77615,78511,79511,80415,81255,82267,83111,84123,85099,86187,86887,88119,88795,90379,91491,92387,93679,94691,95963,97227,98611,99695,100791,102015,103875,104647,107611,108139]
resources/preprocessed/Interpolated/Andre_liegestuetzen3_13_10_2020_RightArm.csv:[32783,33608,34433,35208,36043,36853,37683,38483,39268,40078,40888,41718,42488,43408,44188,45103,45878,46813,47628,48563,49463,50683,51678,52783,53763,55103,55988,57653,58363,60308,61213,63073,63943]
resources/preprocessed/Interpolated/2020-07-02_12.50.00_LeftArm.csv:[17723,19051,19735,20907,21615,22783,23399,24963,25611,26935,27643,29027,29819,30919,31823,32875,33599,34971,35675,37203,38223,39367,40087,41727,42679,43783,44559,45983,46759,48383,49231,50887,51807,53935,55295,56167,57499,58471,60247,61099,62995]
resources/preprocessed/Interpolated/2020-07-02_14.20.28_Chest.csv:[62695,64883,65447,67087,68783,70451,73379,73963,75739,76395,77019,77779,78427,79251,79859,80727,81419,82535,83163,84007]
resources/preprocessed/Interpolated/2020-07-02_14.07.33_RightArm.csv:[10685,11337,12017,12649,13977,16565,17225,19729,20409,21809,22457,23253,25945,26577,27301,27937,28741,29397,30221,30853,31629,32253,33069,34529,35109,35973,36585,37481,38045,38965,39621,40645,41233,42333,42937]
resources/preprocessed/Interpolated/Lukas_liegestuetzen1_13_10_2020_RightArm.csv:[40105,40785,41760,42505,43560,44360,45240,46115,46985,47875,48715,50475,51425,52310,53210,54205,55170,56110,57125,57920,58875,59750,60815,61665,62675,63470,64420,65270,66430,67220,68235,69120,70060,71030,72045,72820,73780,74560,75525,76315,77245,77980,78980,79780,80895,81660]
resources/preprocessed/Interpolated/2020-07-02_14.07.33_Belly.csv:[10097,10693,12637,13973,14649,15281,15945,17845,18525,19165,20449,21109,21821,22449,23237,23921,24585,25261,25941,26581,27297,27953,28713,29401,30193,30849,31597,32245,33025,34445,35101,35937,36601,37421,38037,38929,39585,40605,41225,42309,42937,44117]
resources/preprocessed/Interpolated/Andre_liegestuetzen1_13_10_2020_RightArm.csv:[18796,19611,20551,21401,22326,23141,23981,24821,25681,26506,27316,28161,29831,30631,31401,33031,33791,34621,35416,36281,37071,37886,38686,39511,40276,41101,41891,42791,43561,44456,45226,46156,46941,47896,48686,49676,50431,51401,52191,53321,54076,55291,56116,57411,58226,59666,60576,62686,63561,65411,66281]
resources/preprocessed/Interpolated/2020-07-02_12.50.00_RightArm.csv:[16043,17727,19047,19771,20935,21651,22783,23443,24959,25615,26935,27759,28999,29791,30919,31955,32875,33847,34975,35731,37175,38187,39379,40119,41723,42763,43763,44935,45971,46787,48399,49315,50907,51839,53211,55195,56087,57531,58403,60187,61063,62995]
resources/preprocessed/Interpolated/Andre_Squats2_13_10_2020_Belly.csv:[47500,48715,49725,50435,52020,52740,54275,54950,56555,57240,58940,59640,61315,62005,63675,64380,65960,67960,69505,70705,73365,75450,76820,78830,80325,82260,83735,86120,87310,88965,92215,93470,94435,96080,96970,99170,100620,101525,103215,106105,110020,113300,117130,119265,120265,122790,125985,127535,130675,132035,135400,136455,139870,141070,144720,145825,149670,151445,154130,155425,158910,160000,163605,164955,166845,168670,169810,171965,173870,175090,178645,179930,181690,183470,184905,186685,188700,189915,193520,194800,196530,198365,201280,203120,204380,207790,209215,212610,213995]
resources/preprocessed/Interpolated/2020-07-02_12.50.00_Chest.csv:[16759,17735,18995,19787,20867,21631,22727,23443,24923,25803,26883,27759,28967,29823,30907,31863,32831,33867,34939,35763,37195,38167,39343,40143,41691,42687,43747,44783,45939,46831,48351,49355,50855,51967,53147,54987,56011,57499,58331,60115,61003,62995]
resources/preprocessed/Interpolated/2020-07-02_13.00.09_Chest.csv:[26999,28195,28927,29887,30799,31759,32655,33463,34547,35455,36439,37467,38523,39451,40395,41575,42471,43447,44539,45299,46999,47979,49151,49999,51523,53003,54335,55335,57227,57995,60091,60883,62411]
resources/preprocessed/Interpolated/2020-07-02_13.00.09_RightArm.csv:[26999,28163,28883,30035,30771,31903,32547,35655,36535,37411,38363,39251,40431,41539,42443,43483,44571,45299,47031,47887,48927,49943,51391,52315,53955,55423,57391,58059,60267]
resources/preprocessed/Interpolated/2020-07-02_15.13.22_Chest.csv:[24163,25139,26011,26891,27691,28727,29559,30691,31651,32819,33659,34979,35827,37203,37931,39439,40251,41651,42711,44267,44911,46907,47563,49763,50559,52551,53383,55647,56411,59163,60471,63011,64291,65747]
resources/preprocessed/Interpolated/Andre_liegestuetzen1_13_10_2020_Belly.csv:[17791,18811,19651,20566,21436,22331,23146,23976,24841,25691,26516,27321,28186,29861,30636,31416,33026,33791,34616,35406,36266,37061,37896,38696,39521,40281,41116,41891,42796,43546,44451,45226,46146,46931,47846,48641,49601,50401,51386,52176,53266,54061,55246,56091,57421,58226,59606,60561,62501,63536,65361,66266]
resources/preprocessed/Interpolated/2020-07-02_15.31.36_Belly.csv:[72847,73767,75219,76559,77103,78323,79399,80239,81735,83739,85827,87263,88347,89203,90575,91419,92715,93627,94987,95835,97247,98095,99607,100439,101919,102771,104459,105295,107131,107907,109779,110579,112543,113279]
resources/preprocessed/Interpolated/Jan_liegestuetzen2_13_10_2020_LeftArm.csv:[20541,21156,23271,25946,26566,28691,29301,32891,33496,39051,39641,40676,41311,42511,43141,44446,45051,46716,47416,49086]
resources/preprocessed/Interpolated/2020-07-02_15.31.36_Chest.csv:[72499,73223,74739,77263,77975,79447,80247,81791,83667,85791,87255,88419,89263,90627,91511,92731,93623,94987,95875,97251,98111,99631,100503,101967,102859,104531,105379,106435,107903,109191,110623,112571,113355]
resources/preprocessed/Interpolated/Andre_Squats_13_10_2020_RightArm.csv:[62336,63476,64171,66831,68461,72081,73466,74321,75691,77416,78711,82576,83741,87386,88856,92541,93716,97746,98931,102686,103946,107621,108766,110586,112526,113671,117291,118376,120321,121956,123116,126521,127316,128901,129661,131241,132066,133671,134421,136011,136811,138406,139181,140871,141646,143376,144146,145741,146431,148151,148911,150451,151236,152891,153656,155361,156036,157756,158551]
resources/preprocessed/Interpolated/2020-07-02_14.14.32_Chest.csv:[32939,34491,35063,36923,37563,38827,39495,40107,40783,41451,42099,42783,44179,44859,45583,46259,46931,47595,48299,48963,49671,50355,51099,51747,52519,53151,53915,54615,55391,56035,56911,57683,58591,59279,60423,61083,62443,63135,64879]
resources/preprocessed/Interpolated/2020-07-02_15.31.36_LeftArm.csv:[72559,74175,74707,75967,76547,79311,81055,81783,83651,85879,87243,88395,89235,90067,91467,92771,93635,95147,95831,96739,98159,99155,100423,102023,102911,104511,105487,106343,107875,109815,110571,112587,113395]
resources/preprocessed/Interpolated/2020-07-02_15.31.36_RightArm.csv:[72615,73851,74903,76955,77947,79575,80879,81819,83571,85775,87243,88431,89263,90099,91495,92347,93559,94975,95827,97235,98103,99191,100583,101999,102927,104583,105459,106315,108007,109191,111327,112615,113339]
resources/preprocessed/Interpolated/Andre_Squats2_13_10_2020_Chest.csv:[47500,49730,50435,52040,52740,54275,54945,56555,57240,58950,59640,61320,62005,63680,64380,65950,67950,69470,70760,73330,75455,76825,78810,80270,82260,83740,86085,87330,88980,92095,93435,94465,96070,96995,99160,100715,101550,103210,105155,106175,110030,113240,117125,119310,120255,122840,126010,127515,130685,131990,135375,136455,139895,141095,144710,145840,149715,150800,154135,155425,158915,160010,163650,164960,166850,168670,169860,171960,173875,175125,178655,179945,183485,184920,186670,188685,189945,193520,196525,198370,201280,203080,204390,207785,209230,212570,213995]
resources/preprocessed/Interpolated/2020-07-02_14.07.33_LeftArm.csv:[10085,10725,11381,12033,12641,13933,14605,15277,17817,19177,19765,20429,21053,21801,22421,23261,23921,25209,25917,27273,27925,28725,29385,30185,30825,31593,32217,33001,33585,34441,35061,35897,36573,37433,38001,38933,39569,40509,41201,42329,42877,43937]
resources/preprocessed/Interpolated/Andre_Squats2_13_10_2020_RightArm.csv:[47500,49710,50435,52050,52765,54260,54940,56545,57250,58930,59640,61305,62030,63665,64440,65960,67965,69625,70795,73395,75410,77040,78670,80260,82240,83910,86035,87345,88850,91180,93085,94400,96100,97975,100845,101575,103265,105230,105970,109955,113155,117150,119315,120175,122525,126075,127385,130610,131905,135330,136350,139845,141090,144640,145815,147745,149455,151470,154130,155480,158935,159975,161670,163520,164550,166860,168670,169805,172010,173800,175095,177675,178555,179925,181760,183480,184910,186715,188565,189940,191750,193535,194760,196575,198350,199900,200850,202955,204415,207805,209435,212535,213995]
resources/preprocessed/Interpolated/Andre_liegestuetzen1_13_10_2020_LeftArm.csv:[17821,18791,19606,20516,21401,22311,23141,23976,24841,25661,26516,27301,28176,29026,29836,30621,31416,33046,33791,34601,35396,36286,37056,37906,38676,39511,40271,41151,41891,42806,43546,44471,45221,46161,46936,47881,48651,49636,50406,51386,52176,53341,54081,55306,56096,57421,58221,59661,60551,62581,63556,65391,66266]
resources/preprocessed/Interpolated/2020-07-02_13.00.09_LeftArm.csv:[28183,28743,30023,30703,31891,32799,33619,34571,35503,36475,37587,38739,39527,40475,41531,42515,43463,44495,45939,46939,48083,48911,50539,51815,53011,53931,55543,57423,58067,60143,60871]
resources/preprocessed/Interpolated/Andre_liegestuetzen3_13_10_2020_LeftArm.csv:[33633,34428,36038,37663,38498,39258,40093,40873,41733,42473,43413,44173,45083,45853,46828,47613,48588,49438,50758,51678,52803,53763,55133,55993,57648,58363,60353,61238,63018,63923]
resources/preprocessed/Interpolated/Lukas_liegestuetzen1_13_10_2020_LeftArm.csv:[40110,40720,41765,42540,43545,44385,45215,46125,46985,47855,48695,49635,50445,51430,52290,53285,54180,55205,56100,57090,57880,58885,59725,60795,61655,62540,63445,64430,65235,66380,67195,68240,69100,70070,71010,72045,72810,73790,74545,75540,76290,77245,77975,79000,79765,80905,81630,82820]
resources/preprocessed/Interpolated/Andre_Squats2_13_10_2020_LeftArm.csv:[49735,50435,52050,52735,54275,54960,56555,57245,58955,59630,61315,62020,63675,64410,65965,68005,69610,71185,73345,75385,76935,78790,80275,82180,83890,86170,87285,88765,91240,93415,94385,96050,98230,99985,101615,103200,103870,105200,106120,109970,113140,117260,119435,120175,122525,126060,127335,129210,130690,131985,133870,135310,136385,139835,141070,144690,145765,146870,147805,149635,151410,154125,155320,156970,158855,159845,162230,163630,164900,166265,166970,168695,169805,172060,173755,175195,177750,178570,179935,181775,183470,184895,186770,188535,189900,193480,194895,196715,198300,199850,201415,203180,204380,207760,209270,210300,212640,213995]
resources/preprocessed/Interpolated/Andre_Squats_13_10_2020_Belly.csv:[62371,63491,64226,67031,68351,72036,73456,74416,75436,77466,78781,82516,83826,87411,88811,92581,93861,97766,99031,102721,103981,107621,108811,112561,113781,117286,118491,121981,123106,124816,126531,127221,128911,129616,131251,131986,133681,134371,136021,136746,138426,139136,140886,141596,143401,144116,145761,146461,148201,148881,150486,151201,152901,153646,155391,156061,157786,158536]
resources/preprocessed/Interpolated/Andre_liegestuetzen2_13_10_2020_Chest.csv:[40591,41636,43316,44061,45721,46526,47361,48241,49106,49911,50761,51576,52481,53266,54171,55001,55966,56781,57816,58621,59611,60426,61451,62256,63401,64251,65326,66231,67486,68381,69691,70596,72161,73106,74821,75871,77706,79206,79996]
resources/preprocessed/Interpolated/Andre_liegestuetzen2_13_10_2020_LeftArm.csv:[40611,43306,44051,45701,46511,47341,48236,49116,49901,50756,51566,52476,53266,54151,54996,55976,56776,57831,58621,59606,60421,61466,62261,63386,64246,65396,66236,67511,68376,69761,70596,72226,73136,74891,75881,78081,79201]
resources/preprocessed/Interpolated/Lukas_liegestuetzen3_13_10_2020_LeftArm.csv:[12156,12906,15481,17351,19251,21241,23556,26796,27466]
resources/preprocessed/Interpolated/Andre_liegestuetzen1_13_10_2020_Chest.csv:[17806,18791,19651,20556,21441,22321,23146,23981,24856,25691,26526,27316,28196,29861,30641,31431,33046,33806,34621,35411,36281,37071,37911,38701,39526,40286,41136,41901,42811,43566,44461,45236,46156,46946,47871,48656,49621,50416,51391,52186,53291,54076,55241,56101,57391,58221,59591,60536,62511,63546,65341,66256]
resources/preprocessed/Interpolated/Andre_liegestuetzen2_13_10_2020_RightArm.csv:[43311,44046,44911,45681,46521,47316,48246,49086,49911,50751,51576,52456,53261,54136,54991,55961,56786,57791,58621,59586,60431,61436,62256,63456,64276,65256,66246,67526,68381,69786,70616,72286,73121,74951,75881,78071,79191,79976]
resources/preprocessed/Interpolated/2020-07-02_12.50.00_Belly.csv:[16779,17743,18995,19787,20863,21631,22755,23463,24911,25803,26879,27751,29007,29831,30903,31855,32847,33875,34927,35775,37207,38179,39347,40151,41687,42687,43759,44783,45911,46847,48351,49423,50847,52039,53127,55031,55979,57503,58331,60107,60987,62995]
resources/preprocessed/Interpolated/Andre_liegestuetzen3_13_10_2020_Belly.csv:[32793,33623,34438,35218,36038,36883,37668,38493,39253,40098,40863,41728,42463,43403,44163,45098,45853,46818,47613,48558,49433,50693,51678,52803,53758,55003,55978,57458,58333,60148,61248,62883,63933,64783]
resources/preprocessed/Interpolated/Andre_Squats_13_10_2020_Chest.csv:[62361,63491,64231,67036,68296,72051,73471,74401,75456,77511,78776,82571,83821,87476,88811,92581,93816,97806,99031,102751,103981,107656,108811,112586,113791,117306,118516,121991,123151,126536,127246,128906,129621,131256,132001,133686,134391,136026,136766,138426,139141,140891,141611,143396,144121,145751,146466,148176,148876,150476,151211,152906,153651,155376,156051,157771,158536]
resources/preprocessed/Interpolated/Jan_liegestuetzen1_13_10_2020_LeftArm.csv:[85600,86685,88695,90270,92450,94600,96265,98550,100235,102610,104150,106280,108005,110160,111840,114255,115750,118235,119740,122005,123790,126265,127740,130090,131415,133475,135145,137615,138820,141300,142645,144940,146490,148965,150275,153040,154350,156940,158285,161370,162650,165595,166615,168935,170010,172600,173460,176505,177405,179855,180980,181920]
