resources/preprocessed/Interpolated/Lukas_liegestuetzen3_13_10_2020_RightArm.csv:[11331,12426,13211,14276,14801,15811,17056,18306,18591,19601,19991,21071,21431,22451,22816,23856,24416,25531,26101,27321,28321,28781]
resources/preprocessed/Interpolated/Lukas_liegestuetzen3_13_10_2020_Chest.csv:[11246,12636,12936,14211,14986,15496,15861,16246,16511,16761,17041,17521,18241,18536,19226,19386,19576,19726,19896,20596,21296,22001,22191,22446,22851,23631,23916,25141,25391,25851,27346,27651,28071,28326]
resources/preprocessed/Interpolated/Lukas_liegestuetzen3_13_10_2020_Belly.csv:[12226,13021,14116,14336,14561,14996,15156,15511,15661,15921,16716,17596,18696,19391,19761,20211,20736,20936,21391,22421,22916,23431,23926,24341,24696,25261,25441,26121,26281,27351,27636,27871,28531]
resources/preprocessed/Interpolated/Lukas_liegestuetzen2_13_10_2020_RightArm.csv:[36060,37300,37790,38705,39335,40245,40840,41860,42395,42880,43540,44075,44615,45270,45840,46890,47555,48665,49260,49750,50305,50920,51415,51940,52610,53700,54170,55295,55700,56195,56785,57360,58450,59080,60195,60920,62080,62370,63405,64605,65960,66595,67730,68580,69430,70785,72050,73345,73545,73995]
resources/preprocessed/Interpolated/Lukas_liegestuetzen2_13_10_2020_LeftArm.csv:[36080,37320,37750,38240,38700,40345,41930,43540,44065,45230,47005,47560,48100,48685,49235,50335,50920,51990,52600,53650,54165,55290,56870,57360,58575,59055,60215,60570,60905,62125,63425,64610,66055,66510,67700,68205,68570,69430,70750,72155,72970,73995]
resources/preprocessed/Interpolated/Lukas_liegestuetzen2_13_10_2020_Chest.csv:[36105,37300,37640,38585,38795,38935,40045,40340,40505,42075,42385,43165,43675,43920,44645,44870,45385,45820,46675,46920,47145,47570,48440,48900,49210,49610,50095,50270,50520,51005,51520,51740,52015,52275,52485,53410,53690,54145,55260,55645,56230,56465,56965,57345,58120,58445,58880,59195,59785,60125,60510,61655,61910,62695,63435,64310,65120,66210,67280,67615,68020,68440,69585,70085,70795,72140,72430,73225,73525,73995]
resources/preprocessed/Interpolated/Lukas_liegestuetzen2_13_10_2020_Belly.csv:[36385,37350,37565,38685,39050,40675,40915,41965,42535,43585,43965,45105,45415,45740,46170,46650,46965,47125,47565,48670,48970,49740,50170,50555,50895,51175,51440,51830,52220,52575,52980,53550,53975,54220,55355,55840,56750,57495,58520,58960,59445,59920,60580,61935,62470,62855,63265,64595,64765,65050,66090,66420,66760,67300,67670,68050,68215,68570,69045,69410,70260,70540,72185,72510,72965,73690,73905]
resources/preprocessed/Interpolated/Lukas_liegestuetzen1_13_10_2020_Belly.csv:[38165,38320,39535,39695,41315,41935,42870,43055,43615,43775,45245,46500,47035,47270,48765,49695,49845,50560,50755,52275,53965,54260,54595,56030,56340,57365,57725,58150,58910,59295,59785,61210,62020,63100,63595,63830,65095,65775,66830,67110,67665,68540,69300,69595,70665,71045,71355,72030,72200,72395,72705,73190,73960,74335,74745,75600,75885,76340,77410,77785,78300,78800,79340,79680,80145,80680,80860,81115,81355,81635,81920,82920,83995]
resources/preprocessed/Interpolated/Jan_liegestuetzen3_13_10_2020_RightArm.csv:[34000,34180,36415,37820,38765,39350,40730,42225,43690,45020,46420,47900,49545,51280,53155,55185,55640,56995]
resources/preprocessed/Interpolated/Jan_liegestuetzen3_13_10_2020_LeftArm.csv:[34345,36355,37825,38265,39410,40705,42170,43610,44990,46430,47925,49555,51290,53185,53455,55380,55735,56955]
resources/preprocessed/Interpolated/Jan_liegestuetzen3_13_10_2020_Belly.csv:[34000,34445,34880,35165,36030,36610,37990,38990,39440,39770,40805,42255,42640,43200,43915,45155,45440,46655,47930,48295,49515,50085,51160,51795,53095,53745,54995,55660,56090,56995]
resources/preprocessed/Interpolated/Jan_liegestuetzen2_13_10_2020_RightArm.csv:[16996,17286,17571,18376,19521,20891,22201,23566,24996,26256,27646,29081,30401,31836,33246,34691,36266,37781,39441,41191,42981,44991,45341,47251,47546,47791,47971,49296,50281,50996]
resources/preprocessed/Interpolated/Jan_liegestuetzen2_13_10_2020_Chest.csv:[17596,17966,19516,20841,22301,23611,24951,26261,27706,29051,30386,31846,33221,34596,36241,36511,37691,39476,41256,43226,45336,47346,47816,49601,50066,50996]
resources/preprocessed/Interpolated/Jan_liegestuetzen2_13_10_2020_Belly.csv:[17246,17561,18036,19691,21061,22306,23746,23996,25066,25811,26366,26641,27186,27781,29121,30511,30821,31371,32066,32211,33291,33446,34241,34696,34981,35176,36326,36571,37846,38236,39846,40801,41646,42601,43481,45541,47216,48256,49371,49691,50961]
resources/preprocessed/Interpolated/2020-07-02_14.59.59_LeftArm.csv:[74111,75295,76451,77619,78795,79923,81123,82183,83591,84599,85283,85935,86995,88355,89435,90863,92023,92643,93523,94611,95299,96375,97463,98167,99283,99995]
resources/preprocessed/Interpolated/Andre_liegestuetzen2_13_10_2020_Belly.csv:[39996,40151,40616,41146,41961,42861,43851,44361,44591,45091,46071,46786,47131,47806,48491,48941,49421,50106,51156,51926,52806,53536,54596,55326,56366,57321,57611,58141,59036,59341,59891,60071,60906,61736,63201,63611,63771,64211,64716,65091,65376,65651,67181,67991,68446,68961,69211,70011,70426,70581,71436,71841,72706,73636,74466,75471,76971,77396,77931,78451,78741,79676,79941]
resources/preprocessed/Interpolated/Jan_liegestuetzen1_13_10_2020_RightArm.csv:[85000,85285,86735,86920,88535,89815,90205,92120,94145,96175,97895,98135,98855,100200,100955,101910,103880,105860,107880,109965,111675,113490,113865,115700,117440,119605,121890,123440,123725,124130,125870,127300,127495,128035,129490,131325,133020,133455,135130,136830,137160,138905,139895,140840,142460,143645,144285,144665,146470,147380,148105,148585,150160,151365,151680,152295,152580,154350,155445,158355,159120,160560,160845,162610,164010,165375,166605,167145,167355,168795,169965,170395,170765,172375,173625,174125,174495,174860,176200,176340,177460,178365,179075,179235,179790,180255,180715,181995,182225,182585,183475,183995]
resources/preprocessed/Interpolated/2020-07-02_14.59.59_Chest.csv:[74079,74391,74927,75203,76671,77679,77807,78855,79819,80195,80387,81219,82039,82187,82799,83611,84639,84891,85235,85979,86783,87011,87491,88487,89403,90059,90243,90891,91847,92043,92795,93143,93623,94695,95663,96063,96547,98367,99995]
resources/preprocessed/Interpolated/2020-07-02_15.13.22_Belly.csv:[23003,24043,24691,25403,26427,26879,27251,28171,29127,30171,30295,31175,32311,33219,34071,34663,35355,35727,36627,37715,38843,39919,40199,41199,41951,42103,43155,43683,44623,45703,46355,47055,47327,48251,49123,50051,50403,50983,51883,52615,52935,53267,53935,54203,54927,55895,56095,57631,58399,59403,59739,60935,61343,61967,62275,63059,63347,63955,64727,65019,65239,66011]
resources/preprocessed/Interpolated/2020-07-02_15.13.22_RightArm.csv:[23003,23719,24395,25659,26479,27375,28187,29063,30135,31131,32239,33311,34327,35427,36551,37711,38831,39907,41111,42299,43611,44799,45503,46263,47407,48039,49019,50127,50691,51127,51859,52935,53799,54935,56259,57023,58387,59763,60755,62183,63631,64655,65927]
resources/preprocessed/Interpolated/Lukas_liegestuetzen1_13_10_2020_Chest.csv:[38300,39575,40665,41275,42220,42875,43075,43285,43610,44750,45310,46035,46400,46805,47190,48240,50230,51000,51935,52720,54010,55535,55895,56300,56595,56985,57395,57530,57700,58230,58740,59455,60205,60945,61325,61910,62950,63340,63800,64165,64875,65160,65415,65725,66125,67125,67545,68120,68350,68505,69035,69430,69955,70730,70945,71395,72250,73165,73725,73960,74710,75385,75895,76080,76575,76975,77445,77815,78180,78570,79080,79560,79935,80685,80955,81160,81700,81895,83455]
resources/preprocessed/Interpolated/Jan_liegestuetzen1_13_10_2020_Chest.csv:[84900,85725,85995,86430,87215,88180,88540,89840,90330,90790,91545,92055,92480,94200,94585,96215,96925,97260,98310,99490,99930,100710,100920,101490,102225,102525,104115,105250,105705,106095,107150,107705,107895,108425,109175,110000,110225,110480,110660,111645,113120,113540,115565,116235,117000,119055,119310,120700,121140,121665,122075,122530,122920,123880,124285,124650,126730,128235,129205,130390,131490,133600,133930,135040,135805,137815,138925,141305,142570,142915,143395,144830,146385,147230,147590,148870,149125,149320,150010,151195,151560,154220,155050,156745,158245,159085,159445,159965,160765,161050,161260,162460,163220,163720,164020,164560,166500,167540,169920,170700,171500,172850,173875,174835,177375,179370,179970,180455,181750,181940,182750,183990]
resources/preprocessed/Interpolated/2020-07-02_14.20.28_RightArm.csv:[61995,62955,63867,65011,66155,67283,68419,69507,70635,71819,73011,74131,75343,76655,78059,78455,78611,79551,79939,80087,81071,81851,82883,83443,83699]
resources/preprocessed/Interpolated/2020-07-02_14.20.28_Belly.csv:[61995,63747,64779,65543,66183,66575,67295,67743,68131,68475,68851,69279,69591,69979,70407,70711,71059,71507,71911,72247,72763,73003,73451,74163,74691,75099,75555,75875,76535,76795,77639,77955,78575,79271,79471,79991,80899,81695,82275,82703,83583,83883]
resources/preprocessed/Interpolated/2020-07-02_14.14.32_RightArm.csv:[32019,33167,34079,35223,35643,36495,37303,37799,39067,40327,40795,41695,42103,43051,43539,44415,44935,45835,46271,47147,47647,48559,49015,49419,49947,50435,51371,51855,52807,53239,54255,55683,56251,57515,58951,59439,60767,61343,61779,62835,63563,64135,64995]
resources/preprocessed/Interpolated/2020-07-02_15.13.22_LeftArm.csv:[23003,23695,24303,25671,26315,27295,28171,29099,29219,29355,30199,31107,32227,33179,34323,35387,35503,36047,36623,37707,38843,39875,40399,41131,42167,42955,43619,44807,45459,46267,47363,48047,49079,50079,50811,51811,52891,53771,54823,56267,56979,58259,59731,60619,60919,62147,63667,64623,64879,65763,66067]
resources/preprocessed/Interpolated/2020-07-02_14.14.32_Belly.csv:[32055,33211,33543,33915,34335,34639,34907,35479,35783,36399,36515,36751,37091,37811,38331,39071,39663,40311,40979,42287,43075,43683,44523,44963,45711,45847,46407,47119,47675,48411,48675,49115,49475,49879,50187,50519,51887,52327,52599,53331,54187,54835,55719,56139,56359,57699,58827,59219,59599,59855,60223,61015,61175,61387,61819,62167,62611,62727,63191,63435,63571,63711,64011,64435,64667,64871,64995]
resources/preprocessed/Interpolated/2020-07-02_14.59.59_RightArm.csv:[74031,75339,76507,77659,78839,79827,81163,82303,82875,83579,84715,85967,87015,88371,89507,90875,92071,92359,92707,93547,94651,95243,96391,97435,97991,98127,99179,99995]
resources/preprocessed/Interpolated/Jan_liegestuetzen3_13_10_2020_Chest.csv:[34030,34315,34485,34785,35175,36310,37765,39335,40700,42195,43590,43770,44965,46420,47975,49475,49780,51235,53045,53335,55300,55725,56995]
resources/preprocessed/Interpolated/2020-07-02_14.20.28_LeftArm.csv:[61995,62307,62887,63863,65015,66103,67275,68375,69495,70615,71767,72935,74123,75303,76639,78043,79535,79907,81039,81531,81863,82827,83355,83687]
resources/preprocessed/Interpolated/2020-07-02_13.00.09_Belly.csv:[27355,28643,29399,29707,29951,30427,31255,32339,33263,34191,35019,36099,36847,36979,37223,37399,38215,38611,38751,39155,39351,40079,40923,41131,41287,42211,43015,43279,43443,44295,45287,46591,47415,47827,48667,48835,49719,50107,50339,51159,52383,53027,53991,54887,55531,55879,56667,57687,58923,59467,59995,61103,61387,62123]
resources/preprocessed/Interpolated/2020-07-02_14.14.32_LeftArm.csv:[32003,33179,34095,34403,35215,35655,36463,36895,37767,39059,40343,40771,41727,42075,43031,43479,43891,44427,44891,45847,47107,47583,48003,48539,48971,49391,49931,51347,51799,52235,52703,53191,53619,54219,55663,57447,58979,59263,59751,60775,61715,62775,63355,64091,64995]
resources/preprocessed/Interpolated/2020-07-02_11.17.39_Belly.csv:[58559,59283,59863,60603,61587,62015,62387,62627,63391,64043,64151,64927,65775,66651,67023,67407,68243,69067,70099,71091,71867,72291,72607,73643,74295,75379,75983,76323,76619,77251,78075,79015,80051,80995,81783,82743,83619,83747,84731,85631,86699,87743,88783,90107,91067,91863,92051,93323,94371,95683,96827,97007,97163,98179,99303,99487,100815,102199,103271,103551,103895,104499,104823,105467,105891,106047,106503,106827,107087,108139]
resources/preprocessed/Interpolated/Andre_liegestuetzen3_13_10_2020_Chest.csv:[31003,32283,33298,33743,34053,34213,34798,35318,35808,36073,36923,37338,37798,38613,39158,39353,39718,40583,41358,41888,42063,42583,42993,43778,44393,44563,45258,45473,46138,47023,47273,47483,47893,48323,48748,48903,49073,49248,49613,49993,50473,50978,51268,51658,51998,53073,53553,53943,55268,55678,56228,57173,57713,57968,58243,58478,59433,59778,60713,61628,62518,63273,64183,64883,65453]
resources/preprocessed/Interpolated/2020-07-02_11.17.39_Chest.csv:[58271,59259,60055,60643,61023,61471,62171,63175,64071,64923,65475,65839,66559,67511,68259,69135,69823,70919,71399,71787,72715,73471,74391,75299,76275,77167,77327,78047,79043,79931,80783,81819,82679,83531,83675,84103,84671,85659,86323,87603,88463,89011,89943,90203,91003,91847,92247,92471,93151,93307,94283,95291,95495,96587,98027,99303,100559,101823,102711,103167,104695,105091,106051,106235,106499,107479,108139]
resources/preprocessed/Interpolated/Jan_liegestuetzen1_13_10_2020_Belly.csv:[84900,85185,85530,85770,86265,86690,87625,88555,89450,89660,90570,90850,91815,92705,93260,93595,94105,94480,94830,95625,95810,97395,98370,98640,99745,100860,101325,101595,101820,102565,103275,104640,105170,105435,105870,107240,107855,108690,108930,109595,109805,110030,110315,110570,111515,112415,112865,113755,114065,114610,115390,116760,117555,117990,118520,119345,120100,120415,120810,121065,121850,122415,123285,124860,125955,126445,127365,128700,129585,131145,132150,133320,134895,136150,137160,138660,139755,139980,140670,140850,142030,142290,143685,144690,146070,147560,148425,150000,151305,152445,152685,153955,155310,155625,156615,157725,158010,159510,159970,160835,161180,162455,163925,164345,164630,166180,167820,169660,169940,170450,171020,171440,172310,173275,174130,174850,176275,177120,177930,179575,179985,180800,181590,182770,183130,183840]
resources/preprocessed/Interpolated/2020-07-02_11.17.39_LeftArm.csv:[58227,58879,60043,60671,61347,61751,62275,63347,64031,65047,65747,66647,67467,68399,69087,70055,70883,71895,72639,73659,74459,75467,76323,77303,78083,79107,79923,80935,81755,82571,82835,83655,84767,85647,86379,87511,88827,89975,90907,92079,93215,94335,95531,96763,98099,99315,100551,101943,103179,104571,105527,105871,106127,106759,108139]
resources/preprocessed/Interpolated/2020-07-02_14.59.59_Belly.csv:[74019,74371,74595,75339,76431,76587,77483,78095,78903,79887,81031,81963,82259,82659,83083,83703,84675,85323,85979,86655,86855,86979,87903,88259,88599,89223,89359,89523,89759,89947,90147,90779,91895,93603,94363,94603,94995,95187,95363,96495,97147,97375,97579,97759,98299,99243,99627,99995]
resources/preprocessed/Interpolated/Andre_Squats_13_10_2020_LeftArm.csv:[60996,62976,64341,65721,66071,66986,67266,67731,68436,69176,69496,71161,73786,76651,77956,79126,80966,81901,84186,84976,86076,87071,88926,91926,94266,94486,96276,97451,98296,99346,100076,102061,104356,106761,108666,109086,109526,111621,114086,116621,116851,118166,118906,121256,122566,123446,123656,125836,126996,128206,129311,129611,130676,131806,132991,134161,134321,135381,136511,137841,138931,140241,141446,142786,143876,145126,146311,147526,148606,149881,151026,152366,153486,154776,155911,157176,158356,158996]
resources/preprocessed/Interpolated/2020-07-02_14.07.33_Chest.csv:[7065,7361,8305,9525,10749,11649,12185,13073,13441,14277,14457,14797,16093,17077,17813,18669,19377,19549,19929,21081,21249,22777,23721,24157,24977,25521,26337,26681,26861,27077,27589,27797,28241,29013,29261,29433,29781,30821,31169,31413,31797,31989,32309,32709,33241,33441,34065,35201,35441,35757,36209,36997,37277,38113,38409,38801,39241,39413,40253,41457,41577,42617,43421]
resources/preprocessed/Interpolated/2020-07-02_11.17.39_RightArm.csv:[58227,58851,59527,59835,60591,61315,61647,62319,63023,63375,64023,64719,65059,65719,66375,66731,67423,68067,68431,69063,70115,70859,71543,71947,72671,73315,73687,74423,75183,75499,76279,76923,77319,78063,79127,79903,80659,81007,81783,82559,82903,83631,84535,84795,85619,86367,86735,87587,88831,89995,90895,91115,92071,93111,94287,95523,96767,98035,99331,100591,100863,101967,103191,104563,105867,106771,108139]
resources/preprocessed/Interpolated/Andre_liegestuetzen3_13_10_2020_RightArm.csv:[31003,32338,32973,33448,33963,34688,35008,35653,36213,36703,37263,37853,38298,38908,39438,40438,41078,41568,42063,42788,43793,44523,45488,46168,47258,47928,48398,48943,49598,49993,51253,52148,52613,53323,54358,55493,56393,56838,57968,59458,60743,62233,63588,65498]
resources/preprocessed/Interpolated/2020-07-02_12.50.00_LeftArm.csv:[16003,16619,16931,18395,19519,20327,21315,22255,23295,24403,25439,26467,27439,28519,29519,30479,31531,32479,33503,34515,35583,36727,37823,38891,40035,41263,42295,43343,44447,45563,46675,47959,49207,50471,51739,53151,54587,55799,57115,58335,59735,61023,62683]
resources/preprocessed/Interpolated/2020-07-02_14.20.28_Chest.csv:[61995,62503,62923,63311,63755,63887,64467,64763,65163,65487,65963,66203,66599,67203,67739,68863,69955,71115,72283,73427,74663,74931,75335,75859,76503,77199,77831,78199,78807,79075,79387,80123,80295,80975,81695,82131,82487,82679,83003,83611,83903]
resources/preprocessed/Interpolated/2020-07-02_14.07.33_RightArm.csv:[7005,8153,9065,9433,10313,10709,11593,12385,12921,13329,13753,14217,15557,15965,16121,16853,18125,19417,20725,21197,22125,22613,23605,24869,26241,26681,27069,27609,29017,29985,30517,31909,33409,34261,34861,35761,36329,37781,38301,39353,39673,41013,41365,42753,43329]
resources/preprocessed/Interpolated/Lukas_liegestuetzen1_13_10_2020_RightArm.csv:[38230,39525,40155,40600,41190,42005,42325,42980,43740,44260,44830,45470,46620,47230,48360,49060,50085,50865,51870,52685,53785,54615,55705,56490,57540,58305,59455,60200,61325,62090,63065,63835,64890,65790,66965,67610,68575,69520,69755,70700,71390,72465,73140,74270,74905,75955,76605,77700,78385,79540,80230,81485,83635,83995]
resources/preprocessed/Interpolated/2020-07-02_14.07.33_Belly.csv:[7025,8277,9557,10157,10993,12125,12961,13541,14529,14765,15485,16077,17045,18129,18793,19173,19977,20733,21313,22113,22721,23665,23889,24069,25121,25441,26137,26769,27613,27845,28153,28881,29097,29649,30501,31013,32077,32193,33361,33925,34777,35165,35865,36041,36337,36657,36965,38005,39309,39621,39729,40897,41309,41501,41741,42465,42613,43309,43561,43981]
resources/preprocessed/Interpolated/Andre_liegestuetzen1_13_10_2020_RightArm.csv:[16996,18251,19146,19401,20146,20851,21241,21861,22486,22961,23551,24331,25366,25861,26286,27026,27616,27911,28661,29211,29611,30346,30766,31836,32406,33481,33976,34396,35041,35631,36021,36771,37311,37691,38446,38881,39311,39866,40526,41526,42181,43161,43811,44286,44796,45536,45956,46566,47236,47686,48076,48286,49031,49416,50001,50746,51816,52651,53681,54596,55626,56291,56741,57881,58896,60096,61096,61816,63031,64106,64606,65901,66726]
resources/preprocessed/Interpolated/2020-07-02_12.50.00_RightArm.csv:[16111,16971,18419,19279,19571,20339,21399,22235,23303,24435,25463,26479,27499,28467,29559,30551,31567,32447,33523,34591,35623,36723,37863,38939,40071,41255,42367,43371,44519,45547,46711,47919,49247,50511,51751,53151,54619,55851,56979,57243,58319,59719,61019,62683]
resources/preprocessed/Interpolated/Andre_Squats2_13_10_2020_Belly.csv:[47560,48765,49095,49475,50395,50990,51245,51480,52520,53330,53625,54000,54780,55650,56155,57215,58015,58320,58745,59530,60685,61900,63075,64380,64915,65360,65895,66360,66800,67270,68775,70110,70550,71595,71930,72345,72695,72875,73050,73235,73635,74130,74445,74925,76295,77370,78545,78920,79690,79875,81100,81395,81640,82015,83035,83980,84155,84440,85315,87145,90130,91075,91375,91555,92080,92350,92650,93235,93730,94090,94405,95315,96980,98105,98345,98615,98860,99505,99970,101100,101570,103820,104065,104990,105470,106190,107545,107950,108340,109330,109525,110275,111280,112045,113045,113410,114490,114845,115420,116345,117050,117385,118250,119390,119615,120365,121305,121790,122155,123115,123330,124170,124685,125050,126060,126380,127150,127970,129640,129875,132555,132815,133595,134760,136790,138450,139295,140090,141515,143765,143980,144535,145040,146440,147740,148970,150005,151180,151435,151665,152050,152580,152780,153280,153605,154945,155795,157455,157695,158375,159575,159945,160705,161840,162235,162565,163075,163405,164325,165370,166210,166635,167650,168005,169120,169380,170135,170565,170935,171795,172265,173010,174100,175535,176335,176820,177040,177540,178080,178460,178830,180390,181570,181975,182230,183065,185425,186535,186950,187240,188025,188990,190395,192780,194315,194775,195230,197250,198105,199260,200080,200480,201340,201805,202790,204535,205315,207180,209420,211685,211905,212190,213355,213995]
resources/preprocessed/Interpolated/2020-07-02_12.50.00_Chest.csv:[16015,16183,16435,16663,16983,17259,18167,18959,19243,19563,19671,19871,20567,21215,21539,22595,23439,23607,24003,24435,24607,25255,25619,26067,26479,26723,27199,27587,27883,28631,28951,29651,30235,30563,30995,31139,31347,31523,31667,32087,32451,32999,33395,33643,35019,35687,37019,37323,37703,38003,38987,39215,39435,40267,40387,41439,41667,41823,42019,42263,42439,43635,43927,44291,44611,45503,46171,46779,47935,48763,49047,49307,49467,50419,50619,51147,51267,51603,51943,52479,53055,53767,54167,54611,54807,55747,56359,57091,57339,57715,58263,58999,59147,59379,59967,61019,61759,61923,62879]
resources/preprocessed/Interpolated/2020-07-02_13.00.09_Chest.csv:[27399,28235,28511,29315,30347,30539,31167,31387,32387,33159,34071,34339,35115,35643,36047,36243,36407,37095,38207,39063,40323,41139,42475,42827,43211,43763,44111,44363,44683,45407,46847,47715,48319,49115,49319,50003,50739,51343,52379,53391,54091,55191,56219,56991,57183,58043,58239,58583,58883,59335,60083,60987,61379,62411]
resources/preprocessed/Interpolated/2020-07-02_13.00.09_RightArm.csv:[27455,28611,29487,30439,31311,32303,33239,34075,35039,35967,36203,37055,38091,38979,40155,41099,42215,43079,44055,44203,45291,46423,46723,47635,48667,49827,51199,52419,53835,55147,56275,56663,58139,59055,59271,60107,62331]
resources/preprocessed/Interpolated/2020-07-02_15.13.22_Chest.csv:[23003,23671,23907,24459,24731,25147,25471,26367,27195,28051,28679,29059,29275,30039,31071,32087,33143,34067,34827,35283,36615,36767,37683,38611,38755,39771,41087,42191,42575,43003,43155,43355,43583,44255,44727,45667,45923,46291,47039,47323,48311,49071,50043,50967,51223,51807,52835,54087,54523,54931,55095,56295,57007,57227,57611,58367,59035,59747,60923,61727,61967,62347,63455,63599,64819,65027,65251,65707,65991]
resources/preprocessed/Interpolated/Andre_liegestuetzen1_13_10_2020_Belly.csv:[16996,18376,19266,20201,20951,21221,22061,23556,24356,25336,26336,27056,27806,28581,30261,30986,31336,31846,32076,32401,32801,33446,33981,34306,35031,35771,36111,36781,38236,38436,39816,40611,41496,42201,43131,43886,44851,45536,46521,47446,48226,49176,50091,51676,51841,53646,54321,54701,55726,56781,58076,58871,59041,59281,59991,60816,61181,61946,62356,62921,64091,64531,64741,65841,66011,66996]
resources/preprocessed/Interpolated/2020-07-02_15.31.36_Belly.csv:[72271,73235,74431,74811,75435,76219,76595,76855,77551,78003,78131,78303,78675,79555,80251,81043,81347,81651,82043,82347,82639,82967,84259,85079,85743,86383,87675,87979,88299,88671,89595,90059,90331,90931,92087,93027,93207,94387,95027,95579,96527,97263,97679,98947,99791,100375,101155,101319,102091,103855,104931,105927,106399,106591,107379,107755,108727,109223,109863,110271,110671,110887,111123,111991,112763,113931]
resources/preprocessed/Interpolated/Jan_liegestuetzen2_13_10_2020_LeftArm.csv:[17271,18201,19446,20866,22226,23486,24811,26166,27556,29011,30371,31781,33216,34666,35166,36186,37781,39481,41211,43091,43261,45036,45326,47236,47776,48046,49131,49321,50266,50996]
resources/preprocessed/Interpolated/2020-07-02_15.31.36_Chest.csv:[72271,73323,73819,74115,74459,74791,75095,75479,75663,75791,76651,77295,78103,78919,79335,79511,80755,81283,82559,84263,84919,85283,85667,86395,87663,88691,89639,90207,90347,90699,90911,92019,92139,93115,94423,95435,96699,97331,97599,97787,97919,98927,99663,99883,100875,101287,102299,102599,103267,103907,104831,105659,106419,107019,107423,108439,109111,109759,111011,111127,111935,112811,113915]
resources/preprocessed/Interpolated/Andre_Squats_13_10_2020_RightArm.csv:[60996,62941,64271,65551,66141,66956,67246,67486,68486,69316,71291,73816,76361,76941,78286,79136,81871,84136,86411,86846,88306,88946,91796,93226,94466,97096,98626,99321,99501,102111,104301,106466,106806,108536,109386,111271,113416,114076,114766,116656,117906,118916,121186,123436,125746,126936,128226,129291,129586,130666,131966,132986,134156,135366,136441,137731,138951,140221,141441,142791,143851,145166,146261,146516,147551,148681,149881,151021,152326,153551,154756,155901,157186,158331,158996]
resources/preprocessed/Interpolated/2020-07-02_14.14.32_Chest.csv:[32011,33131,33467,33859,34239,34615,35779,36363,36699,37071,37699,38023,38383,38783,39199,39635,40351,40963,42283,43103,43719,44607,45139,45767,46059,46467,46751,46867,47043,47835,48479,48695,49147,49879,50191,50627,50923,51339,51699,51967,52307,52623,53371,54075,55047,55179,55743,56511,56639,57831,58127,58519,58931,59079,59323,60163,61419,62075,62747,62887,63287,63435,63775,64119,64995]
resources/preprocessed/Interpolated/2020-07-02_15.31.36_LeftArm.csv:[72271,73331,74811,76387,77267,78271,78827,79435,80863,81051,82595,84775,84967,85559,85751,86395,87887,88859,89951,90951,91635,92163,93111,93251,94391,95619,96703,97619,98215,98963,100055,100627,101303,102379,103059,103895,104871,105667,106423,107491,108159,109095,110255,110883,111775,112871,113627,113975]
resources/preprocessed/Interpolated/2020-07-02_15.31.36_RightArm.csv:[72343,72755,73291,74055,74247,74455,74859,75179,75859,77299,78523,78675,79235,79367,80647,82447,82579,83599,84431,85043,86391,87803,88871,89963,91027,92175,93223,94411,95439,96623,97667,98987,99939,101331,102375,102959,103863,104883,105519,106423,107547,108123,109107,110227,110795,111815,112919,113555]
resources/preprocessed/Interpolated/Andre_Squats2_13_10_2020_Chest.csv:[47500,49160,50335,51430,52695,53665,54885,55995,57260,58410,59715,60765,61945,63120,64325,65495,67285,68785,70250,72315,74135,76440,77420,77870,79715,80900,81345,82965,85445,86900,88475,88830,89885,91355,92630,94130,96945,98415,99440,101165,103905,105925,106270,106795,107920,108265,108715,109015,110560,112685,113030,113770,114005,114530,114965,115675,117760,118225,120020,120210,120500,120735,121950,123085,124150,124485,124985,125765,126955,127860,128980,129780,130480,132310,134640,136835,138095,139120,139360,141515,144045,146435,148810,151660,153670,155935,157095,157845,158040,158300,159365,160470,162890,163370,165385,166435,167785,169100,169275,170230,171810,173405,174415,175445,176600,177585,177925,178395,179225,180445,181470,182540,182795,183210,185400,186535,187555,188205,189025,190415,191280,192355,193135,193980,195225,197115,197375,197905,198625,198835,200125,201055,201920,202750,204540,206860,207425,209540,210815,211325,212120,213995]
resources/preprocessed/Interpolated/2020-07-02_14.07.33_LeftArm.csv:[7005,8173,9049,9437,10349,10693,11593,11993,12861,14201,14625,15505,16029,16865,18129,19349,19793,20217,20717,21165,22117,22589,23549,24873,26221,27065,27625,29053,29969,30529,31893,33345,34789,36297,37717,38685,39301,40953,42681,43141,43753]
resources/preprocessed/Interpolated/Andre_Squats2_13_10_2020_RightArm.csv:[47500,49120,50325,51450,52590,53670,54765,55945,56975,58305,59485,60715,61810,63105,64350,65540,68610,70410,72450,75995,79625,82945,86585,88250,88610,89975,93285,93960,95385,95675,96990,97805,100370,100550,101060,102525,104625,105885,106320,107600,109505,110255,110810,111635,113040,113315,113510,113780,114600,115895,116295,116645,117165,117330,117885,118815,120040,120980,122260,122570,123795,124175,124945,125915,127055,127585,129760,132070,134555,136845,139065,141470,143950,146330,148935,151005,153510,155905,158145,159585,160585,163095,165490,167820,169470,170300,171540,173290,174540,175500,178165,180320,182795,185380,187840,190305,192745,195125,197500,199305,200765,200935,202020,203685,204550,206950,208470,209475,211855,213275,213515,213995]
resources/preprocessed/Interpolated/Andre_liegestuetzen1_13_10_2020_LeftArm.csv:[16996,18351,19106,19461,20196,20766,21251,21876,22966,23511,24171,24611,25321,25826,26351,26876,27611,27971,28636,29186,29661,30226,30736,31246,31806,32381,32841,33346,33941,34446,35046,35616,36091,36666,37261,38311,38841,39856,40406,40936,41526,43241,43816,44851,45521,45911,46601,47251,48321,49426,50126,51916,52671,53091,53751,54621,55016,55781,56756,57096,57946,58936,59256,60171,60936,61826,63086,64611,65851,66701]
resources/preprocessed/Interpolated/2020-07-02_13.00.09_LeftArm.csv:[27519,28603,29547,30419,31335,32315,33183,34183,35103,36143,37083,38075,38979,40087,41083,42191,43099,44227,45311,46615,47675,48623,49923,51187,52499,53875,55183,56683,58203,59043,59271,60059,62391]
resources/preprocessed/Interpolated/Andre_liegestuetzen3_13_10_2020_LeftArm.csv:[31098,32408,32958,33443,33903,34618,35068,35628,36213,37278,37823,38313,38908,39418,39898,40468,42098,42693,43858,44393,45558,46153,46633,47318,47888,48398,49203,49618,50093,50523,51263,51918,53408,54383,54753,55598,55758,56153,56298,56833,57128,58123,59508,60718,61598,62368,63768,65018,65468]
resources/preprocessed/Interpolated/Lukas_liegestuetzen1_13_10_2020_LeftArm.csv:[38255,39540,41195,41905,42180,43075,43740,44810,45470,46720,47310,48290,49510,50175,50830,51965,52675,53775,54580,55815,56455,57705,58215,59420,60175,61225,62080,63075,63820,65020,65780,66900,67575,68620,68820,69540,70735,71370,72530,73105,74290,74890,76015,76605,77735,78380,79570,80215,81360,82075,82590,83995]
resources/preprocessed/Interpolated/Andre_Squats2_13_10_2020_LeftArm.csv:[47500,49125,50320,51430,52570,53710,54750,55940,57115,58350,59590,60745,61815,63125,64280,65405,66530,68640,71520,72300,72600,74100,74540,74930,75920,76630,79635,81240,82930,86630,88805,90005,93885,95085,95415,97115,97460,99600,100610,102315,102815,104060,104430,104820,105270,105710,105885,107615,108830,109940,110555,111560,112010,112325,112685,113175,114135,114870,116115,117335,118650,119340,120110,121000,121890,122250,122975,124845,126015,127125,127535,127865,128435,129620,132260,134495,136900,139235,141460,143875,145315,146315,148870,150990,153565,155965,157805,158200,159710,160040,160605,161425,161630,162540,163615,164390,165260,166165,166690,166915,167685,168065,169395,170200,171010,171890,172840,173180,175415,178195,180345,182935,185315,186615,187405,188105,190110,192625,192875,195100,197570,199325,201055,202090,204380,205910,206860,209390,210130,210485,212060,213645,213995]
resources/preprocessed/Interpolated/Andre_Squats_13_10_2020_Belly.csv:[60996,62601,63041,64176,65251,65536,65961,66311,67061,68491,69256,70301,71501,71706,72581,73071,74141,75246,77176,79116,80856,82196,83286,84206,85786,87146,89146,90736,90946,91806,92066,94276,95946,96956,99236,99516,100836,101226,101736,102206,104416,106026,106826,107196,109296,111746,112376,114136,115246,115776,116596,117996,119076,120066,120386,121626,123546,124406,125146,125626,125956,127136,128301,129526,130821,131976,133156,134311,135566,136701,137956,139031,140421,141576,142871,144051,145266,146481,147651,148716,150086,151156,152426,153646,154811,155971,157326,158486]
resources/preprocessed/Interpolated/Andre_liegestuetzen2_13_10_2020_Chest.csv:[39996,40166,40311,40706,41081,41856,42296,42711,43111,43676,44341,44566,45031,45541,46081,46431,46751,47841,48086,48586,49421,49761,51196,51756,52926,53496,54536,55241,55661,56326,57121,57321,58221,58731,59021,60071,60771,61591,61861,62366,62701,63251,63586,64006,64361,65021,65326,65521,65886,66566,66886,67451,67691,68036,68921,69326,70266,71131,71326,71636,71796,72711,73586,74096,74396,74596,74906,75271,76331,77101,78181,78451,78646,79666,79996]
resources/preprocessed/Interpolated/Andre_liegestuetzen2_13_10_2020_LeftArm.csv:[39996,41176,41831,42326,42876,43916,44461,45046,45571,46041,46711,47186,47776,49561,51091,51851,52321,52876,54621,55311,55786,56371,57111,57581,58366,58951,59426,60071,60756,61896,62726,63191,63926,64696,65111,65816,66816,67981,69011,69381,70256,70956,71341,71801,72611,73561,74106,75406,76291,77281,78641,79526,79996]
resources/preprocessed/Interpolated/Lukas_liegestuetzen3_13_10_2020_LeftArm.csv:[11331,12451,13061,14321,15851,17006,18261,19606,21036,21336,22471,23896,24296,25526,25861,27336,28101,28401,28796]
resources/preprocessed/Interpolated/Andre_liegestuetzen1_13_10_2020_Chest.csv:[16996,18026,18371,19421,20251,21816,23571,24231,25296,26351,26926,28616,29586,30476,31296,31986,32376,33366,34476,35031,36146,36686,37261,38361,39301,40011,40211,41516,42286,43176,44806,46516,47246,48246,49061,49996,50681,50841,51831,52251,52666,53731,54131,54596,55721,56671,57206,57596,57941,58271,58601,59266,60111,61191,61556,61871,62021,62296,63051,64126,64306,64556,65026,65841,66001,66681,66866]
resources/preprocessed/Interpolated/Andre_liegestuetzen2_13_10_2020_RightArm.csv:[39996,41091,41881,42321,42856,43441,43866,44421,45076,45516,46076,46796,47906,48476,49511,50091,50496,51161,51901,52836,53556,53976,54621,55336,56256,56411,57176,58181,59026,59426,59941,60761,61261,61896,62386,62741,63176,63696,64721,65826,66831,68006,69151,70191,71471,72636,74141,75366,76121,77156,78661,79251,79996]
resources/preprocessed/Interpolated/2020-07-02_12.50.00_Belly.csv:[16575,16775,18179,19375,20115,20739,21339,22003,22163,22363,23299,23943,24227,24487,25559,27415,28339,28899,29547,30311,30691,30847,30995,31595,32055,32239,33579,34179,34307,34895,35655,36563,36831,37171,37827,37975,38591,38763,38919,39147,39283,40035,40923,41343,41599,42283,42843,43023,43423,43551,44527,45423,45595,45867,46695,47571,48343,49151,49351,50219,50503,50835,51715,53103,53743,54627,55635,55915,56251,57111,57803,58855,59863,60735,60895,61187,61623,62547]
resources/preprocessed/Interpolated/Andre_liegestuetzen3_13_10_2020_Belly.csv:[30998,32278,33083,33433,33913,34883,35748,36298,36638,37053,37843,38288,38633,39453,39918,40193,40398,40953,41378,41928,42823,43783,44468,44758,44928,45403,45918,46198,47228,47728,48128,49018,49843,51243,52028,52193,53213,53883,54148,54388,54543,54698,54853,55563,55908,56258,56643,56783,57188,57703,57858,58853,59888,60813,61638,61983,62338,63228,63438,63893,64388,64578,64868,65068,65448]
resources/preprocessed/Interpolated/Andre_Squats_13_10_2020_Chest.csv:[60996,62906,64321,65461,66241,68436,71196,73111,73901,74591,74871,77011,79201,80931,81971,82871,84251,85921,86371,86981,87891,88051,89301,91001,92001,93281,93461,94291,96121,96341,96581,97191,98181,98371,99501,99961,101091,102231,103041,104371,106251,107011,108021,108201,109371,111251,111531,111931,112771,113081,114151,116071,116386,116891,118891,119811,121471,123541,124901,125281,125701,125931,127276,128251,129541,130696,132036,133121,134356,135426,136756,137846,139161,139701,140411,141646,142841,144116,145166,146536,147576,148791,149916,151196,152326,153716,154751,156071,157211,158551]
resources/preprocessed/Interpolated/Jan_liegestuetzen1_13_10_2020_LeftArm.csv:[84915,85440,85740,85890,86780,88485,89855,90345,90580,92115,94020,94260,96125,98070,98235,100080,102220,103755,103935,105480,105810,107690,109670,111590,113495,113825,115670,116230,116500,117490,117740,119505,120195,121880,123340,123595,124135,124465,125950,127210,128005,129550,131050,131830,134860,136750,138670,139840,140785,142480,143305,144370,144685,146380,147155,148420,149350,150020,150850,151780,152575,154285,154735,155020,156275,158065,159085,159350,160795,162085,162585,163510,164530,166450,166820,167030,167290,169680,170510,170840,171250,173150,173510,174190,177345,178380,179380,180660,182710,183990]
