resources/preprocessed/Interpolated/Lukas_liegestuetzen3_13_10_2020_RightArm.csv:[10996,13896,15496,16761,17986,19281,20711,22141,23526,25116,26816,28306]
resources/preprocessed/Interpolated/Lukas_liegestuetzen3_13_10_2020_Chest.csv:[11531,12866,13916,15491,16776,17986,19276,20701,22136,23536,25091,26816,28271]
resources/preprocessed/Interpolated/Lukas_liegestuetzen3_13_10_2020_Belly.csv:[11561,12861,13936,15486,16781,17996,19291,20691,22141,23526,25096,26796,28241]
resources/preprocessed/Interpolated/Lukas_liegestuetzen2_13_10_2020_RightArm.csv:[36945,38380,39975,41510,43050,44710,46480,48235,49910,51610,53260,54830,56405,58040,59735,61630,64210,65720,68840,71675,72905]
resources/preprocessed/Interpolated/Lukas_liegestuetzen2_13_10_2020_LeftArm.csv:[36180,37565,39195,40705,42265,43770,44790,46475,48230,49895,51595,53275,54845,56395,58060,59780,61640,64200,65720,68755,71600,72995]
resources/preprocessed/Interpolated/Lukas_liegestuetzen2_13_10_2020_Chest.csv:[36330,37590,39195,40720,42265,43785,44805,46500,48255,49905,51600,53270,54865,56405,58050,59765,61630,64200,65695,68845,71685,73025]
resources/preprocessed/Interpolated/Lukas_liegestuetzen2_13_10_2020_Belly.csv:[36400,37610,39180,40720,42270,43780,44800,46490,48280,49920,51605,53270,54860,56390,58040,59765,61620,63075,65680,68810,71620,72935]
resources/preprocessed/Interpolated/Lukas_liegestuetzen1_13_10_2020_Chest.csv:[38445,40110,41765,43580,45255,46150,47890,49670,51440,53310,54195,55210,56100,57110,58895,60845,62680,64465,66420,68245,70120,71015,72040,73790,75550,77265,79010,80900,83055]
resources/preprocessed/Interpolated/Lukas_liegestuetzen1_13_10_2020_Belly.csv:[38430,40830,41760,43595,45270,46175,47895,49670,51440,53315,54225,55245,57100,58910,60875,62720,64480,66420,68255,70140,72050,73820,75570,77270,79030,80910,83090]
resources/preprocessed/Interpolated/Jan_liegestuetzen3_13_10_2020_RightArm.csv:[34285,37480,38950,40405,41815,43265,44700,46045,47485,49035,50725,52580,54560,55920]
resources/preprocessed/Interpolated/Jan_liegestuetzen3_13_10_2020_LeftArm.csv:[34000,36655,38125,39655,41045,42450,43925,45280,46700,48110,49075,50840,52580,54585,56870]
resources/preprocessed/Interpolated/Jan_liegestuetzen3_13_10_2020_Belly.csv:[35515,36745,38175,39665,41075,42470,43935,45355,46715,48140,49080,50810,52600,54550,55935]
resources/preprocessed/Interpolated/Jan_liegestuetzen2_13_10_2020_RightArm.csv:[17126,20566,21941,23211,24626,25941,27266,28696,30046,31466,32871,34301,35801,37371,39021,40616,42501,44381,46691,49121]
resources/preprocessed/Interpolated/Jan_liegestuetzen2_13_10_2020_Chest.csv:[17416,20571,21951,23291,24631,25951,27286,28706,30091,31476,32891,34306,35816,37371,39041,40681,42511,44416,46696,49211]
resources/preprocessed/Interpolated/Jan_liegestuetzen2_13_10_2020_Belly.csv:[17266,19806,21221,22586,23961,25246,26596,27956,29321,30721,32111,33486,34901,35801,37366,39016,40676,42476,44376,46656,48096]
resources/preprocessed/Interpolated/Andre_liegestuetzen3_13_10_2020_RightArm.csv:[31003,32783,34433,36043,37683,39268,40888,42488,43408,45103,46813,48563,49463,50683,51678,52783,53763,55103,55988,57653,60308,61213]
resources/preprocessed/Interpolated/2020-07-02_14.20.28_RightArm.csv:[61995,64879,65939,66979,68179,69295,70271,71531,72751,73883,75059,76379,77783,79259,80719,82539,83963]
resources/preprocessed/Interpolated/2020-07-02_14.20.28_Belly.csv:[61995,63691,64867,65935,67055,68187,69311,70431,71579,72763,73947,75123,76383,77759,79235,80703,82519,84007]
resources/preprocessed/Interpolated/2020-07-02_14.14.32_RightArm.csv:[32003,35051,36271,37551,38831,40067,41419,42787,44131,45563,46935,48303,49671,51091,52503,53911,55367,56919,58275,59227,60427,62455,63763]
resources/preprocessed/Interpolated/2020-07-02_15.13.22_LeftArm.csv:[23099,26003,26779,27647,28699,29643,30623,31635,32835,33627,34995,35879,36739,37983,39455,41731,42707,44283,45343,46951,47935,50567,51603,53431,54707,60499,61667,63587]
resources/preprocessed/Interpolated/2020-07-02_14.14.32_Belly.csv:[32031,35051,36271,37539,38811,40087,41431,42747,44143,45551,46911,48267,49631,51055,52479,53883,55339,56859,57575,58539,60379,62367,64807]
resources/preprocessed/Interpolated/2020-07-02_14.59.59_RightArm.csv:[73999,75943,77171,78091,79371,80331,81887,82687,84295,85051,86587,87451,89135,89939,91619,92495,93499,95119,97175,97967,99123]
resources/preprocessed/Interpolated/2020-07-02_14.20.28_Chest.csv:[61995,64883,65955,67087,68199,69323,70451,71595,72783,73963,75143,76395,77779,79251,80727,82535,84007]
resources/preprocessed/Interpolated/2020-07-02_14.07.33_RightArm.csv:[7493,11337,12649,13977,15265,16565,17857,18609,19729,21049,21809,23253,24601,25945,27301,28741,30221,31629,33069,34529,35973,37481,38965,40645,42333,43649]
resources/preprocessed/Interpolated/Lukas_liegestuetzen1_13_10_2020_RightArm.csv:[38505,40105,41760,43560,45240,46985,47875,49565,50475,51425,52310,53210,54205,55170,56110,57125,58875,60815,62675,64420,66430,68235,69120,70060,71030,72045,73780,75525,77245,78980,80895,82620]
resources/preprocessed/Interpolated/2020-07-02_14.07.33_Belly.csv:[7005,8853,10097,11345,12637,13973,15281,16577,17845,19165,20449,21821,23237,24585,25941,27297,28713,30193,31597,33025,34445,35937,37421,38929,40605,42309,44117]
resources/preprocessed/Interpolated/2020-07-02_13.00.09_RightArm.csv:[26999,28883,30035,30771,31903,33203,35655,36535,37411,38363,39251,40431,42443,43483,48927,49943]
resources/preprocessed/Interpolated/Jan_liegestuetzen3_13_10_2020_Chest.csv:[34040,37520,38975,40430,41820,43290,44710,46075,47510,49085,50830,52595,54575,55950]
resources/preprocessed/Interpolated/2020-07-02_14.20.28_LeftArm.csv:[61995,64307,65407,66503,69271,70383,71495,72659,73835,74915,76331,77699,79187,80667,82063,83095,83891]
resources/preprocessed/Interpolated-Revised/Jan_liegestuetzen1_13_10_2020_edited_Belly.csv:[72001,74318,75564,76881,78172,79488,80759,82046,83372,84728,86015,87281,88507,89768,91015,92271,93532,94869,96205,97601,99123,100769,102586,104518,106765,108067]
resources/preprocessed/Interpolated/2020-07-02_12.50.00_LeftArm.csv:[16395,21615,22783,24963,26935,27643,29027,29819,30919,31823,32875,33599,34971,35675,38223,40087,42679,43783,44559,45983,46759]
resources/preprocessed/Interpolated/2020-07-02_13.00.09_Chest.csv:[26999,28927,29887,30799,31759,32655,33463,34547,35455,36439,37467,38523,39451,40395,41575,42471,43447,44539,45299,46999,47979,49151,49999,51523,53003,54335,55335,57227,57995]
resources/preprocessed/Interpolated/2020-07-02_12.50.00_Chest.csv:[16759,18995,19787,20867,21631,22727,23443,24923,25803,26883,27759,28967,29823,30907,31863,32831,33867,34939,35763,37195,38167,39343,40143,41691,42687,43747,44783,45939,46831,48351,49355,50855,51967,53147,54987,56011,57499,58331,60115,61003]
resources/preprocessed/Interpolated-Revised/Jan_liegestuetzen1_13_10_2020_edited_LeftArm.csv:[72997,74308,75574,76851,78137,79473,80734,82041,83367,84718,86005,87276,88537,89773,91020,92246,93527,94894,96200,97631,99118,100779,102601,104553,106780,108102]
resources/preprocessed/Interpolated-Revised/Jan_liegestuetzen1_13_10_2020_edited_RightArm.csv:[72001,74323,75559,76861,78182,79468,80744,82046,83357,84723,86000,87271,88512,89763,91020,92266,93522,94859,96185,97606,99108,100759,102151,103137,105064,106760,107972]
resources/preprocessed/Interpolated/Andre_Squats2_13_10_2020_Belly.csv:[47500,49725,52020,54275,56555,58940,61315,63675,65960,67960,69505,70705,73365,75450,76820,78830,80325,82260,83735,87310,88965,92215,93470,94435,96080,96970,101525,103215,104120,106105,110020,111340,113300,117130,118575,120265,122790,125985,127535,130675,132035,135400,136455,137985,139870,141070,142755,144720,145825,146885,149670,151445,154130,155425,156910,158910,160000,160935,163605,164955,166110,168670,169810,173870,175090,178645,179930,183470,184905,188700,189915,191630,193520,194800,198365,199800,203120,204380,205840,207790,209215,210750,212610,213995]
resources/preprocessed/Interpolated/2020-07-02_13.00.09_Belly.csv:[26999,28907,29859,30787,31771,32659,33391,34547,35583,36447,37515,38555,39427,40407,41411,42451,43443,44519,45319,46999,47911,49135,49991,51599,52355,54163,55427,57215,57971]
resources/preprocessed/Interpolated/2020-07-02_14.14.32_LeftArm.csv:[32003,35027,36243,37531,38787,40067,41423,42747,44131,45531,46875,48263,49603,51051,52467,53847,55291,56863,57639,58631,59975,60995,62467,64491]
resources/preprocessed/Interpolated-Revised/Jan_liegestuetzen1_13_10_2020_edited_Chest.csv:[73022,74318,75574,76881,78177,79478,80754,82056,83372,84728,86010,87281,88532,89778,91020,92261,93532,94889,96205,97626,99133,100789,102601,104558,106780,108057]
resources/preprocessed/Interpolated/2020-07-02_11.17.39_Belly.csv:[58359,59211,60023,61183,61923,62779,63575,64555,65307,66195,66947,67899,68647,69539,70339,71299,72119,73167,73871,74907,75735,76619,77491,78491,79331,80311,81215,82239,83119,84111,85071,85991,86923,88087,88911,90419,91427,92275,93643,94679,96067,97163,98567,99459,101195,102391]
resources/preprocessed/Interpolated/Andre_liegestuetzen3_13_10_2020_Chest.csv:[31068,32793,34433,36043,37678,39263,40878,42473,43403,45088,46818,48563,50678,51678,52793,53758,55043,55978,57478,60233,61223,62908,63933,64838]
resources/preprocessed/Interpolated/2020-07-02_11.17.39_Chest.csv:[58387,59311,60119,61191,61931,62799,63599,64539,65299,66195,66951,67899,68667,69583,70351,71363,72147,73175,73907,74891,75763,76671,77515,78503,79335,80375,81219,82275,83127,84123,85087,86043,86899,87971,89563,90431,91447,92387,93619,94671,96095,97223,98539,99487,101151,102639,103875,104579]
resources/preprocessed/Interpolated/2020-07-02_11.17.39_LeftArm.csv:[58227,59907,61931,62771,63571,64507,65275,66255,67963,68687,69655,70375,71375,72143,73163,74811,75779,76603,77431,80527,81399,82267,83155,84131,85119,86023,86811,87723,88855,90491,91447,92507,93615,94731,95987,100795,102075,103831,104563]
resources/preprocessed/Interpolated/2020-07-02_14.59.59_Belly.csv:[73999,76023,76995,77795,79403,80263,81779,82671,84235,85023,86575,87403,88419,89883,91503,92415,94223,95015,97143,97935,99131]
resources/preprocessed/Interpolated/Andre_Squats_13_10_2020_LeftArm.csv:[61591,63491,67041,68876,72111,73386,74456,75591,77421,78726,80361,82501,83801,84781,87546,88786,92546,93741,95366,97766,98981,102691,103936,104861,107656,108741,110601,112601,113701,114826,117291,118406,121916,123141,126521,128906,131221,133676,136016,138406,140871,143371,145741,148161,150446,152881,155366,157756]
resources/preprocessed/Interpolated/2020-07-02_14.07.33_Chest.csv:[7005,8869,10101,11349,12645,13989,15289,16589,17845,18553,19797,21117,21837,23265,24609,25961,27321,28741,30213,31625,33061,34493,35973,37469,38969,40653,42349,44117]
resources/preprocessed/Interpolated/2020-07-02_11.17.39_RightArm.csv:[58339,61191,61963,62851,63583,64587,66199,66939,67879,68715,69555,70339,71383,72143,73155,74919,75779,76631,77615,78511,79511,80415,81255,82267,83111,84123,85099,86187,88119,90379,91491,92387,93679,94691,95963,97227,98611,99695,100791,102015,103875,104647]
resources/preprocessed/Interpolated/2020-07-02_14.59.59_Chest.csv:[73999,75971,76963,77795,79415,80323,81779,82683,84271,85039,86591,87471,89059,89907,91531,92455,94251,95139,97151,97955,99199]
resources/preprocessed/Interpolated/2020-07-02_14.59.59_LeftArm.csv:[73999,75771,76587,78151,79491,80263,81179,82687,84263,85051,85999,87431,89079,89903,91575,92443,93491,95095,97959,99023]
resources/preprocessed/Interpolated/2020-07-02_12.50.00_RightArm.csv:[16043,21651,22783,24959,26935,27759,28999,29791,30919,31955,32875,33847,34975,35731,37175,38187,39379,40119,42763,43763,44935,45971,46787]
resources/preprocessed/Interpolated/Andre_liegestuetzen1_13_10_2020_RightArm.csv:[17166,18796,20551,22326,23981,25681,27316,29046,30631,32186,33791,35416,37071,38686,40276,41891,42791,44456,46156,47896,49676,51401,53321,55291,57411,59666,60576,65411,66996]
resources/preprocessed/Interpolated/Andre_liegestuetzen2_13_10_2020_Belly.csv:[39996,41631,42516,44071,45726,47361,49116,50766,52481,54176,55971,57811,59611,61446,63396,65321,66226,67476,68381,69621,70586,72151,73111,74816,75871,77846,79181]
resources/preprocessed/Interpolated/2020-07-02_15.13.22_Belly.csv:[23267,26019,26875,27683,28707,29559,30675,31603,32827,33619,34895,35731,37199,38027,39427,41635,42635,44255,45951,49731,50527,52551,53351,55587,56371,59103,59815]
resources/preprocessed/Interpolated/2020-07-02_15.13.22_RightArm.csv:[23003,25991,26883,27659,28415,29523,30759,31607,32859,33659,35051,35807,37227,38115,39455,40303,41719,42711,44291,45339,46943,49783,50567,52547,53499,54731,56803,60443,61699]
resources/preprocessed/Interpolated/2020-07-02_15.13.22_Chest.csv:[23623,26011,26891,27691,28727,29559,30691,31651,32819,33659,34979,35827,37203,37931,39439,40251,41651,42711,44267,46907,49763,50559,52551,53383,55647,56411,58151,60471,64291]
resources/preprocessed/Interpolated/Andre_liegestuetzen1_13_10_2020_Belly.csv:[17141,18811,20566,22331,23976,25691,27321,29041,30636,32181,33791,35406,37061,38696,40281,41891,42796,44451,46146,47846,49601,51386,53266,55246,57421,59606,60561,62501,63536,65361,66266]
resources/preprocessed/Interpolated/2020-07-02_15.31.36_Belly.csv:[72271,89203,90575,91419,92715,93627,94987,95835,97247,98095,99607,100439,101919,102771,104459,105295,106379,107907,109779,110579,112543,113279]
resources/preprocessed/Interpolated/Jan_liegestuetzen2_13_10_2020_LeftArm.csv:[17191,20541,21941,23271,24671,25946,27291,28691,30071,31471,32891,34296,35796,37341,39051,40676,42511,44446,46716,49086]
resources/preprocessed/Interpolated/2020-07-02_15.31.36_Chest.csv:[72499,88419,89263,90627,91511,92731,93623,94987,95875,97251,98111,99631,100503,101967,102859,104531,105379,106435,107903,109191,110623,112571,113355]
resources/preprocessed/Interpolated/Andre_Squats_13_10_2020_RightArm.csv:[60996,63476,66831,68461,72081,73466,75691,77416,78711,80346,82576,83741,87386,88856,92541,93716,95306,97746,98931,102686,103946,107621,108766,110586,112526,113671,117291,118376,121956,123116,126521,128901,131241,133671,136011,138406,140871,143376,145741,148151,150451,152891,155361,157756]
resources/preprocessed/Interpolated/2020-07-02_14.14.32_Chest.csv:[32387,35063,36283,37563,38827,40107,41451,42783,44179,45583,46931,48299,49671,51099,52519,53915,55391,56911,57683,58591,60423,62443,64879]
resources/preprocessed/Interpolated/2020-07-02_15.31.36_LeftArm.csv:[72559,91467,92771,93635,95147,96739,98159,99155,100423,102023,102911,104511,107875,109815,110571,112587,113395]
resources/preprocessed/Interpolated/2020-07-02_15.31.36_RightArm.csv:[72271,91495,92347,93559,94975,95827,97235,98103,99191,100583,101999,102927,104583,105459,106315,108007,109191,111327,112615,113339]
resources/preprocessed/Interpolated/Andre_Squats2_13_10_2020_Chest.csv:[47500,48735,49730,52040,54275,56555,58950,61320,63680,65950,67950,69470,70760,73330,75455,76825,78810,80270,82260,83740,86085,87330,88980,92095,93435,94465,96070,96995,103210,104170,106175,110030,111355,113240,116010,117125,118580,120255,122840,126010,127515,130685,131990,135375,136455,137995,139895,141095,142770,144710,145840,146880,149715,150800,154135,155425,156900,158915,160010,160910,163650,164960,166095,168670,169860,171005,173875,175125,176770,178655,179945,181680,183485,184920,185820,188685,189945,191640,193520,194860,198370,199805,203080,204390,205845,207785,209230,210730,212570,213995]
resources/preprocessed/Interpolated/2020-07-02_14.07.33_LeftArm.csv:[7493,9437,10725,12033,13177,13933,15277,16577,17817,18569,19765,21053,21801,23261,24565,25917,27273,28725,30185,31593,33001,34441,35897,37433,38933,40509,42329,43937]
resources/preprocessed/Interpolated/Andre_Squats2_13_10_2020_RightArm.csv:[47500,49710,52050,54260,56545,58930,61305,63665,65960,67965,69625,70795,73395,74730,77040,78670,80260,82240,83910,86035,87345,88850,91180,93085,94400,96100,97975,103265,105230,107025,109955,113155,117150,118705,120175,122525,126075,127385,130610,131905,135330,136350,137985,139845,141090,142010,144640,145815,146945,149455,151470,154130,155480,156955,158935,159975,163520,164550,168670,169805,173800,175095,178555,179925,183480,184910,188565,189940,191160,193535,194760,198350,199900,200850,202955,204415,205870,207070,209435,210780,212535,213995]
resources/preprocessed/Interpolated/Andre_liegestuetzen1_13_10_2020_LeftArm.csv:[17136,18791,20516,21401,22311,23976,25661,27301,29026,30621,32171,33791,35396,36286,37906,39511,41151,42806,44471,46161,47881,49636,51386,53341,55306,57421,59661,60551,66996]
resources/preprocessed/Interpolated/2020-07-02_13.00.09_LeftArm.csv:[26999,30023,31891,32799,33619,34571,36475,37587,38739,39527,40475,41531,42515,43463,48911,50539,53011,53931]
resources/preprocessed/Interpolated/Andre_liegestuetzen3_13_10_2020_LeftArm.csv:[31078,32788,34428,36038,37663,39258,40873,42473,43413,45083,46828,48588,50758,51678,52803,53763,55133,57648,60353,61238]
resources/preprocessed/Interpolated/Lukas_liegestuetzen1_13_10_2020_LeftArm.csv:[38195,41765,43545,45215,46125,47855,49635,51430,53285,54180,55205,56100,57090,58885,60795,62540,63445,64430,66380,68240,70070,71010,72045,73790,75540,77245,79000,80905,82820]
resources/preprocessed/Interpolated/Andre_Squats2_13_10_2020_LeftArm.csv:[48180,49735,52050,54275,56555,58955,61315,63675,65965,68005,69610,71185,73345,75385,76935,78790,80275,82180,83890,86170,87285,88765,91240,93415,94385,96050,98230,103200,105200,106120,109970,113140,117260,118700,120175,122525,126060,127335,130690,131985,135310,136385,138030,139835,141070,142810,144690,145765,146870,149635,151410,154125,155320,158855,159845,162230,163630,164900,166265,168695,169805,173755,175195,179935,183470,184895,188535,189900,191470,193480,194895,198300,199850,200735,203180,204380,205785,207760,209270,210300,212640,213995]
resources/preprocessed/Interpolated/Andre_Squats_13_10_2020_Belly.csv:[61561,63491,67031,68351,72036,73456,74416,75436,77466,78781,80311,82516,83826,85276,87411,88811,90371,92581,93861,96311,99031,100411,102721,103981,105426,107621,108811,110516,112561,113781,115276,117286,118491,119376,121981,123106,124051,126531,128911,131251,133681,136021,138426,140886,143401,145761,148201,150486,152901,155391,157786]
resources/preprocessed/Interpolated/Andre_Squats_13_10_2020_Chest.csv:[61561,63491,67036,68296,72051,73471,74401,75456,77511,78776,80296,82571,83821,85271,87476,88811,90401,92581,93816,97806,99031,100416,102751,103981,105451,107656,108811,109696,112586,113791,115286,117306,118516,120126,121991,123151,124786,126536,128906,131256,133686,136026,138426,140891,143396,145751,148176,150476,152906,155376,157771]
resources/preprocessed/Interpolated/Andre_liegestuetzen2_13_10_2020_Chest.csv:[39996,41636,43316,44911,46526,48241,49911,51576,52481,54171,55966,57816,59611,61451,63401,65326,66231,67486,68381,69691,70596,72161,73106,74821,75871,77706,79206]
resources/preprocessed/Interpolated/Andre_liegestuetzen2_13_10_2020_LeftArm.csv:[40081,41636,43306,44896,46511,48236,49116,50756,52476,54151,55976,57831,59606,61466,63386,65396,67511,69761,72226,73136,74891,75881]
resources/preprocessed/Interpolated/Lukas_liegestuetzen3_13_10_2020_LeftArm.csv:[11251,13561,14631,16121,17351,18526,19876,21241,22701,24156,25091,26796,28316]
resources/preprocessed/Interpolated/Andre_liegestuetzen1_13_10_2020_Chest.csv:[17116,18791,20556,21441,22321,23981,25691,27316,28196,29861,31431,33046,34621,36281,37911,39526,41136,42811,44461,46156,47871,49621,51391,53291,55241,57391,59591,60536,62511,63546,65341,66256]
resources/preprocessed/Interpolated/Andre_liegestuetzen2_13_10_2020_RightArm.csv:[40106,41651,43311,44911,46521,48246,49911,51576,52456,54136,55961,57791,59586,61436,63456,65256,66246,67526,69786,72286,74951,75881]
resources/preprocessed/Interpolated/2020-07-02_12.50.00_Belly.csv:[16387,18995,19787,20863,21631,22755,23463,24911,25803,26879,27751,29007,29831,30903,31855,32847,33875,34927,35775,37207,38179,39347,40151,41687,42687,43759,44783,45911,46847,48351,49423,50847,52039,53127,55031,55979,57503,58331,60107,60987]
resources/preprocessed/Interpolated/Andre_liegestuetzen3_13_10_2020_Belly.csv:[30998,32793,34438,36038,37668,39253,40863,42463,43403,45098,46818,48558,50693,51678,52803,53758,55003,55978,57458,60148,61248,62883,63933]
