resources/preprocessed/Interpolated/Lukas_liegestuetzen3_13_10_2020_RightArm.csv:[10996,11786,12891,14186,15731,16901,18141,19446,20896,21791,22871,23711,25351,26476,28756]
resources/preprocessed/Interpolated/Lukas_liegestuetzen3_13_10_2020_Chest.csv:[11026,12396,13196,14016,15621,18006,18871,20281,21676,23006,24391,26256,28646]
resources/preprocessed/Interpolated/Lukas_liegestuetzen3_13_10_2020_Belly.csv:[11056,12606,13521,15446,16926,19081,20311,21386,22246,23321,24351,25661,27846]
resources/preprocessed/Interpolated/Lukas_liegestuetzen2_13_10_2020_RightArm.csv:[36540,37720,38680,40245,41780,43270,45070,46775,48530,50165,51810,53545,55125,56630,57840,58885,60025,61355,63830,66405,67620,69885,71375,72505,73910]
resources/preprocessed/Interpolated/Lukas_liegestuetzen2_13_10_2020_LeftArm.csv:[36075,37170,38645,40125,41720,43210,45095,46695,48515,50180,51810,53555,55100,56630,58360,60015,61885,63845,66445,67605,69880,71310,73510]
resources/preprocessed/Interpolated/Lukas_liegestuetzen2_13_10_2020_Chest.csv:[36000,37105,38470,40025,41725,42780,44290,45045,46230,48215,49465,50700,51695,52880,53920,55020,55830,57730,59325,61000,61765,64715,66025,67455,69380,71220,71995,72770,73995]
resources/preprocessed/Interpolated/Lukas_liegestuetzen2_13_10_2020_Belly.csv:[36000,36820,38055,39285,40240,41270,42580,43335,44900,46920,48290,49235,49990,51405,52400,53495,55060,56250,57255,58300,59905,60990,62345,63485,64365,65520,66820,68095,69040,70495,72050,72895,73655]
resources/preprocessed/Interpolated/Lukas_liegestuetzen1_13_10_2020_Belly.csv:[38710,39545,41175,42825,44220,45685,47080,48295,49220,50270,51195,52080,53760,54555,55575,56765,58650,60155,61645,62895,64235,66320,68160,69450,70535,72710,73685,75260,76845,77840,78845,80115,82115,83310]
resources/preprocessed/Interpolated/Jan_liegestuetzen3_13_10_2020_RightArm.csv:[34230,36295,37660,39195,40535,41935,43415,44765,46135,47605,48370,49230,50000,50955,51740,52680,53590,54650,55625,56880]
resources/preprocessed/Interpolated/Jan_liegestuetzen3_13_10_2020_LeftArm.csv:[34135,36270,37650,39125,40525,41915,43385,44780,46135,47560,48365,49180,50015,50960,51770,52685,53600,54660,55550,56740]
resources/preprocessed/Interpolated/Jan_liegestuetzen3_13_10_2020_Belly.csv:[34000,34755,35950,37070,38525,39330,40175,41380,42925,44345,45695,47130,48675,50505,52185,54120,56445]
resources/preprocessed/Interpolated/Jan_liegestuetzen2_13_10_2020_RightArm.csv:[17041,19431,20701,22046,23381,24716,26041,27411,28816,30176,31576,33026,34436,35936,36691,37496,39206,40816,41641,42656,43461,44536,45526,46846,47676,49031,50781]
resources/preprocessed/Interpolated/Jan_liegestuetzen2_13_10_2020_Chest.csv:[16996,18061,19206,20571,22006,23336,24671,25991,27336,28116,29446,30901,32291,33801,35121,35876,36691,37476,39161,40031,40801,41666,42626,43531,44571,45661,46821,47716,49376,50571]
resources/preprocessed/Interpolated/Jan_liegestuetzen2_13_10_2020_Belly.csv:[16996,18566,20126,21536,22871,24231,25651,26986,28311,29706,31091,32506,33936,35466,36956,38656,40281,42076,43896,44726,46051,47036,48711,50271]
resources/preprocessed/Interpolated/2020-07-02_14.59.59_LeftArm.csv:[73999,75247,75903,76959,78115,78719,79879,80927,81575,82695,83319,84007,85187,86375,87535,88143,88775,89451,90595,91307,91919,93275,93959,94595,96011,96783,97399,98767,99767]
resources/preprocessed/Interpolated/Andre_liegestuetzen2_13_10_2020_Belly.csv:[39996,42176,43331,44871,45836,46996,48241,49916,50766,51586,53271,54321,55641,56801,58611,60391,61331,62136,64121,64911,66131,66936,68411,69641,71126,72546,73811,75926,76791,78096,79006,79996]
resources/preprocessed/Interpolated/Jan_liegestuetzen1_13_10_2020_RightArm.csv:[84900,87715,88860,90170,91370,92575,94130,95275,96465,98055,99215,100720,101975,102930,104305,106995,108180,109775,110855,112075,114620,116110,118700,119985,121845,122895,123860,125835,126745,127810,130355,131705,133410,135505,138085,139290,141650,142865,144675,146775,149265,150560,153510,154610,157345,158670,160835,161770,163030,163925,165940,166905,169125,170290,171345,172755,173955,176755,177820,178710,179635,181195,182415,183285]
resources/preprocessed/Interpolated/2020-07-02_14.59.59_Chest.csv:[73999,74779,76071,77079,78187,79775,80775,81635,82267,83183,84079,85339,85963,86939,87931,88959,89835,90563,91363,91991,94015,95223,96111,97011,98007,98799,99527]
resources/preprocessed/Interpolated/2020-07-02_15.13.22_Belly.csv:[23219,24387,25111,26255,26895,28067,29115,30131,31119,32103,33655,34535,35239,36211,37019,37675,38659,39267,40011,40907,41659,43039,44063,45171,46727,48147,49511,50803,52303,53735,55351,56503,57255,58835,60095,60739,62527,63283,64667,65523]
resources/preprocessed/Interpolated/2020-07-02_15.13.22_RightArm.csv:[23251,25571,27299,29075,30199,31111,32207,33247,33911,34751,35979,36975,37591,38287,39251,40387,41071,42075,42707,43447,44607,45259,46131,47279,47891,48771,49455,50663,51499,52251,53487,54403,55291,55983,56679,57803,58771,59447,60195,62567,63335,64083,66095]
resources/preprocessed/Interpolated/Lukas_liegestuetzen1_13_10_2020_Chest.csv:[38700,40105,41000,42770,44630,46150,47005,48070,49875,51860,53605,54570,55375,56845,57970,59260,61210,62720,64835,66045,67645,68855,70265,71065,72215,73585,75175,76400,77335,78715,79500,81605,83010,83965]
resources/preprocessed/Interpolated/Jan_liegestuetzen1_13_10_2020_Chest.csv:[84900,85700,87405,88690,90625,91955,94480,97325,98930,99875,103055,104420,106940,108180,110090,112080,114035,115980,118375,119730,121590,122685,123755,126240,128675,129800,131925,133770,135470,137375,139395,141090,143045,144920,146830,148715,150475,151305,152825,154510,156730,158620,159745,161075,162860,163775,165715,166870,167975,168965,170345,172620,174345,176435,177610,179240,181055,183325]
resources/preprocessed/Interpolated/2020-07-02_14.20.28_RightArm.csv:[62035,63319,63931,64959,66031,67175,68303,69407,70531,71695,72887,74063,75255,76539,77155,77963,78607,79455,80311,80967,81591,82771,83819]
resources/preprocessed/Interpolated/2020-07-02_14.20.28_Belly.csv:[61995,63143,64131,64855,66063,67231,68655,69479,70543,71247,73223,74027,75183,76643,77339,77975,78959,80411,82087,82731,83499]
resources/preprocessed/Interpolated/2020-07-02_14.14.32_RightArm.csv:[32003,33135,35159,36423,37683,38931,40199,41587,42927,44331,45731,47039,48463,49827,51247,52687,53291,54127,54775,55551,56235,57231,57967,58839,59595,60647,61391,62703,63447,64995]
resources/preprocessed/Interpolated/2020-07-02_15.13.22_LeftArm.csv:[23267,24667,25611,26763,28615,29711,30623,31647,32679,33719,34779,35931,37011,38183,38795,39851,41059,42095,43463,44607,45271,46099,47235,48739,49479,50631,51451,52223,53443,54075,55243,55963,56659,58711,59435,60159,62483,63311,64079,66095]
resources/preprocessed/Interpolated/2020-07-02_14.14.32_Belly.csv:[32003,33335,34271,35707,37103,38303,39419,40327,41343,42659,44067,45323,47091,48491,49475,50091,50851,52279,53219,54147,55583,56659,57411,58115,59135,59975,60755,61607,62519,64059,64995]
resources/preprocessed/Interpolated/2020-07-02_14.59.59_RightArm.csv:[73999,75331,76403,77499,78111,78755,79799,80979,81591,82215,83379,84031,85231,86391,87591,88791,89395,90027,90735,91915,92535,93307,93975,94615,96099,96811,97963,98823,99695]
resources/preprocessed/Interpolated/Jan_liegestuetzen3_13_10_2020_Chest.csv:[34000,34900,36110,37610,39030,39795,41180,42645,44115,45480,46890,48395,49205,50100,50955,51790,52700,53575,54650,55710,56995]
resources/preprocessed/Interpolated/2020-07-02_14.20.28_LeftArm.csv:[61995,62791,63903,64955,65995,67163,68267,69387,70519,71675,72859,74031,75211,75835,76483,77139,77903,78563,79387,80091,80879,81515,82727,83431]
resources/preprocessed/Interpolated/2020-07-02_13.00.09_Belly.csv:[27099,27859,28599,29779,30787,31751,33119,34223,35035,36451,37671,38895,40023,40883,41611,42603,43751,44691,45819,46663,47447,49127,50747,51595,52827,53727,54379,56103,57175,58311,59491,60371,61059,61803]
resources/preprocessed/Interpolated/2020-07-02_14.14.32_LeftArm.csv:[32315,33127,34171,35159,36415,37679,38911,40183,41559,42899,44299,45691,46991,48403,49775,50379,51191,51799,52623,54055,54699,55483,56139,57087,57891,58787,59527,60587,61299,62639,63399,64499]
resources/preprocessed/Interpolated/2020-07-02_11.17.39_Belly.csv:[58227,58971,59779,61051,61991,64439,65411,66523,67127,68187,69131,69995,71107,72315,73495,75299,76531,77703,78927,80047,81443,82311,83183,84219,85139,86175,87099,88259,89303,89955,90603,91871,92527,93135,94351,94963,96083,96723,97459,98643,99903,100707,101795,102631,103451,104419,106323,107343,108023]
resources/preprocessed/Interpolated/Andre_liegestuetzen3_13_10_2020_Chest.csv:[31423,32228,33258,34628,35678,36533,38043,39763,40978,41778,43483,45188,47098,47858,48738,50148,51733,52848,54393,56683,57513,58293,59423,61118,62578,63668,64748]
resources/preprocessed/Interpolated/2020-07-02_11.17.39_Chest.csv:[58227,59147,60007,61023,62075,62691,63991,64919,65947,67459,68587,69587,70819,71779,72691,73811,74911,76163,77651,78527,79535,80415,81159,82283,83131,84143,85563,86755,87407,88051,88863,89859,90547,91467,93071,94163,94807,95911,97199,97923,99127,99803,100519,101623,102367,103107,104367,105139,106615,107959]
resources/preprocessed/Interpolated/Jan_liegestuetzen1_13_10_2020_Belly.csv:[84955,87145,88815,91120,92205,93545,96200,97905,99565,100935,102100,103645,105110,106335,107090,107905,108805,111040,111915,113305,114270,115055,115840,117220,118920,119815,120575,121870,123165,124685,125945,127835,129105,130765,131580,133425,134455,135310,136630,138205,139090,140300,141795,142660,143495,145755,146595,147375,149480,150400,151805,153610,154410,155985,157580,158340,159155,160000,161960,162860,163755,164940,166085,167300,168240,169440,170250,171705,173050,174495,175305,176960,178820,179895,181400,183995]
resources/preprocessed/Interpolated/2020-07-02_11.17.39_LeftArm.csv:[58227,59295,59927,61059,61755,62763,63367,64499,66183,67879,69527,71323,71943,73099,74911,75547,76719,77335,78511,80367,82247,82867,84127,84799,86075,87227,87991,88735,89359,90487,91099,92507,93223,94083,94787,95531,96471,97239,98111,98951,99767,101439,102371,104095,105007,105739,106531,107819]
resources/preprocessed/Interpolated/2020-07-02_14.59.59_Belly.csv:[73999,74871,75739,76999,77983,79271,79887,80847,81571,82367,84087,84735,85763,86419,87731,88583,90167,91315,92859,93935,95315,96831,98139,99995]
resources/preprocessed/Interpolated/Andre_Squats_13_10_2020_LeftArm.csv:[60996,62746,64141,65321,66186,68126,69601,71586,73091,74236,75241,77146,78351,79596,80536,82371,83236,84571,85516,86576,88301,89376,90231,92361,94046,94816,95796,96756,97946,99176,100531,102521,103486,104686,105606,107226,108531,110931,112021,113351,114501,115641,117091,118271,119241,120331,121646,122706,123896,125031,126271,128686,130391,131811,132776,134136,135181,136561,138251,140716,141976,143236,144406,145621,146826,148001,149146,150371,151566,152796,154011,155256,156431,157651,158846]
resources/preprocessed/Interpolated/2020-07-02_14.07.33_Chest.csv:[7005,8457,9933,11241,12533,13757,15029,15773,16521,17569,18333,19089,20337,21633,22345,23169,24509,25845,26849,27717,28665,30133,31485,33269,34165,34929,36209,37785,38517,39193,41033,41909,43781]
resources/preprocessed/Interpolated/2020-07-02_11.17.39_RightArm.csv:[58227,59311,60323,61071,62067,62807,63679,64471,65119,66171,66795,67863,68699,69531,70187,71319,72083,73083,73883,74883,75695,76695,77499,78491,79111,80367,81235,82227,83207,84119,84791,86071,87071,88043,88751,89367,90459,91651,92495,93243,94023,94763,95547,96415,97223,98147,98911,99775,101367,102371,104055,104983,105691,106335,107799]
resources/preprocessed/Interpolated/Andre_liegestuetzen3_13_10_2020_RightArm.csv:[31453,32243,33863,35553,37163,38748,40373,41928,43698,45408,47168,48838,51108,53193,54348,55453,56668,57878,59188,60603,61808,62688,64008,65498]
resources/preprocessed/Interpolated/2020-07-02_12.50.00_LeftArm.csv:[16271,18151,18851,19487,20799,22699,23795,24895,25895,26927,27907,28943,29971,30987,31935,32955,33951,35011,36083,37231,38299,39367,40535,41151,42299,43207,43831,44911,46023,47179,47787,48439,49107,50291,50955,51659,52783,53599,54535,55595,56315,57167,58767,59747,61455,62603]
resources/preprocessed/Interpolated/2020-07-02_14.20.28_Chest.csv:[61995,63263,64791,65459,66339,67543,68639,69351,70359,71511,72691,73835,74487,75127,75755,77083,78679,79911,80663,81567,82631,83619]
resources/preprocessed/Interpolated/2020-07-02_14.07.33_RightArm.csv:[7209,9149,10249,11497,12761,14121,15429,16745,18021,19277,20617,22005,23465,24741,26077,27477,28093,28893,29513,30381,31785,32405,33221,33861,34649,35313,36137,36777,37617,38289,39177,39885,40829,41605,42573,43625]
resources/preprocessed/Interpolated/Lukas_liegestuetzen1_13_10_2020_RightArm.csv:[38000,39620,40850,41670,42810,44655,46505,48165,49955,51840,53650,55610,57480,59295,61190,63025,64830,66260,67345,68590,70570,72350,74090,75820,77530,79350,81210,83995]
resources/preprocessed/Interpolated/2020-07-02_14.07.33_Belly.csv:[7197,8345,9965,10577,11405,12197,12897,13713,14337,15097,16453,17585,19157,20361,21717,23137,24421,25761,27137,28513,30037,31381,32609,33305,34733,35565,36649,37297,38537,39273,40105,40841,42365,42997,43741]
resources/preprocessed/Interpolated/Andre_liegestuetzen1_13_10_2020_RightArm.csv:[16996,18266,19986,21751,23431,25216,26861,28596,30231,31746,33351,34931,36656,38256,39796,41456,43091,44686,46426,48101,49246,50461,51611,53576,55566,57236,58336,59936,61486,62271,63561,65096,66376]
resources/preprocessed/Interpolated/2020-07-02_12.50.00_RightArm.csv:[16451,18175,18851,19487,20779,22695,23783,24879,25903,26907,27899,28923,29995,30991,31963,32907,33939,34999,36095,37215,38303,39351,39963,41183,42319,43235,44459,45451,46627,47787,48423,49131,50295,50947,51679,52791,53607,54531,55615,56319,57191,58775,59787,61463,62667]
resources/preprocessed/Interpolated/Andre_Squats2_13_10_2020_Belly.csv:[48045,49465,50285,52000,53055,54760,56535,57650,59445,60540,61755,62945,64245,65365,67295,69210,70820,72060,74580,75475,76720,77830,80255,81295,83455,85225,86320,87550,88580,90525,91475,92445,93460,94765,95805,97315,99135,100630,102010,103055,104220,105280,106670,107490,108715,111645,112435,113780,115920,118680,121075,123605,124540,125500,128340,130240,131455,132770,134135,135180,136080,137245,138150,139715,140615,141980,143120,144205,145205,146870,148380,149450,150535,151620,153150,153945,154935,156275,157375,158800,161200,163535,164565,165830,167355,168215,169195,170625,171685,173460,174435,175990,176765,178260,179410,180860,182265,183465,184445,185860,186865,188545,189615,190830,191765,193200,194310,195760,196575,197635,199035,200325,201710,203340,204100,205020,206355,207510,208890,209925,210890,212310,213285]
resources/preprocessed/Interpolated/2020-07-02_12.50.00_Chest.csv:[16271,17067,18111,20087,21139,22059,23031,23891,25067,26091,27287,28507,29283,30551,31515,32563,33403,34679,36195,36835,37667,38835,39587,40783,42159,43299,44031,45047,46087,46703,47379,48503,49863,51139,51759,52899,53531,54411,55179,56315,58007,58783,60079,60799,61451,62815]
resources/preprocessed/Interpolated/2020-07-02_13.00.09_Chest.csv:[27027,27851,29191,30635,31811,32439,33087,33707,34339,35635,36287,37627,38583,39543,40203,41639,42275,42911,44323,45211,45867,46587,47267,48195,49059,50383,51159,52247,52931,53691,54555,55671,57095,57875,58627,59795,60467,61287,62103]
resources/preprocessed/Interpolated/2020-07-02_13.00.09_RightArm.csv:[27171,27927,28579,29423,30455,31187,32367,33671,34915,35559,36183,37455,38075,39435,40111,41547,42255,43531,44259,45739,46663,48103,49539,50327,51199,52087,52883,53779,54827,55611,56667,57683,58567,59319,60503,61223,62411]
resources/preprocessed/Interpolated/2020-07-02_15.13.22_Chest.csv:[23135,24399,25559,26795,28555,29183,30491,31915,32603,33251,34507,35251,36235,37003,37739,39163,39951,40655,41471,42183,42983,43931,44659,45675,46619,47735,49515,50147,50915,52223,52851,53795,55475,56163,57119,58839,59603,60655,61443,62667,63391,63999,65367,66063]
resources/preprocessed/Interpolated/Andre_liegestuetzen1_13_10_2020_Belly.csv:[16996,18256,19346,20641,21891,23006,24011,25211,26866,29996,31911,33371,34336,35491,36496,38106,39656,41456,43081,44671,46406,47776,48661,49436,50461,51506,52276,54031,55596,56741,58491,60471,61776,63406,65081,66386]
resources/preprocessed/Interpolated/2020-07-02_15.31.36_Belly.csv:[72271,72939,73759,75231,75879,77947,78987,79991,80719,81331,82271,83187,83971,85555,86247,86915,87519,88303,89151,90079,90827,91843,92559,94071,94815,95527,96515,97759,98783,99387,100187,100911,101751,103163,104283,105479,106787,108139,109579,110819,112375,113703]
resources/preprocessed/Interpolated/Jan_liegestuetzen2_13_10_2020_LeftArm.csv:[16996,19401,20711,22061,23361,24656,26036,27351,28801,30186,31531,32986,34406,35956,37476,38261,39161,39981,40806,41681,42641,43536,44546,45551,46791,47621,48931,49736,50756]
resources/preprocessed/Interpolated/2020-07-02_15.31.36_Chest.csv:[72271,73079,73799,75303,76471,77719,80575,81695,82403,83055,83875,84663,86203,86807,87411,88139,89503,90131,91763,92547,93243,94031,94791,95479,96327,97119,97811,99327,100619,101631,102287,104303,105223,106823,108239,109499,110867,111559,113695]
resources/preprocessed/Interpolated/Andre_Squats_13_10_2020_RightArm.csv:[60996,62716,64141,65366,66506,67956,68931,70266,71646,73141,74286,75291,76731,78331,79626,80691,82296,83321,84536,85661,86716,88296,89401,92266,93666,94891,95846,97586,98626,99766,100701,102541,103486,104641,105701,106806,108551,109806,110936,111731,113211,114501,115936,117066,118071,119311,120486,121571,122671,123906,125126,126206,126966,128061,129291,130471,131821,132831,134131,135226,136521,137481,138241,139471,140736,141976,143236,144451,145646,146876,148016,149186,150376,151576,152796,154031,155236,156456,157656,158871]
resources/preprocessed/Interpolated/2020-07-02_14.14.32_Chest.csv:[32495,33479,34307,35003,36267,36875,37527,38775,39507,40759,41387,42727,43439,44075,45471,46079,47415,48331,49635,51047,51687,52399,53191,54467,55091,56143,57011,57619,58423,59643,60939,61811,62679,63731,64579]
resources/preprocessed/Interpolated/2020-07-02_15.31.36_LeftArm.csv:[72271,73119,73739,75211,76247,77663,79155,80731,81395,82219,83023,84015,85303,86215,86839,87679,88807,89831,90963,92139,93155,94267,95439,96107,97079,98171,98859,99991,100619,101763,102939,103775,104835,105867,106839,107507,108867,109531,110159,110779,111567,112255,112875]
resources/preprocessed/Interpolated/2020-07-02_15.31.36_RightArm.csv:[72271,73703,76275,76971,77807,78455,80639,81303,82215,82991,84007,85387,86175,86855,87711,88811,89875,90951,92111,93147,94315,95395,96579,97579,98211,98907,99907,101199,102347,102955,103699,104847,105479,106223,106851,107503,108851,109535,110787,111571,112255,112875,113975]
resources/preprocessed/Interpolated/Andre_Squats2_13_10_2020_Chest.csv:[47500,49125,50320,51310,52605,54170,55290,56445,57650,58835,60060,61180,62400,63565,64765,66005,67080,69210,70305,71320,72730,74125,75315,76850,77810,78820,80190,82175,83420,85235,87320,88370,90340,91225,92485,93720,94570,96065,97340,98840,99910,101600,103295,104285,105310,107150,109435,110220,111045,112215,113080,114120,115020,116030,117165,118670,120065,121755,122945,124210,125385,126805,128310,130300,131700,132720,133765,135070,136270,137270,138540,139795,141160,141985,142965,144455,145965,146895,147945,149295,150820,152080,154085,155575,156360,157385,158270,160220,162190,163180,164815,165780,167430,168185,169225,170715,171660,173815,175105,175935,177445,178845,180000,180890,182185,183005,184965,185860,186710,188050,189960,190885,191675,193510,194780,195685,196560,198295,199955,203145,204285,205045,206560,207830,209150,209960,211330,212595,213990]
resources/preprocessed/Interpolated/2020-07-02_14.07.33_LeftArm.csv:[7173,9121,10269,11493,12761,14117,15417,16773,18001,19253,20617,21993,23453,24701,25309,26061,26673,27477,28085,28861,29473,30345,30961,31737,32373,33157,33805,34585,35261,36073,36737,37561,38233,39105,39841,40789,41509,42477,43417,44117]
resources/preprocessed/Interpolated/Andre_Squats2_13_10_2020_RightArm.csv:[47500,49010,50160,51380,52490,53570,54755,55840,57020,58130,59375,60620,61755,62955,64130,65310,66935,68995,70250,72920,74430,76420,78035,80050,81805,83405,85060,87055,88620,90455,92375,94405,95450,96460,97460,99400,100845,102490,103655,105055,105850,108040,109255,110695,112145,114055,115050,116025,117200,118320,119270,120845,122085,123780,125365,126855,128895,130145,131535,132590,133605,134990,136000,137290,138455,139515,140495,141895,143320,144360,145340,146755,147970,149330,150350,151450,152360,153815,154970,156245,157465,158550,159550,160510,162080,163575,164480,165875,167350,168260,169315,170780,171625,173700,174485,175940,177340,178560,179340,180800,182165,183250,184235,185795,187235,188285,189260,190740,191990,193170,194300,195540,196790,197840,198950,200835,201730,203430,205060,206550,207405,208770,209885,211225,212370,213180,213965]
resources/preprocessed/Interpolated/Andre_liegestuetzen1_13_10_2020_LeftArm.csv:[16996,18176,19951,21631,23226,23986,25136,26711,27841,29106,30081,31691,33246,34826,36461,38076,39611,41366,43081,44736,46461,48016,49921,51521,52276,53466,55521,57661,59191,60601,61666,62901,65131,66366]
resources/preprocessed/Interpolated/2020-07-02_13.00.09_LeftArm.csv:[27179,27947,28603,29471,30467,31183,31795,33663,35567,36171,37519,38127,39471,40103,41551,42223,43575,44263,45767,46663,48131,49591,50363,51183,52111,52935,53791,54855,55627,56671,57675,58595,59839,60495,61207,62411]
resources/preprocessed/Interpolated/Andre_liegestuetzen3_13_10_2020_LeftArm.csv:[31493,32268,33703,35053,36068,36998,38648,40313,41888,43563,45258,47103,48778,51048,52923,53803,55453,57888,59183,60608,61923,62733,64083,64888]
resources/preprocessed/Interpolated/Lukas_liegestuetzen1_13_10_2020_LeftArm.csv:[38000,39565,40930,41700,42840,44600,46475,48130,49940,51815,53625,55590,57445,59205,61125,62990,64805,66250,67370,68530,70545,72320,74065,75835,77530,79355,81180,82745,83995]
resources/preprocessed/Interpolated/Andre_Squats2_13_10_2020_LeftArm.csv:[47500,49000,50245,51360,52515,53580,54760,55810,57055,58130,59435,60560,61770,62880,64150,65195,66740,69125,70490,72790,74350,76390,77930,80055,81485,83405,84980,87110,88720,90435,92410,94375,95385,97605,99410,101055,103410,104435,105740,106820,108065,109945,112690,113650,115290,116680,117790,119725,120620,121455,122330,123400,125335,126145,127265,128790,130085,131495,132630,133475,134955,136070,137215,138310,139625,140530,141910,143325,144360,145465,146780,147995,149295,150415,151390,152180,153930,155055,156380,157500,158320,159770,161210,163010,164630,165705,166560,168465,169240,170695,171830,173330,174750,175805,177420,178720,180755,181800,183290,184315,185760,187080,188495,190420,191475,193215,194390,195525,196565,197975,199070,200465,202545,203465,204800,205845,207415,209140,211635,212520,213315]
resources/preprocessed/Interpolated/Andre_Squats_13_10_2020_Belly.csv:[60996,62456,63491,64676,66666,68046,68941,69711,71981,73066,74561,75381,77596,78441,79556,80581,81971,83341,84626,85431,86186,87606,89606,90606,92521,93501,94666,95546,97491,98791,99706,100621,102626,103501,104866,105721,107561,108601,109706,110726,112171,113351,114616,115556,117096,118386,119436,120471,122066,124006,124806,125566,127036,128826,129986,131251,132451,133646,134751,136001,137141,138396,139551,140871,142041,143316,144466,145726,146936,148076,149201,150466,151596,152861,154121,155306,156501,157741,158956]
resources/preprocessed/Interpolated/Andre_liegestuetzen2_13_10_2020_Chest.csv:[39996,41561,42606,44526,45961,47196,48376,49391,50966,52776,54441,55561,56721,57656,58666,59916,61806,62906,64716,67476,68696,70146,71086,71861,73111,74101,75751,76736,77586,78596,79566]
resources/preprocessed/Interpolated/Andre_liegestuetzen2_13_10_2020_LeftArm.csv:[39996,40936,42671,44186,45856,47571,49241,50901,52661,54356,56141,58076,59791,61641,63666,65546,67736,70036,72411,74166,75136,77146,78276,79101]
resources/preprocessed/Interpolated/Lukas_liegestuetzen3_13_10_2020_LeftArm.csv:[11186,12371,14166,15696,16901,18071,19411,20876,22341,23731,24486,25301,26206,27046,28796]
resources/preprocessed/Interpolated/Andre_liegestuetzen1_13_10_2020_Chest.csv:[16996,18026,18821,19816,20676,21601,22356,24006,25056,25821,26731,28386,29141,30271,31731,33271,34891,36471,38116,39751,41431,43101,44676,46376,47996,49821,51611,53576,55526,57556,58366,59736,60541,61676,62731,63571,64841,66361]
resources/preprocessed/Interpolated/Andre_liegestuetzen2_13_10_2020_RightArm.csv:[39996,41126,42731,44301,45976,47751,49396,51021,52796,54476,56281,58166,59916,61756,63751,65681,67826,69601,70656,71951,73166,74611,75851,76856,77631,79081]
resources/preprocessed/Interpolated/2020-07-02_12.50.00_Belly.csv:[16003,17007,18067,19299,20463,21167,21819,23143,23827,25163,25971,26875,27875,28947,29979,31943,32907,33959,34883,36091,36739,37767,39003,40611,41463,42755,43443,44351,45571,47155,48299,49707,50323,50967,52179,52803,53459,54419,55087,56487,57135,58131,59287,60263,60879,62155,62995]
resources/preprocessed/Interpolated/Andre_liegestuetzen3_13_10_2020_Belly.csv:[30998,32093,33268,34343,36088,36973,38143,39063,40713,42408,43643,45823,47128,48098,49458,50613,51698,52953,53743,55953,57128,58283,59618,60788,61883,63088,65393]
resources/preprocessed/Interpolated/Andre_Squats_13_10_2020_Chest.csv:[60996,62626,63441,64236,65261,66626,68006,68911,69691,71636,73626,75646,77441,78976,80581,81406,82446,84056,85386,86391,87471,88976,89756,90631,92481,93541,94746,97661,98461,99851,100701,101551,102706,104091,105716,107511,109126,110816,111876,113971,115541,117331,118576,119346,120516,121951,123271,124706,126256,127116,128181,129491,131181,132501,133591,134776,135946,137186,138336,139601,140801,142081,143296,144516,145691,146906,148046,149216,150391,151606,152821,154066,155271,156476,157696,158961]
resources/preprocessed/Interpolated/Jan_liegestuetzen1_13_10_2020_LeftArm.csv:[84915,87260,88890,89950,90840,92565,94135,95165,96520,98080,99175,100495,102050,103275,104320,106985,108070,110580,111980,113755,116010,117720,119830,121840,122825,123775,125865,127690,129495,131540,133835,135225,137830,139065,141395,142880,145305,146820,149045,150415,151330,153215,154435,157265,158515,159795,161455,163030,165790,166735,169110,170120,172735,174605,176635,177660,179320,181135,183215,183995]
