resources/preprocessed/Interpolated/Lukas_liegestuetzen3_13_10_2020_RightArm.csv:[10996,12131,13896,15496,16761,17986,19281,20711,22141,23526,25116,26816,28306]
resources/preprocessed/Interpolated/Lukas_liegestuetzen3_13_10_2020_Chest.csv:[12136,13916,15491,16776,17986,19276,20701,22136,23536,25091,26816,28271]
resources/preprocessed/Interpolated/Lukas_liegestuetzen3_13_10_2020_Belly.csv:[12161,13936,15486,16781,17996,19291,20691,22141,23526,25096,26796,28241]
resources/preprocessed/Interpolated/Lukas_liegestuetzen2_13_10_2020_RightArm.csv:[36945,38380,39975,41510,43050,44710,46480,48235,49910,51610,53260,54830,56405,58040,59735,61630,64210,65720,67375,68840,70340,71675,73995]
resources/preprocessed/Interpolated/Lukas_liegestuetzen2_13_10_2020_LeftArm.csv:[36180,37565,39195,40705,42265,43770,44790,46475,48230,49895,51595,53275,54845,56395,58060,59780,61640,64200,65720,67380,68755,70355,71600,72995]
resources/preprocessed/Interpolated/Lukas_liegestuetzen2_13_10_2020_Chest.csv:[36955,38380,39990,41520,43065,44805,46500,48255,49905,51600,53270,54865,56405,58050,59765,61630,64200,65695,67375,68845,70335,71685,73025]
resources/preprocessed/Interpolated/Lukas_liegestuetzen2_13_10_2020_Belly.csv:[36965,38375,39985,41510,43065,44800,46490,48280,49920,51605,53270,54860,56390,58040,59765,61620,64225,65680,67385,68810,70360,71620,72935]
resources/preprocessed/Interpolated/Lukas_liegestuetzen1_13_10_2020_Belly.csv:[38430,40095,41760,43595,45270,46990,48730,50480,52315,54225,55245,57100,58910,60875,62720,64480,66420,68255,70140,72050,73820,75570,77270,79030,80910,83090]
resources/preprocessed/Interpolated/Jan_liegestuetzen3_13_10_2020_RightArm.csv:[34285,36080,37480,38950,40405,41815,43265,44700,46045,47485,49035,50725,52580,54560,55920,56995]
resources/preprocessed/Interpolated/Jan_liegestuetzen3_13_10_2020_LeftArm.csv:[34000,36655,38125,39655,41045,42450,43925,45280,46700,48110,49690,50840,52580,54585,56870]
resources/preprocessed/Interpolated/Jan_liegestuetzen3_13_10_2020_Belly.csv:[35995,37525,38965,40430,41815,43275,44710,46070,47505,49080,50810,52600,54550,55935]
resources/preprocessed/Interpolated/Jan_liegestuetzen2_13_10_2020_RightArm.csv:[17126,19246,20566,21941,23211,24626,25941,27266,28696,30046,31466,32871,34301,35801,37371,39021,40616,42501,44381,46691,49121,50816]
resources/preprocessed/Interpolated/Jan_liegestuetzen2_13_10_2020_Chest.csv:[17756,19201,20571,21951,23291,24631,25951,27286,28706,30091,31476,32891,34306,35816,37371,39041,40681,42511,44416,46696,49211,50296]
resources/preprocessed/Interpolated/Jan_liegestuetzen2_13_10_2020_Belly.csv:[17266,19131,20566,21936,23296,24626,25946,27286,28696,30091,31466,32876,34291,35801,37366,39016,40676,42476,44376,46656,48096,49726]
resources/preprocessed/Interpolated/2020-07-02_14.59.59_LeftArm.csv:[73999,74923,75771,76587,78151,79491,81179,82687,84263,85999,87431,89079,89903,91575,92443,94279,95095,97179,99023,99995]
resources/preprocessed/Interpolated/Andre_liegestuetzen2_13_10_2020_Belly.csv:[39996,41631,43316,44906,46516,48231,49901,51561,53256,54991,56776,57811,59611,61446,63396,65321,67476,69621,72151,74816,75871,77846,79181]
resources/preprocessed/Interpolated/Jan_liegestuetzen1_13_10_2020_RightArm.csv:[86150,88785,91210,92390,94715,96325,98645,100355,102690,104150,106355,108040,110285,111865,114230,115805,118190,119825,122615,123805,126280,127760,129920,131485,133870,135265,137530,139005,141380,142755,145145,146555,149010,150410,153155,154415,156235,158390,159725,160810,162735,163855,165700,167530,169005,170160,172715,174765,176535,178460,181130,182790]
resources/preprocessed/Interpolated/2020-07-02_14.59.59_Chest.csv:[73999,74863,75971,76963,77795,79415,80323,81779,82683,84271,86591,87471,89059,89907,91531,92455,94251,95139,97151,97955,99199]
resources/preprocessed/Interpolated/2020-07-02_15.13.22_Belly.csv:[23267,24323,25159,26019,26875,27683,28707,29559,30675,31603,32827,34895,35731,37199,38027,39427,41635,42635,44255,46891,49731,52551,55587,59103,61931,62975,66011]
resources/preprocessed/Interpolated/2020-07-02_15.13.22_RightArm.csv:[23003,24523,25991,26883,28415,29523,30759,31607,32859,35051,37227,38115,39455,40303,41719,42711,44291,45339,46943,49783,52547,53499,54731,55675,56803,58151,59207,60443,61699,63059,64227,65719]
resources/preprocessed/Interpolated/Lukas_liegestuetzen1_13_10_2020_Chest.csv:[38445,40110,41765,43580,45255,47005,48715,50485,52305,53310,55210,57110,58895,60845,62680,64465,66420,68245,70120,72040,73790,75550,77265,79010,80900,83055]
resources/preprocessed/Interpolated/Jan_liegestuetzen1_13_10_2020_Chest.csv:[85000,86065,88680,90800,92395,94610,96300,98490,100250,102460,104140,106330,107965,110195,111825,114195,115780,118150,119765,122190,123775,126140,127710,129860,131400,133675,135145,137510,138890,141180,142655,144970,146445,148850,150260,151880,152950,154310,156915,158240,159675,161240,162600,163785,165605,167465,168920,170000,172010,173480,174850,176460,179320,180975,182725]
resources/preprocessed/Interpolated/2020-07-02_14.20.28_RightArm.csv:[61995,63675,64879,65939,66979,68179,69295,70847,72063,73295,74471,75615,76955,77783,79259,80719,82539,83963]
resources/preprocessed/Interpolated/2020-07-02_14.20.28_Belly.csv:[61995,63691,64867,65935,67055,68187,69311,70431,71579,72763,73947,75123,76383,77759,79235,80703,82519,84007]
resources/preprocessed/Interpolated/2020-07-02_14.14.32_RightArm.csv:[32003,32923,33907,35051,36271,37551,38831,40067,41419,42787,44131,45563,46935,48303,49671,51091,52503,53911,55367,56919,58275,59227,60427,62455,63763,64887]
resources/preprocessed/Interpolated/2020-07-02_15.13.22_LeftArm.csv:[23099,24531,26003,27647,28699,29643,30623,31635,32835,34995,35879,36739,37983,39455,41731,42707,44283,45343,46951,47935,49775,52543,53431,55671,58087,59195,60499,61667,63015,65607]
resources/preprocessed/Interpolated/2020-07-02_14.14.32_Belly.csv:[32031,32951,33899,35051,36271,37539,38811,40087,41431,42747,44143,45551,46911,48267,49631,51055,52479,53883,55339,56859,58539,60379,62367,64807]
resources/preprocessed/Interpolated/2020-07-02_14.59.59_RightArm.csv:[73999,75031,75943,77171,78091,79371,80331,81887,84295,86587,87451,89135,89939,91619,92495,93499,95119,97175,99123,99995]
resources/preprocessed/Interpolated/Jan_liegestuetzen3_13_10_2020_Chest.csv:[34040,36065,37520,38975,40430,41820,43290,44710,46075,47510,49085,50830,52595,54575,55950]
resources/preprocessed/Interpolated/2020-07-02_14.20.28_LeftArm.csv:[61995,63071,64307,65407,66503,68651,69787,70891,72043,73243,74415,75583,76939,78347,79187,80667,82063,83095]
resources/preprocessed/Interpolated/2020-07-02_13.00.09_Belly.csv:[26999,28143,29859,30787,31771,32659,34547,35583,36447,37515,38555,39427,40407,41411,42451,43443,44519,46999,47911,49135,49991,51599,53115,54163,55427,57215,60091,61067,62411]
resources/preprocessed/Interpolated/2020-07-02_14.14.32_LeftArm.csv:[32003,32963,33895,35027,36243,37531,38787,40067,41423,42747,44131,45531,46875,48263,49603,51051,52467,53847,55291,56863,58631,59975,60995,62467,64875]
resources/preprocessed/Interpolated/2020-07-02_11.17.39_Belly.csv:[58359,59211,60023,61183,62779,64555,66195,67899,69539,71299,72119,73167,74907,75735,76619,77491,78491,79331,80311,81215,82239,83119,84111,85071,85991,86923,88087,88911,90419,91427,92275,93643,94679,96067,97163,98567,99459,101195,102391,103903,105943,107507]
resources/preprocessed/Interpolated/Andre_liegestuetzen3_13_10_2020_Chest.csv:[31068,32793,34433,36043,37678,39263,40878,42473,44178,45858,47623,49438,50678,52793,55043,57478,60233,62908,63933]
resources/preprocessed/Interpolated/2020-07-02_11.17.39_Chest.csv:[58387,59311,60119,61191,62799,64539,66195,67899,69583,71363,73175,74891,75763,76671,77515,78503,79335,80375,81219,82275,83127,84123,85087,86043,86899,87971,89563,90431,91447,92387,93619,94671,96095,97223,98539,99487,101151,102639,103875,105967,106775,108139]
resources/preprocessed/Interpolated/Jan_liegestuetzen1_13_10_2020_Belly.csv:[85020,86080,88770,90795,92415,94490,96340,98495,100290,102465,104145,106350,108000,110230,111910,114155,115870,118135,119865,122090,123855,126160,127760,129885,131455,133710,135255,137505,139025,141205,142760,144965,146510,148845,150285,152055,154365,155955,158380,160030,161205,162770,165620,166630,168265,170050,172555,174440,175790,177350,178840,180980,182725]
resources/preprocessed/Interpolated/2020-07-02_11.17.39_LeftArm.csv:[58227,59907,61931,62771,64507,66255,67963,69655,71375,73163,74811,75779,76603,77431,78603,80527,81399,82267,83155,84131,85119,86023,87723,88855,90491,91447,92507,93615,94731,95987,97223,98567,99735,100795,102075,103831,105983,107579]
resources/preprocessed/Interpolated/2020-07-02_14.59.59_Belly.csv:[73999,74871,76023,76995,79403,80263,81779,82671,84235,86575,87403,88419,89883,91503,92415,94223,97143,99131,99995]
resources/preprocessed/Interpolated/Andre_Squats_13_10_2020_LeftArm.csv:[61591,63491,67041,68876,72111,73386,74456,75591,77421,78726,80361,82501,83801,85381,87546,88786,89876,92546,93741,95366,97766,98981,100486,102691,103936,105511,107656,108741,110601,112601,113701,114826,117291,118406,119701,121916,123141,124246,126521,128906,131221,133676,136016,138406,140871,143371,145741,148161,150446,152881,155366,157756]
resources/preprocessed/Interpolated/2020-07-02_14.07.33_Chest.csv:[7005,8085,9473,10717,12025,13337,14669,15945,17161,18553,19797,21117,22489,23949,25285,26613,27993,29413,30885,32285,33717,35149,35973,37469,38969,40653,42349,44117]
resources/preprocessed/Interpolated/2020-07-02_11.17.39_RightArm.csv:[58339,59267,61191,62851,64587,66199,67879,68715,69555,71383,73155,74919,75779,76631,77615,78511,79511,80415,81255,82267,83111,84123,85099,86187,88119,90379,91491,92387,93679,94691,95963,97227,98611,99695,100791,102015,103875,107611]
resources/preprocessed/Interpolated/Andre_liegestuetzen3_13_10_2020_RightArm.csv:[31003,32783,34433,36043,37683,39268,40888,42488,44188,45878,47628,49463,50683,52783,55103,57653,60308,63073,64793]
resources/preprocessed/Interpolated/2020-07-02_12.50.00_LeftArm.csv:[16395,17723,19051,20907,22783,24963,26935,29027,30919,31823,32875,34971,37203,38223,39367,41727,42679,43783,45983,48383,49231,50887,51807,53935,55295,56167,57499,58471,60247,61099,62995]
resources/preprocessed/Interpolated/2020-07-02_14.20.28_Chest.csv:[61995,63687,64883,65955,67087,68199,69323,70451,71595,72783,73963,75143,76395,77779,79251,80727,82535,84007]
resources/preprocessed/Interpolated/2020-07-02_14.07.33_RightArm.csv:[7493,8833,10017,11337,12649,13977,15265,16565,17857,19109,20409,21809,23253,24601,25945,27301,28741,30221,31629,33069,34529,35973,37481,38965,40645,42333,43649]
resources/preprocessed/Interpolated/Lukas_liegestuetzen1_13_10_2020_RightArm.csv:[38505,40105,41760,43560,45240,46985,48715,50475,52310,54205,56110,57125,58875,60815,62675,64420,66430,68235,70060,72045,73780,75525,77245,78980,80895,82620]
resources/preprocessed/Interpolated/2020-07-02_14.07.33_Belly.csv:[8145,9465,10693,12029,13325,14649,15945,17177,18525,19805,21109,22449,23921,25261,26581,27953,29401,30849,32245,33689,35101,35937,37421,38929,40605,42309,44117]
resources/preprocessed/Interpolated/Andre_liegestuetzen1_13_10_2020_RightArm.csv:[17816,19611,21401,23141,24821,26506,28161,29831,31401,33031,34621,36281,37886,39511,41101,42791,44456,46156,47896,49676,51401,53321,55291,57411,59666,62686,65411,66996]
resources/preprocessed/Interpolated/2020-07-02_12.50.00_RightArm.csv:[16043,17727,19047,20935,22783,24959,26935,27759,28999,30919,31955,32875,33847,34975,37175,38187,39379,41723,42763,43763,44935,45971,46787,48399,49315,50907,51839,53211,55195,56087,57531,58403,60187,61063,62995]
resources/preprocessed/Interpolated/Andre_Squats2_13_10_2020_Belly.csv:[47500,48715,49725,52020,54275,56555,58940,61315,63675,65960,67960,69505,70705,73365,75450,76820,78830,80325,82260,83735,85125,87310,88965,92215,93470,96080,98095,99170,100620,103215,105160,110020,111340,113300,116065,117130,118575,120265,122790,125985,127535,130675,132035,135400,136455,137985,139870,141070,142755,144720,145825,146885,149670,151445,154130,155425,156910,158910,160000,161640,163605,164955,166110,168670,169810,171020,173870,175090,176765,178645,179930,181690,183470,184905,186685,188700,189915,191630,193520,194800,195810,198365,199800,201280,203120,204380,205840,207790,209215,210750,212610,213995]
resources/preprocessed/Interpolated/2020-07-02_12.50.00_Chest.csv:[16759,17735,18995,20867,22727,24923,25803,26883,27759,28967,29823,30907,31863,32831,33867,34939,35763,37195,38167,39343,41691,42687,43747,44783,45939,46831,48351,49355,50855,51967,53147,54987,56011,57499,58331,60115,61003,62995]
resources/preprocessed/Interpolated/2020-07-02_13.00.09_Chest.csv:[26999,28195,29887,30799,31759,32655,33463,34547,35455,36439,37467,38523,39451,40395,41575,42471,43447,44539,46999,47979,49151,49999,51523,53003,54335,55335,57227,60091,61995]
resources/preprocessed/Interpolated/2020-07-02_13.00.09_RightArm.csv:[26999,28163,30035,31903,33203,35655,36535,37411,38363,39251,40431,41539,42443,43483,44571,47031,47887,48927,49943,51391,52315,53955,55423,57391,60267,61479]
resources/preprocessed/Interpolated/2020-07-02_15.13.22_Chest.csv:[23623,25139,26011,26891,28727,29559,30691,31651,32819,33659,34979,35827,37203,39439,40251,41651,42711,44267,46907,49763,52551,53383,55647,58151,59163,60471,61823,63011,64291,65747]
resources/preprocessed/Interpolated/Andre_liegestuetzen1_13_10_2020_Belly.csv:[17141,18811,20566,22331,23976,25691,27321,29041,30636,32181,33791,35406,37061,38696,40281,41891,43546,45226,46931,48641,50401,52176,53266,55246,57421,59606,62501,63536,65361,66986]
resources/preprocessed/Interpolated/2020-07-02_15.31.36_Belly.csv:[72271,73767,75219,76559,78323,79399,80239,81735,83019,85827,87263,88347,89203,90575,91419,92715,93627,94987,95835,97247,98095,99607,100439,101919,102771,104459,105295,107131,109779,112543,113975]
resources/preprocessed/Interpolated/Jan_liegestuetzen2_13_10_2020_LeftArm.csv:[19236,20541,21941,23271,24671,25946,27291,28691,30071,31471,32891,34296,35796,37341,39051,40676,42511,44446,46716,49086,50781]
resources/preprocessed/Interpolated/2020-07-02_15.31.36_Chest.csv:[72499,74739,75923,77263,78987,80247,81791,83099,85791,87255,88419,89263,90627,91511,92731,93623,94987,95875,97251,98111,99631,100503,101967,102859,104531,105379,106435,107903,109191,110623,112571,113975]
resources/preprocessed/Interpolated/Andre_Squats_13_10_2020_RightArm.csv:[61566,63476,66831,68461,72081,73466,75691,77416,78711,80346,82576,83741,84841,87386,88856,89871,92541,93716,95306,97746,98931,102686,103946,104966,107621,108766,110586,112526,113671,114916,117291,118376,119746,121956,123116,124321,126521,128901,131241,133671,136011,138406,140871,143376,145741,148151,150451,152891,155361,157756]
resources/preprocessed/Interpolated/2020-07-02_14.14.32_Chest.csv:[32939,33903,35063,36283,37563,38827,40107,41451,42783,44179,45583,46931,48299,49671,51099,52519,53915,55391,56911,58591,60423,62443,64879]
resources/preprocessed/Interpolated/2020-07-02_15.31.36_LeftArm.csv:[72559,74175,75967,77135,77967,79311,81055,82395,83651,84991,85879,87243,88395,89235,90067,91467,92771,93635,95147,96739,98159,99155,100423,102023,102911,104511,105487,106343,107875,109815,112587,113395]
resources/preprocessed/Interpolated/2020-07-02_15.31.36_RightArm.csv:[72271,73851,74903,76955,77947,79575,80879,81819,83571,84603,85775,87243,88431,89263,90099,91495,92347,93559,94975,95827,97235,98103,99191,100583,101999,102927,104583,105459,106315,108007,109191,111327,112615,113831]
resources/preprocessed/Interpolated/Andre_Squats2_13_10_2020_Chest.csv:[47500,48735,50435,52040,54275,56555,58950,61320,63680,65950,67950,69470,70760,73330,75455,76825,78810,80270,82260,83740,85160,87330,88980,92095,93435,94465,96070,99160,100715,103210,105155,106175,110030,111355,113240,116010,117125,118580,120255,122840,126010,127515,130685,131990,135375,136455,137995,139895,141095,142770,144710,145840,146880,149715,150800,154135,155425,156900,158915,160010,161660,163650,164960,166095,168670,169860,171005,173875,175125,176770,178655,179945,181680,183485,184920,186670,188685,189945,191640,193520,194860,196525,198370,199805,201280,203080,204390,205845,207785,209230,210730,212570,213995]
resources/preprocessed/Interpolated/2020-07-02_14.07.33_LeftArm.csv:[7493,8869,10085,11381,12641,13933,15277,16577,17817,19177,20429,21801,23261,24565,25917,27273,28725,30185,31593,33001,34441,35897,37433,38933,40509,42329,43937]
resources/preprocessed/Interpolated/Andre_Squats2_13_10_2020_RightArm.csv:[47500,48750,50435,52050,54260,56545,58930,61305,63665,65960,67965,69625,70795,73395,75410,77040,78670,80260,82240,83910,86035,87345,88850,91180,93085,94400,96100,97975,100845,103265,105230,107025,109955,113155,115000,117150,118705,120175,122525,126075,127385,130610,131905,133915,135330,136350,137985,139845,141090,142855,144640,145815,146945,149455,151470,154130,155480,156955,158935,159975,161670,163520,164550,166150,168670,169805,172010,173800,175095,177675,179925,181760,183480,184910,186715,188565,189940,191160,193535,194760,196575,198350,199900,202955,204415,205870,207805,209435,210780,212535,213995]
resources/preprocessed/Interpolated/Andre_liegestuetzen1_13_10_2020_LeftArm.csv:[17136,18791,20516,22311,23976,25661,27301,29026,30621,32171,33791,35396,37056,38676,40271,41891,43546,45221,46936,48651,50406,52176,53341,55306,57421,59661,62581,65391,66996]
resources/preprocessed/Interpolated/2020-07-02_13.00.09_LeftArm.csv:[26999,28183,30023,31891,32799,33619,34571,35503,36475,37587,38739,40475,41531,42515,43463,44495,45939,46939,48083,48911,50539,51815,53011,53931,55543,57423,60143,61571]
resources/preprocessed/Interpolated/Andre_liegestuetzen3_13_10_2020_LeftArm.csv:[31078,32788,34428,36038,37663,39258,40873,42473,44173,45853,47613,49438,50758,52803,55133,57648,60353,63018,64763]
resources/preprocessed/Interpolated/Lukas_liegestuetzen1_13_10_2020_LeftArm.csv:[38195,39210,40720,41765,43545,45215,46985,48695,50445,52290,54180,55205,57090,58885,60795,62540,64430,66380,68240,70070,72045,73790,75540,77245,79000,80905,82820]
resources/preprocessed/Interpolated/Andre_Squats2_13_10_2020_LeftArm.csv:[48180,49735,52050,54275,56555,58955,61315,63675,65965,68005,69610,71185,73345,75385,76935,78790,80275,82180,83890,86170,87285,88765,91240,93415,96050,98230,99985,101615,103200,105200,106785,109970,113140,114860,117260,118700,120175,122525,126060,127335,129210,130690,131985,133870,135310,136385,138030,139835,141070,142810,144690,145765,146870,149635,151410,154125,155320,156970,158855,160390,162230,163630,164900,166265,168695,169805,170880,172060,173755,175195,177750,179935,181225,183470,184895,186770,188535,189900,191470,193480,194895,196040,198300,199850,201415,203180,204380,205785,207760,209270,210300,212640,213995]
resources/preprocessed/Interpolated/Andre_Squats_13_10_2020_Belly.csv:[61561,63491,67031,68351,72036,73456,75436,77466,78781,80311,82516,83826,85276,87411,88811,90371,92581,93861,95386,97766,99031,100411,102721,103981,105426,107621,108811,110516,112561,113781,115276,117286,118491,120136,121981,123106,124816,126531,128911,131251,133681,136021,138426,140886,143401,145761,148201,150486,152901,155391,157786]
resources/preprocessed/Interpolated/Andre_liegestuetzen2_13_10_2020_Chest.csv:[39996,41636,43316,44911,46526,48241,49911,51576,53266,55001,56781,57816,59611,61451,63401,65326,67486,69691,72161,74821,75871,77706,79206]
resources/preprocessed/Interpolated/Andre_liegestuetzen2_13_10_2020_LeftArm.csv:[40611,41636,43306,44896,46511,48236,49901,51566,53266,54996,56776,57831,59606,61466,63386,65396,67511,69761,72226,74891,78081,79201]
resources/preprocessed/Interpolated/Lukas_liegestuetzen3_13_10_2020_LeftArm.csv:[11251,12906,14631,16121,17351,18526,19876,21241,22701,24156,25691,26796,28316]
resources/preprocessed/Interpolated/Andre_liegestuetzen1_13_10_2020_Chest.csv:[17116,18791,20556,22321,23981,25691,27316,29051,30641,32196,33806,35411,37071,38701,40286,41901,43566,45236,46946,48656,50416,52186,53291,55241,57391,59591,62511,63546,65341,66996]
resources/preprocessed/Interpolated/Andre_liegestuetzen2_13_10_2020_RightArm.csv:[40106,41651,43311,44911,46521,48246,49911,51576,53261,54991,56786,57791,59586,61436,63456,65256,67526,69786,72286,74951,76606,78071,79191]
resources/preprocessed/Interpolated/2020-07-02_12.50.00_Belly.csv:[16387,17743,18995,20863,22755,24911,25803,26879,27751,29007,29831,30903,31855,32847,33875,34927,35775,37207,38179,39347,40151,41687,42687,43759,44783,45911,46847,48351,49423,50847,52039,53127,55031,55979,57503,58331,60107,60987,62995]
resources/preprocessed/Interpolated/Andre_liegestuetzen3_13_10_2020_Belly.csv:[30998,32793,34438,36038,37668,39253,40863,42463,44163,45853,47613,49433,50693,52803,55003,57458,60148,61248,62883,63933,65483]
resources/preprocessed/Interpolated/Andre_Squats_13_10_2020_Chest.csv:[61561,63491,67036,68296,69506,72051,73471,75456,77511,78776,80296,82571,83821,85271,87476,88811,90401,92581,93816,95346,97806,99031,100416,102751,103981,105451,107656,108811,110541,112586,113791,115286,117306,118516,120126,121991,123151,124786,126536,128906,131256,133686,136026,138426,140891,143396,145751,148176,150476,152906,155376,157771]
resources/preprocessed/Interpolated/Jan_liegestuetzen1_13_10_2020_LeftArm.csv:[84900,86685,88695,90270,92450,94600,96265,98550,100235,102610,104150,106280,108005,110160,111840,114255,115750,118235,119740,122005,123790,126265,127740,130090,131415,133475,135145,137615,138820,141300,142645,144325,146490,148965,150275,151825,153040,154350,156940,158285,159615,161370,162650,163845,165595,166615,168260,170010,171035,172600,175795,177405,179235,180980,182715]
