resources/preprocessed/Interpolated-Revised/Jan_liegestuetzen1_13_10_2020_edited_RightArm.csv:[72276,76250,78858,81460,84088,88622,93637,97026,102701,105524,109964,112681]
resources/preprocessed/Interpolated-Revised/Jan_liegestuetzen1_13_10_2020_edited_LeftArm.csv:[72291,76235,81425,84108,89208,91730,94303,97721,101660,104658,110144,112771]
resources/preprocessed/Interpolated-Revised/Jan_liegestuetzen1_13_10_2020_edited_Chest.csv:[72937,75604,78928,82121,86070,89323,92316,94954,97716,100875,104608,109603,112756]
resources/preprocessed/Interpolated-Revised/Jan_liegestuetzen1_13_10_2020_edited_Belly.csv:[72001,76515,78988,81695,84293,88107,92436,95064,97852,100399,102821,106050,108838,114368]
resources/preprocessed/Interpolated/Lukas_liegestuetzen3_13_10_2020_RightArm.csv:[11786,14186,16901,20896,23711,27086]
resources/preprocessed/Interpolated/Lukas_liegestuetzen3_13_10_2020_Chest.csv:[11026,14016,18006,21676,25101,28646]
resources/preprocessed/Interpolated/Lukas_liegestuetzen3_13_10_2020_Belly.csv:[11056,13521,16926,23321,26166]
resources/preprocessed/Interpolated/Lukas_liegestuetzen2_13_10_2020_RightArm.csv:[36540,41780,45070,50165,56630,61900,64480,67620,73070]
resources/preprocessed/Interpolated/Lukas_liegestuetzen2_13_10_2020_LeftArm.csv:[36565,39175,43210,46695,50765,56630,61885,64455,67605,71980]
resources/preprocessed/Interpolated/Lukas_liegestuetzen2_13_10_2020_Chest.csv:[36570,39195,42780,46230,48780,52880,55830,61000,66025,70035,73995]
resources/preprocessed/Interpolated/Lukas_liegestuetzen2_13_10_2020_Belly.csv:[36000,38660,41860,44900,48290,52400,55060,61605,64365,66820,72050]
resources/preprocessed/Interpolated/Lukas_liegestuetzen1_13_10_2020_Chest.csv:[38700,41730,44630,48700,55375,59880,62720,68855,72775,77335,83010]
resources/preprocessed/Interpolated/Lukas_liegestuetzen1_13_10_2020_Belly.csv:[38710,41175,46370,51195,54555,60155,62895,68160,72710,75260,78275,82115]
resources/preprocessed/Interpolated/Jan_liegestuetzen3_13_10_2020_RightArm.csv:[34230,37660,40535,44765,52680,55625]
resources/preprocessed/Interpolated/Jan_liegestuetzen3_13_10_2020_LeftArm.csv:[34865,37650,40525,44065,46865,51770,55550]
resources/preprocessed/Interpolated/Jan_liegestuetzen3_13_10_2020_Belly.csv:[34000,38525,42075,45695,50505,54845]
resources/preprocessed/Interpolated/Jan_liegestuetzen2_13_10_2020_RightArm.csv:[17041,23381,26041,30176,33026,36691,40816,44536,50781]
resources/preprocessed/Interpolated/2020-07-02_14.59.59_LeftArm.csv:[74495,77527,79879,82151,84603,86947,89451,91919,93959,96783,99767]
resources/preprocessed/Interpolated/Andre_liegestuetzen2_13_10_2020_Belly.csv:[39996,48241,51586,55046,62836,66131,71826,75926,79006]
resources/preprocessed/Interpolated/2020-07-02_14.59.59_Chest.csv:[73999,77079,79775,82267,84643,86939,88959,91363,94015,97011,99527]
resources/preprocessed/Interpolated/2020-07-02_15.13.22_Belly.csv:[23219,32699,35239,37675,40907,43039,46727,49511,52303,55351,57255,60739,64667]
resources/preprocessed/Interpolated/2020-07-02_15.13.22_RightArm.csv:[23251,25571,29075,32671,34751,36975,39251,44607,47279,49455,52251,55983,58771,62567,66095]
resources/preprocessed/Interpolated/2020-07-02_14.20.28_RightArm.csv:[62035,66539,70531,75255,81591,83819]
resources/preprocessed/Interpolated/2020-07-02_14.20.28_Belly.csv:[61995,67231,69479,74027,77975,84007]
resources/preprocessed/Interpolated/2020-07-02_14.14.32_RightArm.csv:[32003,35159,40199,44887,47599,51247,54127,57967,62703,64995]
resources/preprocessed/Interpolated/2020-07-02_15.13.22_LeftArm.csv:[23267,25611,28615,32679,34779,37011,39851,42095,44607,46691,49479,52223,55243,58711,62483,66095]
resources/preprocessed/Interpolated/2020-07-02_14.14.32_Belly.csv:[32003,35707,38303,41895,45323,47475,51387,55583,59135,61607,64059]
resources/preprocessed/Interpolated/2020-07-02_14.59.59_RightArm.csv:[74515,77499,79799,82215,84631,86971,89395,91315,93975,96811,99695]
resources/preprocessed/Interpolated/Jan_liegestuetzen3_13_10_2020_Chest.csv:[36110,41930,47585,50100,52700,55710]
resources/preprocessed/Interpolated/2020-07-02_14.20.28_LeftArm.csv:[61995,65995,68807,74603,81515]
resources/preprocessed/Interpolated/2020-07-02_13.00.09_Belly.csv:[27859,29779,32283,36883,38895,41611,45163,47447,49707,52103,54919,57175,59491]
resources/preprocessed/Interpolated/2020-07-02_14.14.32_LeftArm.csv:[32315,35159,38179,40183,43463,46991,50379,54055,58787,61299,63399]
resources/preprocessed/Interpolated/2020-07-02_11.17.39_Belly.csv:[58971,61051,64439,66523,68679,71107,75299,79475,81443,85139,87099,89303,93727,96083,98043,101795,104419,107343]
resources/preprocessed/Interpolated/Andre_liegestuetzen3_13_10_2020_Chest.csv:[31423,34628,38688,44178,51733,55058,59423,62578]
resources/preprocessed/Interpolated/2020-07-02_11.17.39_Chest.csv:[58227,61023,63991,67459,69587,74367,78527,81707,84143,88051,90547,94163,96487,99127,101623,104367,106615]
resources/preprocessed/Interpolated/2020-07-02_11.17.39_LeftArm.csv:[58227,61059,64499,70111,74911,78511,82867,88735,91099,94787,97239,99767,102371,105007,107819]
resources/preprocessed/Interpolated/2020-07-02_14.59.59_Belly.csv:[73999,76267,79271,81571,84087,86419,88583,91315,93935,96831,99995]
resources/preprocessed/Interpolated/Andre_Squats_13_10_2020_LeftArm.csv:[60996,66186,71586,75241,78351,82371,86576,92361,95796,99176,102521,107226,110931,117091,121646,126271,129366,138251,140716,143236,148551,157651]
resources/preprocessed/Interpolated/2020-07-02_14.07.33_Chest.csv:[7473,10529,13757,15773,18333,22345,26273,28665,31485,36633,39777,43781]
resources/preprocessed/Interpolated/2020-07-02_11.17.39_RightArm.csv:[58227,61071,64471,68699,72083,74883,78491,83207,88751,91651,94763,97223,99775,102371,104983,107799]
resources/preprocessed/Interpolated/Andre_liegestuetzen3_13_10_2020_RightArm.csv:[31453,33863,40373,44233,47168,55453,59908,63313]
resources/preprocessed/Interpolated/2020-07-02_12.50.00_LeftArm.csv:[16271,21371,24895,27451,29515,31523,33499,35551,37811,39943,42299,44427,46603,49107,51659,53599,56315,58767,61455]
resources/preprocessed/Interpolated/2020-07-02_14.20.28_Chest.csv:[61995,67543,71511,74487,78679,80663,82631]
resources/preprocessed/Interpolated/2020-07-02_14.07.33_RightArm.csv:[7209,10249,12761,15429,19813,22561,25325,29513,31785,34649,36777,40829,43625]
resources/preprocessed/Interpolated/Lukas_liegestuetzen1_13_10_2020_RightArm.csv:[38000,41670,45270,48770,53650,59865,64830,71105,74715,77530,81210,83995]
resources/preprocessed/Interpolated/2020-07-02_14.07.33_Belly.csv:[7197,10577,13713,17585,20361,23137,27137,29077,31941,35565,38537,40841,43741]
resources/preprocessed/Interpolated/Andre_liegestuetzen1_13_10_2020_RightArm.csv:[16996,19986,25731,33351,38256,41976,46991,51611,56146,62271,65686]
resources/preprocessed/Interpolated/2020-07-02_12.50.00_RightArm.csv:[16451,19487,22695,25427,27443,29523,31539,35555,37811,39963,42319,44459,46627,49131,51679,53607,56319,58775,61463]
resources/preprocessed/Interpolated/Andre_Squats2_13_10_2020_Belly.csv:[48045,52535,61755,69210,72060,74580,77830,80255,83455,87550,90525,94765,97315,103055,109305,113780,116425,121075,123605,126220,131455,136080,140615,145205,150535,153150,159460,164565,169195,174435,179410,184445,190830,196575,200325,204100,209925]
resources/preprocessed/Interpolated/2020-07-02_12.50.00_Chest.csv:[16271,21139,24451,27287,32563,34679,40783,43299,45551,47939,49863,52899,55711,58007,60799]
resources/preprocessed/Interpolated/2020-07-02_13.00.09_Chest.csv:[27027,30635,36287,40203,42911,45867,49059,52931,57095,60467]
resources/preprocessed/Interpolated/2020-07-02_13.00.09_RightArm.csv:[27927,32367,38075,40111,42255,45739,48103,50327,52883,55611,57683,61223]
resources/preprocessed/Interpolated/2020-07-02_15.13.22_Chest.csv:[23135,27375,30491,32603,35251,37739,40655,42983,45675,48247,50915,53795,57119,60655,64543]
resources/preprocessed/Interpolated/Andre_liegestuetzen1_13_10_2020_Belly.csv:[16996,20641,25811,29996,35491,39656,43081,50461,56741,60471,63406,66386]
resources/preprocessed/Interpolated/2020-07-02_15.31.36_Belly.csv:[72939,78987,83187,86915,89635,91843,94071,97759,101751,104283,106787,109579,112375]
resources/preprocessed/Interpolated/Jan_liegestuetzen2_13_10_2020_LeftArm.csv:[17671,23991,27351,31531,35111,40806,43536,49736]
resources/preprocessed/Interpolated/2020-07-02_15.31.36_Chest.csv:[73079,77719,80575,83055,86807,89503,91763,94791,97119,99327,101631,104303,106823,109499,113695]
resources/preprocessed/Interpolated/Andre_Squats_13_10_2020_RightArm.csv:[60996,71646,75291,80691,85661,90021,93666,97586,100701,105701,115936,121571,126206,131821,137481,140006,143236,148596,154596,157656]
resources/preprocessed/Interpolated/2020-07-02_14.14.32_Chest.csv:[32495,36267,39507,41975,44591,48723,51687,54467,57619,59643,61811,64995]
resources/preprocessed/Interpolated/2020-07-02_15.31.36_LeftArm.csv:[73119,75211,79155,82219,86839,88807,90963,93155,95439,97607,99991,102359,104299,106839,109531,112255]
resources/preprocessed/Interpolated/2020-07-02_15.31.36_RightArm.csv:[72863,76971,82991,86855,88811,90951,94831,97579,99907,102347,104283,106851,109535,112255]
resources/preprocessed/Interpolated/Andre_Squats2_13_10_2020_Chest.csv:[47500,54810,63565,69210,72730,75315,78820,82175,85235,88370,92485,96065,101600,107150,110220,116030,118670,121755,125385,131700,136270,141160,145965,149295,154085,160220,164815,170715,175105,180000,184965,189960,193510,196560,199955,203145,209150,212595]
resources/preprocessed/Interpolated/2020-07-02_14.07.33_LeftArm.csv:[7173,10269,13329,15417,19813,22569,25309,29473,33157,36737,40789,43417]
resources/preprocessed/Interpolated/Andre_Squats2_13_10_2020_RightArm.csv:[47500,50160,55840,58780,64130,66935,70250,72920,76420,80050,83405,87055,90455,94405,97460,100845,103655,108040,110695,115050,119270,123780,128895,134990,139515,143320,149330,153815,157465,164480,168260,171625,175940,183250,185795,188285,193170,197840,202475,206550,211225]
resources/preprocessed/Interpolated/Andre_liegestuetzen1_13_10_2020_LeftArm.csv:[16996,19951,23986,29106,34826,38076,43081,48016,51521,56171,60601,65646]
resources/preprocessed/Interpolated/2020-07-02_13.00.09_LeftArm.csv:[27947,31795,38127,41551,43575,45767,48131,50363,52935,54855,57675,61207]
resources/preprocessed/Interpolated/Andre_liegestuetzen3_13_10_2020_LeftArm.csv:[31493,34408,36998,41888,48778,52923,59923,64083]
resources/preprocessed/Interpolated/Lukas_liegestuetzen1_13_10_2020_LeftArm.csv:[38000,40930,44600,48770,53625,56160,59855,64805,69175,72950,77530,81180,83995]
resources/preprocessed/Interpolated/Andre_Squats2_13_10_2020_LeftArm.csv:[47500,52515,57055,61165,64150,69125,72790,76390,80055,83405,87110,90435,94375,97605,101055,104435,106820,109945,115290,119725,123875,128790,134955,139625,144360,149295,153930,158320,161210,164630,169240,171830,174750,177420,183290,185760,189200,193215,197975,204800,207415,212520]
resources/preprocessed/Interpolated/Andre_Squats_13_10_2020_Belly.csv:[60996,64091,68046,71981,78441,83341,88326,93501,97491,103501,108601,113351,118386,122816,127651,132451,139551,142041,146936,154121,158956]
resources/preprocessed/Interpolated/Andre_Squats_13_10_2020_Chest.csv:[60996,64236,68006,71636,77441,80581,84056,88976,92481,95441,98461,101551,104091,107511,110816,113971,118576,123271,127116,131181,134261,138336,141511,144001,148676,152821,157696]
resources/preprocessed/Interpolated/Andre_liegestuetzen2_13_10_2020_Chest.csv:[39996,45961,48376,51596,55046,60426,64716,69166,73526,76256]
resources/preprocessed/Interpolated/Andre_liegestuetzen2_13_10_2020_LeftArm.csv:[39996,44186,49241,54356,56846,61641,67736,73121,75836,79101]
resources/preprocessed/Interpolated/Lukas_liegestuetzen3_13_10_2020_LeftArm.csv:[11736,14166,18071,23731,27046]
resources/preprocessed/Interpolated/Andre_liegestuetzen1_13_10_2020_Chest.csv:[16996,21601,25056,27446,33271,38116,42021,46376,50471,53576,56166,59736,63571,66361]
resources/preprocessed/Interpolated/Andre_liegestuetzen2_13_10_2020_RightArm.csv:[39996,42731,45976,49396,52796,58676,62311,66326,70656,76856]
resources/preprocessed/Interpolated/2020-07-02_12.50.00_Belly.csv:[17007,21167,23827,25971,29979,32907,36091,38331,40611,42755,44935,47155,49707,52179,55087,60263,62995]
resources/preprocessed/Interpolated/Andre_liegestuetzen3_13_10_2020_Belly.csv:[30998,34343,37568,42408,49458,60258,63828]
resources/preprocessed/Interpolated/Jan_liegestuetzen2_13_10_2020_Belly.csv:[16996,20126,23521,28311,31091,37596,40961,46051,48711]
resources/preprocessed/Interpolated/Jan_liegestuetzen2_13_10_2020_Chest.csv:[16996,20571,23336,26736,30131,35876,42626,46821,49376]
