resources/preprocessed/Interpolated/Lukas_liegestuetzen3_13_10_2020_RightArm.csv:[12131,15496,17336,19281,21296,25116]
resources/preprocessed/Interpolated/Lukas_liegestuetzen3_13_10_2020_Chest.csv:[16141,18601,22731]
resources/preprocessed/Interpolated/Lukas_liegestuetzen3_13_10_2020_Belly.csv:[15486,17356,19291,22726]
resources/preprocessed/Interpolated/Lukas_liegestuetzen2_13_10_2020_RightArm.csv:[39200,42255,46480,49910,53260,56405,61630,64210,67375,71675,73995]
resources/preprocessed/Interpolated/Lukas_liegestuetzen2_13_10_2020_LeftArm.csv:[39955,42265,44790,49000,51595,55525,58060,61640,64200,67380,70355,72125]
resources/preprocessed/Interpolated/Lukas_liegestuetzen2_13_10_2020_Chest.csv:[40720,43065,46500,49000,51600,55550,61630,64200,67375,71685]
resources/preprocessed/Interpolated/Lukas_liegestuetzen2_13_10_2020_Belly.csv:[37610,39985,43065,48990,51605,55540,62295,64225,67385,71620]
resources/preprocessed/Interpolated/Lukas_liegestuetzen1_13_10_2020_Chest.csv:[40825,44410,47005,50485,53310,55210,57910,60845,64465,67190,69100,73790,77265,80900,83055]
resources/preprocessed/Interpolated/Lukas_liegestuetzen1_13_10_2020_Belly.csv:[40095,44420,46990,50480,53315,55245,58910,60875,64480,67175,69085,73820,77270,80910,83090]
resources/preprocessed/Interpolated/Jan_liegestuetzen3_13_10_2020_RightArm.csv:[38950,43920,47485,52580,54560]
resources/preprocessed/Interpolated/Jan_liegestuetzen3_13_10_2020_LeftArm.csv:[34000,37495,40425,43295,46080,50840,53205,55245]
resources/preprocessed/Interpolated/Jan_liegestuetzen3_13_10_2020_Belly.csv:[36745,43935,47505,52600,54550]
resources/preprocessed/Interpolated/Jan_liegestuetzen2_13_10_2020_RightArm.csv:[17126,20566,24626,26551,28696,32871,35801,39021,42501,44381,46691,49121]
resources/preprocessed/Interpolated/Jan_liegestuetzen2_13_10_2020_Chest.csv:[20571,25246,28706,31476,35816,44416,46696,49211]
resources/preprocessed/Interpolated/Jan_liegestuetzen2_13_10_2020_Belly.csv:[19806,21936,24626,27286,30721,33486,43146,45041,47391]
resources/preprocessed/Interpolated/Andre_liegestuetzen3_13_10_2020_RightArm.csv:[34433,37683,40888,45878,50683,52783,55103,57653,60308,63073]
resources/preprocessed/Interpolated/2020-07-02_14.20.28_RightArm.csv:[64307,66487,68179,70847,72751,74471,78391,81359,83135]
resources/preprocessed/Interpolated/2020-07-02_14.20.28_Belly.csv:[64303,67055,68783,73363,75727,78411,81379,83131]
resources/preprocessed/Interpolated/2020-07-02_14.14.32_RightArm.csv:[32003,35619,38175,42031,44791,46935,48919,52503,55971,58275,60427,62455]
resources/preprocessed/Interpolated/2020-07-02_15.13.22_LeftArm.csv:[23099,26779,28699,30623,32835,34995,36739,39455,41731,44283,46951,49775,52543,55671,63015,65607]
resources/preprocessed/Interpolated/2020-07-02_14.14.32_Belly.csv:[34487,39475,41431,45551,48267,53103,55339,56859,58539,60379,62367,64807]
resources/preprocessed/Interpolated/2020-07-02_14.59.59_RightArm.csv:[75031,77171,79371,81887,84295,86587,89135,91619,93499,95119,97175,99123]
resources/preprocessed/Interpolated/2020-07-02_14.20.28_Chest.csv:[64883,67087,68783,70451,73379,76395,78427,81419,83163]
resources/preprocessed/Interpolated/2020-07-02_14.07.33_RightArm.csv:[10685,13977,16565,19729,22457,27937,31629,35109,36585,38045,39621,41233,42937]
resources/preprocessed/Interpolated/Lukas_liegestuetzen1_13_10_2020_RightArm.csv:[40105,43560,46985,50475,54205,56110,58875,60815,64420,67220,69120,72045,77245,80895]
resources/preprocessed/Interpolated/2020-07-02_14.07.33_Belly.csv:[10097,14649,17845,21109,23921,26581,30849,33025,35937,37421,38929,40605,42309,44117]
resources/preprocessed/Interpolated/2020-07-02_13.00.09_RightArm.csv:[26999,28883,30771,32547,35655,37411,39251,41539,43483,48927,51391]
resources/preprocessed/Interpolated/Jan_liegestuetzen3_13_10_2020_Chest.csv:[37520,40430,44710,47510,53245,55255]
resources/preprocessed/Interpolated/2020-07-02_14.20.28_LeftArm.csv:[64859,68651,72659,75583,78347,83095]
resources/preprocessed/Interpolated-Revised/Jan_liegestuetzen1_13_10_2020_edited_Belly.csv:[74318,78172,82691,84728,90369,92271,95459,98207,102586,104518,106765,110199]
resources/preprocessed/Interpolated/2020-07-02_12.50.00_LeftArm.csv:[17723,21615,23399,24963,26935,29027,30919,32875,34971,37203,39367,41727,43783,45983,48383]
resources/preprocessed/Interpolated/2020-07-02_13.00.09_Chest.csv:[26999,28927,30799,32655,34547,36439,38523,40395,42471,44539,46999,49151,51523,53003,55335,57227,60091]
resources/preprocessed/Interpolated/2020-07-02_12.50.00_Chest.csv:[17735,19787,21631,23443,24923,26883,28967,30907,32831,34939,37195,39343,41691,43747,45939,48351,50855,53147,54987,57499,60115,62995]
resources/preprocessed/Interpolated-Revised/Jan_liegestuetzen1_13_10_2020_edited_LeftArm.csv:[75574,78772,82041,84718,87852,90364,96200,99118,102601,104553,106780]
resources/preprocessed/Interpolated-Revised/Jan_liegestuetzen1_13_10_2020_edited_RightArm.csv:[75559,79468,82046,86600,89763,92837,95444,99108,103137,105064,107316,109223]
resources/preprocessed/Interpolated/Andre_Squats2_13_10_2020_Belly.csv:[49725,52020,54275,56555,58940,61315,63675,65960,67960,70705,73365,75450,78830,82260,86120,88965,92215,94435,99170,101525,106105,110020,113300,117130,120265,122790,125985,130675,135400,139870,144720,149670,151445,154130,158910,163605,166845,168670,171965,173870,178645,183470,188700,193520,196530,198365,201280,203120,207790,212610]
resources/preprocessed/Interpolated/2020-07-02_13.00.09_Belly.csv:[26999,28907,30787,32659,34547,36447,38555,40407,42451,44519,46999,49135,51599,53115,55427,57215]
resources/preprocessed/Interpolated/2020-07-02_14.14.32_LeftArm.csv:[32003,35587,37531,39415,41423,43367,48263,50271,54423,56863,58631,60995,62467,64875]
resources/preprocessed/Interpolated-Revised/Jan_liegestuetzen1_13_10_2020_edited_Chest.csv:[74318,79478,82056,84728,87281,89778,93532,95484,99133,103197,105124,107351,109268]
resources/preprocessed/Interpolated/2020-07-02_11.17.39_Belly.csv:[58359,60023,61923,63575,65307,66947,68647,70339,72119,73871,75735,77491,79331,81215,83119,85071,86923,88911,90419,92275,94679,97163,98567,101195,103903]
resources/preprocessed/Interpolated/Andre_liegestuetzen3_13_10_2020_Chest.csv:[33623,39263,41718,48563,50678,52793,55043,57478,60233,62908]
resources/preprocessed/Interpolated/2020-07-02_11.17.39_Chest.csv:[58387,60119,61931,63599,65299,66951,68667,70351,72147,73907,75763,77515,79335,81219,83127,85087,86899,89563,91447,93619,96095,98539,101151,102639,104579]
resources/preprocessed/Interpolated/2020-07-02_11.17.39_LeftArm.csv:[58227,59907,62771,64507,66255,67963,69655,71375,73163,74811,76603,78603,80527,82267,84131,86023,87723,90491,92507,94731,97223,102075,103831,107579]
resources/preprocessed/Interpolated/2020-07-02_14.59.59_Belly.csv:[74871,76995,79403,81779,84235,86575,88419,89883,91503,94223,97143,99131]
resources/preprocessed/Interpolated/Andre_Squats_13_10_2020_LeftArm.csv:[63491,67041,68876,72111,74456,77421,82501,87546,92546,97766,102691,105511,107656,112601,117291,120431,123141,126521,128906,131221,133676,136016,138406,140871,143371,145741,148161,150446,152881,155366,157756]
resources/preprocessed/Interpolated/2020-07-02_14.07.33_Chest.csv:[10101,12645,15289,17845,19797,22489,24609,27321,30885,35149,36629,38085,39621,41289,42969]
resources/preprocessed/Interpolated/2020-07-02_11.17.39_RightArm.csv:[58339,59955,61963,63583,65283,66939,68715,70339,72143,73827,75779,77615,79511,81255,83111,85099,86887,88795,90379,92387,94691,97227,99695,102015,103875,107611]
resources/preprocessed/Interpolated/2020-07-02_14.59.59_Chest.csv:[74863,76963,79415,81779,84271,86591,89059,91531,94251,97151,99199]
resources/preprocessed/Interpolated/2020-07-02_14.59.59_LeftArm.csv:[74923,76587,78151,80263,82687,84263,85999,87431,89079,91575,94279,97179,99023]
resources/preprocessed/Interpolated/2020-07-02_12.50.00_RightArm.csv:[16043,21651,23443,24959,26935,28999,30919,32875,34975,37175,39379,41723,43763,45971,48399]
resources/preprocessed/Interpolated/Andre_liegestuetzen1_13_10_2020_RightArm.csv:[19611,23141,26506,30631,34621,37071,41891,44456,48686,53321,55291,57411,59666,62686,65411]
resources/preprocessed/Interpolated/Andre_liegestuetzen2_13_10_2020_Belly.csv:[43316,49901,53256,58611,61446,63396,65321,67476,69621,72151,74816,77846]
resources/preprocessed/Interpolated/2020-07-02_15.13.22_Belly.csv:[23267,26875,28707,30675,32827,34895,37199,39427,41635,44255,46891,49731,52551,55587,59103,62975]
resources/preprocessed/Interpolated/2020-07-02_15.13.22_RightArm.csv:[23003,26883,28415,30759,32859,35051,37227,39455,41719,44291,46943,49783,52547,55675,59207,63059]
resources/preprocessed/Interpolated/2020-07-02_15.13.22_Chest.csv:[25139,26891,28727,30691,32819,34979,37203,39439,41651,44267,46907,49763,52551,55647,59163,63011]
resources/preprocessed/Interpolated/Andre_liegestuetzen1_13_10_2020_Belly.csv:[19651,23146,25691,30636,33791,37061,41891,46931,51386,53266,55246,57421,59606,62501,65361]
resources/preprocessed/Interpolated/2020-07-02_15.31.36_Belly.csv:[72847,89203,91419,93627,95835,97247,99607,101919,104459,107131,109779,112543]
resources/preprocessed/Interpolated/Jan_liegestuetzen2_13_10_2020_LeftArm.csv:[20541,23271,25946,28691,32891,40676,42511,44446,46716,49086]
resources/preprocessed/Interpolated/2020-07-02_15.31.36_Chest.csv:[72499,89263,91511,93623,95875,98111,99631,101967,104531,106435,107903,110623,112571]
resources/preprocessed/Interpolated/Andre_Squats_13_10_2020_RightArm.csv:[63476,66831,72081,74321,77416,82576,87386,92541,97746,102686,107621,112526,117291,121956,126521,128901,131241,133671,136011,138406,140871,143376,145741,148151,150451,152891,155361,157756]
resources/preprocessed/Interpolated/2020-07-02_14.14.32_Chest.csv:[34491,36923,39495,41451,44859,48963,53151,55391,56911,58591,60423,62443,64879]
resources/preprocessed/Interpolated/2020-07-02_15.31.36_LeftArm.csv:[72559,92771,95147,98159,100423,102023,104511,107875,109815,112587]
resources/preprocessed/Interpolated/2020-07-02_15.31.36_RightArm.csv:[72615,91495,93559,94975,97235,99191,101999,104583,106315,108007,111327,113339]
resources/preprocessed/Interpolated/Andre_Squats2_13_10_2020_Chest.csv:[49730,52040,54275,56555,58950,61320,63680,65950,67950,70760,73330,75455,78810,82260,86085,88980,92095,94465,99160,101550,106175,110030,113240,117125,120255,122840,126010,130685,135375,139895,144710,149715,154135,158915,163650,168670,171960,173875,178655,183485,188685,193520,196525,198370,201280,203080,207785,212570]
resources/preprocessed/Interpolated/2020-07-02_14.07.33_LeftArm.csv:[12033,14605,17817,19765,23261,27273,30185,33585,36573,38933,40509,42329,43937]
resources/preprocessed/Interpolated/Andre_Squats2_13_10_2020_RightArm.csv:[49710,52050,54260,56545,58930,61305,63665,65960,67965,70795,73395,75410,78670,82240,86035,88850,91180,93085,96100,97975,105970,109955,113155,117150,120175,122525,126075,130610,135330,139845,144640,149455,151470,154130,158935,163520,166860,168670,172010,173800,177675,179925,183480,188565,193535,198350,202955,207805,212535]
resources/preprocessed/Interpolated/Andre_liegestuetzen1_13_10_2020_LeftArm.csv:[19606,23141,25661,30621,33046,37056,41151,44471,47881,53341,55306,57421,59661,62581,65391]
resources/preprocessed/Interpolated/2020-07-02_13.00.09_LeftArm.csv:[28183,30023,31891,33619,35503,37587,39527,41531,43463,50539,53011,55543]
resources/preprocessed/Interpolated/Andre_liegestuetzen3_13_10_2020_LeftArm.csv:[33633,38498,45083,48588,50758,52803,55133,57648,60353]
resources/preprocessed/Interpolated/Lukas_liegestuetzen1_13_10_2020_LeftArm.csv:[40110,42540,44385,46985,50445,54180,57880,60795,64430,67195,69100,72045,77245,80905]
resources/preprocessed/Interpolated/Andre_Squats2_13_10_2020_LeftArm.csv:[49735,52050,54275,56555,58955,61315,63675,65965,68005,71185,73345,75385,78790,82180,86170,88765,91240,93415,96050,98230,103200,106120,109970,113140,117260,120175,122525,126060,130690,135310,139835,144690,149635,151410,154125,156970,158855,162230,164900,166970,169805,175195,179935,183470,186770,188535,193480,196715,199850,203180,207760,210300,212640]
resources/preprocessed/Interpolated/Andre_Squats_13_10_2020_Belly.csv:[63491,67031,72036,74416,77466,82516,87411,92581,97766,102721,107621,112561,117286,121981,126531,128911,131251,133681,136021,138426,140886,143401,145761,148201,150486,152901,155391,157786]
resources/preprocessed/Interpolated/Andre_Squats_13_10_2020_Chest.csv:[63491,67036,72051,74401,77511,82571,87476,92581,97806,102751,107656,112586,117306,121991,126536,128906,131256,133686,136026,138426,140891,143396,145751,148176,150476,152906,155376,157771]
resources/preprocessed/Interpolated/Andre_liegestuetzen2_13_10_2020_Chest.csv:[43316,46526,49911,53266,58621,61451,63401,65326,67486,69691,72161,74821,77706,79996]
resources/preprocessed/Interpolated/Andre_liegestuetzen2_13_10_2020_LeftArm.csv:[43306,46511,49901,53266,55976,58621,61466,64246,66236,68376,70596,73136,74891]
resources/preprocessed/Interpolated/Lukas_liegestuetzen3_13_10_2020_LeftArm.csv:[12156,15481,17351,19251,21241,23556]
resources/preprocessed/Interpolated/Andre_liegestuetzen1_13_10_2020_Chest.csv:[19651,23146,26526,30641,33806,37071,42811,48656,51391,53291,55241,57391,59591,62511,65341]
resources/preprocessed/Interpolated/Andre_liegestuetzen2_13_10_2020_RightArm.csv:[43311,49911,53261,58621,60431,62256,64276,66246,68381,70616,73121,74951]
resources/preprocessed/Interpolated/2020-07-02_12.50.00_Belly.csv:[16779,18995,20863,22755,24911,26879,29007,30903,32847,34927,37207,39347,41687,43759,45911,48351,50847,53127,55031,57503,60107,62995]
resources/preprocessed/Interpolated/Andre_liegestuetzen3_13_10_2020_Belly.csv:[33623,39253,42463,45853,48558,50693,52803,55003,57458,60148,62883]
