resources/preprocessed/Interpolated/Lukas_liegestuetzen3_13_10_2020_RightArm.csv:[11331,12426,13211,14276,15811,17056,18306,19601,21071,22451,23856,26101,28321]
resources/preprocessed/Interpolated/Lukas_liegestuetzen3_13_10_2020_Chest.csv:[11246,12636,14211,15496,17041,18241,19226,21296,22851,23916,25851,28326]
resources/preprocessed/Interpolated/Lukas_liegestuetzen3_13_10_2020_Belly.csv:[12226,13021,14996,17596,18696,19761,21391,22421,23926,25261,26281,27351,28531]
resources/preprocessed/Interpolated/Lukas_liegestuetzen2_13_10_2020_RightArm.csv:[36060,37300,38705,40245,41860,43540,45270,46890,47555,48665,50305,51940,53700,55295,57360,58450,60195,60920,62080,63405,64605,65960,67730,69430,70785,72050,73545]
resources/preprocessed/Interpolated/Lukas_liegestuetzen2_13_10_2020_LeftArm.csv:[36080,37320,38700,40345,41930,43540,45230,47005,48685,50335,51990,53650,55290,56870,58575,60215,60905,62125,63425,64610,66055,67700,69430,70750,72970,73995]
resources/preprocessed/Interpolated/Lukas_liegestuetzen2_13_10_2020_Chest.csv:[36105,37300,38585,40340,42385,43920,45820,46675,48440,49210,50095,52485,53410,54145,55260,57345,58880,60510,61910,62695,63435,64310,65120,66210,67615,69585,70795,72140,73995]
resources/preprocessed/Interpolated/Lukas_liegestuetzen2_13_10_2020_Belly.csv:[36385,37565,38685,40675,41965,43585,45105,47125,48970,50895,51830,53550,55355,56750,58520,60580,61935,62855,65050,66420,67300,68570,69410,70540,72185,73905]
resources/preprocessed/Interpolated/Lukas_liegestuetzen1_13_10_2020_Belly.csv:[38165,39535,41315,42870,43615,45245,46500,48765,50560,52275,54260,56340,58150,59785,61210,62020,63830,65095,65775,67665,68540,69595,70665,73190,74745,76340,77410,78300,79680,81635,83995]
resources/preprocessed/Interpolated/Jan_liegestuetzen3_13_10_2020_RightArm.csv:[34000,36415,37820,39350,40730,42225,43690,45020,46420,47900,49545,51280,53155,55640,56995]
resources/preprocessed/Interpolated/Jan_liegestuetzen3_13_10_2020_LeftArm.csv:[34345,36355,37825,39410,40705,42170,43610,44990,46430,47925,49555,51290,53455,55735,56955]
resources/preprocessed/Interpolated/Jan_liegestuetzen3_13_10_2020_Belly.csv:[34000,35165,36610,37990,39770,40805,42640,43915,45155,46655,48295,50085,51160,51795,53745,56090,56995]
resources/preprocessed/Interpolated/Jan_liegestuetzen2_13_10_2020_RightArm.csv:[16996,19521,20891,22201,23566,24996,26256,27646,29081,30401,31836,33246,34691,36266,37781,39441,41191,42981,45341,47251,47971,49296,50281]
resources/preprocessed/Interpolated/Jan_liegestuetzen2_13_10_2020_Chest.csv:[17596,19516,20841,22301,23611,24951,26261,27706,29051,30386,31846,33221,34596,36241,37691,39476,41256,43226,45336,47816,50066,50996]
resources/preprocessed/Interpolated/Jan_liegestuetzen2_13_10_2020_Belly.csv:[18036,19691,21061,22306,23746,25066,26366,27781,29121,30511,32066,33291,35176,36326,38236,39846,41646,43481,45541,48256,49691,50961]
resources/preprocessed/Interpolated/2020-07-02_14.59.59_LeftArm.csv:[74111,75295,76451,77619,78795,79923,81123,82183,83591,84599,85935,86995,88355,89435,90863,92023,93523,94611,95299,96375,97463,98167,99283,99995]
resources/preprocessed/Interpolated/Andre_liegestuetzen2_13_10_2020_Belly.csv:[39996,42861,44361,46071,47806,49421,51156,52806,54596,56366,58141,59891,61736,63771,65651,67181,67991,69211,71436,72706,74466,75471,76971,78741]
resources/preprocessed/Interpolated/Jan_liegestuetzen1_13_10_2020_RightArm.csv:[85000,88535,90205,92120,94145,96175,97895,100200,101910,103880,105860,107880,109965,111675,113865,115700,119605,121890,123440,125870,127300,129490,131325,133455,135130,138905,140840,142460,143645,144665,146470,150160,152580,154350,158355,160845,162610,164010,166605,167355,169965,170765,173625,174495,177460,179075,182225,183475,183995]
resources/preprocessed/Interpolated/2020-07-02_14.59.59_Chest.csv:[74079,75203,76671,77679,78855,79819,80387,81219,82799,83611,84639,85979,87491,88487,90059,90891,92795,93623,95663,96547,98367,99995]
resources/preprocessed/Interpolated/2020-07-02_15.13.22_Belly.csv:[23003,24691,25403,26427,27251,28171,29127,30171,31175,32311,33219,34071,35355,36627,37715,38843,39919,41199,42103,43683,44623,46355,47327,48251,49123,50051,50983,51883,52615,53935,54927,55895,58399,59403,60935,61967,63347,65019,66011]
resources/preprocessed/Interpolated/2020-07-02_15.13.22_RightArm.csv:[23003,24395,25659,26479,27375,28187,29063,30135,31131,32239,33311,34327,35427,36551,37711,38831,39907,41111,42299,43611,44799,46263,47407,49019,50127,51859,52935,53799,54935,56259,57023,58387,59763,60755,62183,63631,64655,65927]
resources/preprocessed/Interpolated/Lukas_liegestuetzen1_13_10_2020_Chest.csv:[38300,39575,41275,42875,44750,46400,48240,50230,51000,51935,54010,55535,57700,59455,61325,62950,64875,66125,67125,68350,70730,71395,72250,74710,76080,78180,79560,80685,83455]
resources/preprocessed/Interpolated/Jan_liegestuetzen1_13_10_2020_Chest.csv:[84900,85725,88180,89840,91545,92480,96925,99930,104115,106095,107895,110480,111645,113120,115565,119310,121140,122075,122920,123880,128235,131490,135040,135805,138925,142570,143395,146385,147230,150010,151560,154220,158245,159085,159965,162460,164020,166500,167540,169920,173875,174835,177375,179370,182750,183990]
resources/preprocessed/Interpolated/2020-07-02_14.20.28_RightArm.csv:[61995,62955,63867,65011,66155,67283,68419,69507,70635,71819,73011,74131,75343,76655,78059,79551,80087,81071,81851,82883,83443]
resources/preprocessed/Interpolated/2020-07-02_14.20.28_Belly.csv:[61995,63747,64779,66183,67295,68475,69591,70711,72247,73003,74163,75099,75875,76795,77955,78575,79271,79991,80899,81695,82703,83583]
resources/preprocessed/Interpolated/2020-07-02_14.14.32_RightArm.csv:[32019,33167,34079,35223,36495,37799,39067,40327,41695,43051,44415,45835,47147,48559,49947,51371,52807,54255,55683,57515,58951,60767,61343,62835,63563,64995]
resources/preprocessed/Interpolated/2020-07-02_15.13.22_LeftArm.csv:[23003,24303,25671,26315,27295,28171,29219,30199,31107,32227,33179,34323,35387,36623,37707,38843,39875,41131,42167,43619,44807,46267,47363,49079,50079,51811,52891,53771,54823,56267,56979,58259,59731,62147,63667,64623,66067]
resources/preprocessed/Interpolated/2020-07-02_14.14.32_Belly.csv:[32055,33915,34639,35783,36515,37091,38331,39071,39663,40311,40979,42287,43075,43683,44963,46407,47119,49115,50187,51887,52599,53331,54187,54835,56359,57699,59599,61015,62727,63435,64995]
resources/preprocessed/Interpolated/2020-07-02_14.59.59_RightArm.csv:[74031,75339,76507,77659,78839,79827,81163,82303,83579,84715,85967,87015,88371,89507,90875,92071,93547,94651,96391,97435,99179,99995]
resources/preprocessed/Interpolated/Jan_liegestuetzen3_13_10_2020_Chest.csv:[34785,36310,37765,39335,40700,42195,43590,44965,46420,47975,49780,51235,53335,55725]
resources/preprocessed/Interpolated/2020-07-02_14.20.28_LeftArm.csv:[61995,62887,63863,65015,66103,67275,68375,69495,70615,71767,72935,74123,75303,76639,78043,79535,81039,81863,82827]
resources/preprocessed/Interpolated/2020-07-02_13.00.09_Belly.csv:[27355,28643,30427,31255,32339,33263,34191,35019,36099,37223,38215,39351,40079,40923,42211,43015,44295,45287,46591,47415,48667,49719,50339,51159,52383,53991,55531,56667,57687,58923,59995,61103,62123]
resources/preprocessed/Interpolated/2020-07-02_14.14.32_LeftArm.csv:[32003,33179,34095,35215,36463,37767,39059,40343,41727,43031,44427,45847,47107,48539,49931,51347,52703,54219,55663,57447,58979,60775,62775,63355,64091,64995]
resources/preprocessed/Interpolated/2020-07-02_11.17.39_Belly.csv:[58559,59863,60603,61587,62387,64043,64927,65775,66651,67407,68243,69067,70099,71091,71867,72607,73643,74295,75379,76323,77251,78075,79015,80051,80995,81783,82743,83747,84731,85631,86699,87743,88783,90107,91067,92051,93323,94371,95683,97163,98179,99487,100815,102199,103551,105891,106827,108139]
resources/preprocessed/Interpolated/Andre_liegestuetzen3_13_10_2020_Chest.csv:[31003,32283,33298,34798,36073,36923,39353,40583,42063,43778,45258,46138,47483,48748,49613,51268,53943,56228,57968,59433,60713,61628,63273,64183]
resources/preprocessed/Interpolated/2020-07-02_11.17.39_Chest.csv:[58271,59259,60643,61471,62171,63175,64071,64923,65839,66559,67511,68259,69135,69823,70919,71787,72715,73471,74391,75299,76275,77167,78047,79043,79931,80783,81819,82679,83531,84671,85659,86323,87603,89011,89943,91003,91847,93151,94283,95495,96587,98027,99303,100559,101823,103167,104695,106235,108139]
resources/preprocessed/Interpolated/Jan_liegestuetzen1_13_10_2020_Belly.csv:[85530,86690,90570,91815,95810,97395,99745,100860,101595,103275,104640,105870,107240,107855,108690,109805,111515,112865,114065,115390,116760,117990,119345,120810,121850,123285,124860,127365,128700,129585,131145,132150,133320,134895,136150,137160,138660,139755,142030,143685,146070,147560,150000,151305,152685,153955,155625,156615,157725,159510,160835,162455,164630,166180,167820,169660,171440,173275,174850,177120,179575,181590,182770,183840]
resources/preprocessed/Interpolated/2020-07-02_11.17.39_LeftArm.csv:[58879,60671,62275,64031,65047,65747,66647,67467,69087,70055,70883,72639,74459,75467,76323,78083,79107,79923,80935,81755,83655,84767,85647,86379,87511,88827,89975,90907,92079,93215,94335,95531,96763,98099,99315,101943,104571,106127,108139]
resources/preprocessed/Interpolated/2020-07-02_14.59.59_Belly.csv:[74371,75339,76431,77483,78903,79887,81031,82259,83703,84675,85979,87903,90779,91895,93603,94603,96495,99995]
resources/preprocessed/Interpolated/Andre_Squats_13_10_2020_LeftArm.csv:[60996,62976,64341,65721,67266,68436,71161,73786,76651,79126,81901,84186,86076,88926,91926,94266,96276,97451,99346,102061,104356,106761,108666,111621,114086,116621,118906,121256,122566,123446,125836,126996,128206,129311,130676,131806,132991,134161,135381,136511,137841,138931,140241,141446,142786,143876,145126,146311,147526,148606,149881,151026,152366,153486,154776,155911,157176,158356]
resources/preprocessed/Interpolated/2020-07-02_14.07.33_Chest.csv:[7065,8305,9525,10749,12185,13073,14797,16093,17077,18669,19377,19929,21249,22777,23721,24157,25521,26337,27589,28241,29261,29781,31169,31989,33241,34065,36209,38113,39241,41577,42617,43421]
resources/preprocessed/Interpolated/2020-07-02_11.17.39_RightArm.csv:[58851,60591,62319,64023,65719,67423,69063,70859,72671,74423,76279,78063,79127,79903,81783,83631,85619,87587,88831,89995,92071,93111,94287,95523,96767,98035,99331,101967,104563,105867,108139]
resources/preprocessed/Interpolated/Andre_liegestuetzen3_13_10_2020_RightArm.csv:[31003,32338,33963,35653,37263,38908,40438,42063,43793,45488,47258,48943,49993,51253,52148,53323,54358,55493,56838,57968,59458,60743,62233,63588,65498]
resources/preprocessed/Interpolated/2020-07-02_12.50.00_LeftArm.csv:[16003,16931,18395,19519,20327,21315,22255,23295,24403,25439,26467,27439,28519,29519,30479,31531,32479,33503,34515,35583,36727,37823,38891,40035,41263,42295,43343,44447,45563,46675,47959,49207,50471,51739,53151,54587,55799,57115,58335,59735,61023,62683]
resources/preprocessed/Interpolated/2020-07-02_14.20.28_Chest.csv:[61995,63755,64467,65487,65963,66599,67203,68863,69955,71115,72283,73427,74663,75859,77199,78807,80123,81695,82679,83611]
resources/preprocessed/Interpolated/2020-07-02_14.07.33_RightArm.csv:[7005,8153,9065,10313,11593,12921,14217,15557,16853,18125,19417,20725,22125,23605,24869,26241,27609,29017,30517,31909,33409,34861,36329,37781,39353,41013,43329]
resources/preprocessed/Interpolated/Lukas_liegestuetzen1_13_10_2020_RightArm.csv:[38230,39525,41190,42980,44830,46620,48360,50085,50865,51870,52685,53785,54615,55705,56490,57540,58305,59455,60200,61325,62090,63065,63835,64890,65790,66965,67610,68575,69520,70700,72465,74270,75955,77700,78385,79540,80230,81485,83995]
resources/preprocessed/Interpolated/2020-07-02_14.07.33_Belly.csv:[7025,8277,9557,10993,12125,12961,13541,14765,16077,17045,18129,18793,19977,21313,22721,23665,25441,26137,26769,28153,29649,30501,31013,32193,33361,35165,36657,38005,39729,40897,41501,42465,43309]
resources/preprocessed/Interpolated/Andre_liegestuetzen1_13_10_2020_RightArm.csv:[16996,18251,20146,21861,23551,25366,27026,28661,30346,31836,33481,35041,36771,38446,39866,41526,43161,44796,46566,48286,50001,51816,53681,54596,55626,56741,57881,58896,60096,61816,63031,64606,65901]
resources/preprocessed/Interpolated/2020-07-02_12.50.00_RightArm.csv:[16111,16971,18419,19279,20339,21399,22235,23303,24435,25463,26479,27499,28467,29559,30551,31567,32447,33523,34591,35623,36723,37863,38939,40071,41255,42367,43371,44519,45547,46711,47919,49247,50511,51751,53151,54619,55851,58319,59719,61019,62683]
resources/preprocessed/Interpolated/Andre_Squats2_13_10_2020_Belly.csv:[47560,49475,50395,52520,53330,54780,55650,57215,58015,59530,60685,61900,63075,64380,65360,66360,67270,68775,72345,74445,76295,78545,79875,81640,83035,85315,87145,90130,91555,92350,94405,96980,101570,103820,106190,107545,108340,109525,110275,111280,113410,114490,115420,117050,118250,119390,121305,122155,123115,124685,127150,127970,129640,132555,134760,136790,139295,141515,143765,146440,148970,151180,152580,153605,155795,158375,159575,160705,163075,165370,168005,170135,173010,175535,176820,178460,180390,183065,185425,186950,188025,190395,192780,194315,195230,197250,199260,201340,202790,204535,207180,209420,211685,213995]
resources/preprocessed/Interpolated/2020-07-02_12.50.00_Chest.csv:[16015,16663,18167,18959,20567,21539,22595,23439,24607,25619,26723,28631,29651,31347,32999,33643,35687,37323,38003,38987,40387,41823,42439,43635,44611,45503,46779,47935,49467,50419,51943,53055,54807,55747,57339,58263,59967,61019,61923,62879]
resources/preprocessed/Interpolated/2020-07-02_13.00.09_Chest.csv:[27399,29315,31387,32387,33159,34339,35115,36243,37095,38207,39063,40323,41139,42475,43211,44111,45407,46847,47715,49115,50003,51343,52379,54091,55191,56219,56991,58043,60083,61379,62411]
resources/preprocessed/Interpolated/2020-07-02_13.00.09_RightArm.csv:[27455,28611,29487,30439,31311,32303,33239,34075,35039,36203,37055,38091,38979,40155,41099,43079,44203,45291,46723,47635,48667,49827,51199,52419,53835,55147,56663,58139,59055,60107,62331]
resources/preprocessed/Interpolated/2020-07-02_15.13.22_Chest.csv:[23003,24459,25471,26367,27195,28051,29059,30039,31071,32087,33143,34067,35283,36615,37683,38611,39771,41087,42191,43583,44727,46291,47323,48311,49071,50043,50967,51807,52835,54087,55095,56295,57611,58367,59747,60923,61967,63599,64819,65991]
resources/preprocessed/Interpolated/Andre_liegestuetzen1_13_10_2020_Belly.csv:[16996,18376,19266,20201,22061,23556,24356,25336,27056,27806,28581,30261,32401,33446,35031,36781,38236,39816,40611,41496,43131,43886,44851,46521,48226,50091,51841,53646,54701,55726,56781,58076,59991,61946,62921,64741,65841,66996]
resources/preprocessed/Interpolated/2020-07-02_15.31.36_Belly.csv:[73235,74811,76855,77551,78675,80251,81043,82639,84259,85079,86383,87675,88671,89595,90331,90931,92087,93027,94387,95579,96527,97679,98947,99791,101319,103855,106399,109223,111123,111991,113931]
resources/preprocessed/Interpolated/Jan_liegestuetzen2_13_10_2020_LeftArm.csv:[17271,19446,20866,22226,23486,24811,26166,27556,29011,30371,31781,33216,34666,36186,37781,39481,41211,43091,45326,47236,49131,50266,50996]
resources/preprocessed/Interpolated/2020-07-02_15.31.36_Chest.csv:[72271,73323,74791,77295,78103,78919,81283,82559,84263,84919,86395,87663,88691,89639,90347,90911,92139,93115,94423,95435,96699,97599,98927,101287,102299,103907,104831,106419,107423,108439,109111,111011,111935,112811,113915]
resources/preprocessed/Interpolated/Andre_Squats_13_10_2020_RightArm.csv:[60996,62941,64271,66141,68486,71291,73816,76941,79136,81871,84136,86846,88946,91796,94466,97096,99321,102111,104301,106806,109386,111271,114076,116656,118916,121186,123436,125746,126936,128226,129291,130666,131966,132986,134156,135366,136441,137731,138951,140221,141441,142791,143851,145166,146516,147551,148681,149881,151021,152326,153551,154756,155901,157186,158331]
resources/preprocessed/Interpolated/2020-07-02_14.14.32_Chest.csv:[32011,33859,34615,35779,37071,38383,39635,40963,42283,43719,45139,47043,47835,48695,49147,49879,50627,51967,53371,54075,55179,55743,56639,57831,58931,60163,61419,63435,64119]
resources/preprocessed/Interpolated/2020-07-02_15.31.36_LeftArm.csv:[72271,73331,74811,77267,78827,80863,82595,84967,86395,87887,88859,89951,90951,92163,93111,94391,95619,96703,97619,98963,100055,101303,102379,103059,103895,104871,106423,107491,109095,110255,110883,111775,112871,113627]
resources/preprocessed/Interpolated/2020-07-02_15.31.36_RightArm.csv:[73291,75179,75859,77299,78675,80647,82447,85043,86391,87803,88871,89963,91027,92175,93223,94411,95439,96623,97667,98987,99939,101331,102375,103863,104883,106423,107547,109107,110227,111815,112919,113555]
resources/preprocessed/Interpolated/Andre_Squats2_13_10_2020_Chest.csv:[47500,49160,50335,51430,52695,53665,54885,55995,57260,58410,59715,60765,61945,63120,64325,65495,67285,68785,70250,72315,74135,76440,77870,79715,81345,82965,85445,86900,88475,89885,91355,92630,94130,96945,98415,99440,101165,103905,106795,109015,110560,112685,114005,115675,118225,120210,121950,123085,124985,127860,129780,132310,134640,136835,139360,141515,144045,146435,148810,151660,153670,155935,157845,160470,163370,165385,166435,167785,169275,170230,173405,175445,177585,178395,180445,182540,183210,185400,187555,190415,193135,195225,197905,200125,202750,204540,207425,209540,212120,213995]
resources/preprocessed/Interpolated/2020-07-02_14.07.33_LeftArm.csv:[7005,8173,9049,10349,11593,12861,14201,15505,16865,18129,19349,20717,22117,23549,24873,26221,27625,29053,30529,31893,33345,34789,36297,37717,39301,40953,43141]
resources/preprocessed/Interpolated/Andre_Squats2_13_10_2020_RightArm.csv:[47500,49120,50325,51450,52590,53670,54765,55945,56975,58305,59485,60715,61810,63105,64350,65540,68610,72450,75995,79625,82945,86585,89975,93960,95385,96990,100550,102525,104625,105885,107600,109505,111635,114600,116295,117165,118815,120980,122260,123795,124945,127055,129760,132070,134555,136845,139065,141470,143950,146330,148935,151005,153510,155905,158145,159585,160585,163095,165490,167820,170300,171540,173290,175500,178165,180320,182795,185380,187840,190305,192745,195125,197500,199305,200935,202020,204550,206950,209475,211855,213995]
resources/preprocessed/Interpolated/Andre_liegestuetzen1_13_10_2020_LeftArm.csv:[16996,18351,20196,21876,23511,25321,26876,28636,30226,31806,33346,35046,36666,38311,39856,41526,43241,44851,46601,48321,50126,51916,53751,55781,57946,60171,61826,63086,64611,65851]
resources/preprocessed/Interpolated/2020-07-02_13.00.09_LeftArm.csv:[27519,28603,29547,30419,31335,32315,33183,34183,35103,36143,37083,38075,38979,40087,41083,42191,43099,44227,45311,46615,47675,48623,49923,51187,52499,53875,55183,56683,58203,60059,62391]
resources/preprocessed/Interpolated/Andre_liegestuetzen3_13_10_2020_LeftArm.csv:[31098,32408,33903,35628,37278,38908,40468,42098,43858,45558,47318,49203,51263,53408,55598,56833,58123,59508,60718,62368,63768,65018]
resources/preprocessed/Interpolated/Lukas_liegestuetzen1_13_10_2020_LeftArm.csv:[38255,39540,41195,43075,44810,46720,48290,50175,51965,53775,54580,55815,57705,59420,61225,62080,63075,65020,65780,66900,68820,70735,72530,74290,76015,77735,79570,80215,81360,83995]
resources/preprocessed/Interpolated/Andre_Squats2_13_10_2020_LeftArm.csv:[47500,49125,50320,51430,52570,53710,54750,55940,57115,58350,59590,60745,61815,63125,64280,65405,68640,72300,75920,79635,82930,86630,90005,93885,97115,100610,104060,105710,107615,110555,111560,112325,113175,114870,117335,119340,121000,122975,124845,126015,127535,129620,132260,134495,136900,139235,141460,143875,146315,148870,150990,153565,155965,157805,159710,160605,162540,165260,166690,168065,169395,170200,172840,175415,178195,180345,182935,185315,188105,190110,192875,195100,197570,199325,202090,204380,206860,209390,212060,213645]
resources/preprocessed/Interpolated/Andre_Squats_13_10_2020_Belly.csv:[60996,63041,64176,65251,66311,67061,68491,71706,74141,77176,79116,80856,82196,84206,85786,87146,89146,90736,92066,94276,95946,96956,99236,100836,102206,104416,107196,109296,111746,114136,116596,119076,120386,121626,123546,125146,125956,127136,128301,129526,130821,131976,133156,134311,135566,136701,137956,139031,140421,141576,142871,144051,145266,146481,147651,148716,150086,151156,152426,153646,154811,155971,157326,158486]
resources/preprocessed/Interpolated/Andre_liegestuetzen2_13_10_2020_Chest.csv:[41081,43676,44341,46751,47841,49761,51196,52926,54536,56326,57321,58221,59021,60071,60771,62701,64361,65886,66566,67691,68921,70266,71131,72711,73586,75271,76331,77101,78181,79666]
resources/preprocessed/Interpolated/Andre_liegestuetzen2_13_10_2020_LeftArm.csv:[39996,41176,42876,44461,46041,47776,49561,51091,52876,54621,56371,58366,60071,61896,62726,63926,65816,67981,70256,72611,74106,75406,77281,78641,79996]
resources/preprocessed/Interpolated/Lukas_liegestuetzen3_13_10_2020_LeftArm.csv:[11331,12451,14321,15851,17006,18261,19606,21036,22471,23896,25526,28796]
resources/preprocessed/Interpolated/Andre_liegestuetzen1_13_10_2020_Chest.csv:[16996,18026,20251,21816,23571,25296,26926,28616,30476,31986,33366,35031,36686,38361,40011,41516,43176,44806,46516,48246,49996,51831,53731,54596,55721,56671,57941,60111,61191,61871,63051,64306,65841]
resources/preprocessed/Interpolated/Andre_liegestuetzen2_13_10_2020_RightArm.csv:[39996,41091,42856,44421,46076,47906,49511,51161,52836,54621,56256,57176,58181,59941,61896,62741,63696,64721,65826,66831,68006,69151,70191,71471,72636,74141,75366,77156,78661,79996]
resources/preprocessed/Interpolated/2020-07-02_12.50.00_Belly.csv:[16575,18179,19375,20115,21339,22003,23299,24227,25559,27415,28339,29547,30311,31595,33579,35655,36831,37975,39147,40035,41343,42283,43551,44527,45595,46695,47571,49351,50219,51715,53103,54627,55915,57111,57803,58855,59863,60735,61623,62547]
resources/preprocessed/Interpolated/Andre_liegestuetzen3_13_10_2020_Belly.csv:[30998,32278,33913,34883,35748,37053,38633,40193,41928,42823,43783,45403,46198,47228,49018,51243,52193,53213,54388,55563,57858,59888,60813,61983,63228,65448]
resources/preprocessed/Interpolated/Andre_Squats_13_10_2020_Chest.csv:[60996,62906,64321,65461,66241,68436,71196,73901,77011,79201,80931,81971,84251,85921,86981,89301,91001,92001,94291,97191,98371,99501,101091,102231,104371,107011,109371,111531,114151,116891,118891,121471,123541,125701,127276,128251,129541,130696,132036,133121,134356,135426,136756,137846,139161,140411,141646,142841,144116,145166,146536,147576,148791,149916,151196,152326,153716,154751,156071,157211,158551]
resources/preprocessed/Interpolated/Jan_liegestuetzen1_13_10_2020_LeftArm.csv:[84915,88485,90580,92115,94020,96125,98235,100080,102220,103935,105810,107690,109670,111590,113825,115670,117740,119505,121880,123340,127210,129550,131050,134860,138670,139840,142480,146380,150020,150850,154285,158065,159350,162585,163510,166450,167290,169680,171250,174190,177345,179380,182710,183990]
