resources/preprocessed/Interpolated/Lukas_liegestuetzen3_13_10_2020_RightArm.csv:[11596,13451,15076,16141,17546,18791,20276,21631,23121,24621,26366,27971]
resources/preprocessed/Interpolated/Lukas_liegestuetzen3_13_10_2020_Chest.csv:[11596,13481,15016,16196,17451,18801,20196,21576,23126,24621,26341,27916]
resources/preprocessed/Interpolated/Lukas_liegestuetzen3_13_10_2020_Belly.csv:[11606,13476,14981,16196,17441,18821,20191,21566,22986,24646,26251,27856]
resources/preprocessed/Interpolated/Lukas_liegestuetzen2_13_10_2020_RightArm.csv:[36430,37825,39500,41015,42570,44340,45970,47760,49360,51145,52805,54425,55985,57540,59375,61200,63040,65190,68485,71220,72460]
resources/preprocessed/Interpolated/Lukas_liegestuetzen2_13_10_2020_LeftArm.csv:[36450,37880,39460,41030,42630,44435,46075,47725,49405,51130,52840,54440,55975,57565,59390,61150,62560,65445,68380,71175,72585]
resources/preprocessed/Interpolated/Lukas_liegestuetzen2_13_10_2020_Chest.csv:[36450,37875,39465,41045,42580,44340,46100,47755,49380,51135,52820,54435,55970,57560,59215,61180,63040,65515,68390,71245,72535]
resources/preprocessed/Interpolated/Lukas_liegestuetzen2_13_10_2020_Belly.csv:[36525,37885,39520,41060,42600,44345,46115,47785,49465,51165,52840,54450,55975,57615,59370,61150,62580,66090,66910,68250,71190,72445]
resources/preprocessed/Interpolated/Lukas_liegestuetzen1_13_10_2020_Belly.csv:[38855,40345,42115,43960,45705,47455,49190,50940,52815,54720,56625,58400,60385,62290,63965,65985,67750,69685,71610,73355,75065,76825,78565,80460,81865]
resources/preprocessed/Interpolated/Jan_liegestuetzen3_13_10_2020_RightArm.csv:[34015,36925,38500,39935,41345,42775,44135,45550,46980,48600,50215,52020,54060,55415]
resources/preprocessed/Interpolated/Jan_liegestuetzen3_13_10_2020_LeftArm.csv:[34250,37010,38440,39960,41360,42775,44145,45645,47065,48650,50330,52030,53415,55450]
resources/preprocessed/Interpolated/Jan_liegestuetzen3_13_10_2020_Belly.csv:[34560,35445,37085,38630,39865,41340,42795,44175,45505,47090,48515,50335,52045,53260,54200,55315]
resources/preprocessed/Interpolated/Jan_liegestuetzen2_13_10_2020_RightArm.csv:[17641,20031,21476,22641,24151,25496,26756,28156,29526,30996,32376,33736,35336,36811,38591,40121,41951,43881,45191,47541]
resources/preprocessed/Interpolated/Jan_liegestuetzen2_13_10_2020_Chest.csv:[17541,20076,21491,22801,24126,25456,26766,28151,29546,30986,32376,33756,35256,36826,38596,40141,41956,43886,45146,46216,47571]
resources/preprocessed/Interpolated/Jan_liegestuetzen2_13_10_2020_Belly.csv:[17266,20051,21436,22796,24141,25436,26731,28186,29561,30946,32391,33796,35321,36826,38546,40151,42001,43216,45126,47571]
resources/preprocessed/Interpolated/2020-07-02_14.59.59_LeftArm.csv:[74499,76279,78379,80815,83263,85671,87859,91079,93171,95259,96743,98611]
resources/preprocessed/Interpolated/Andre_liegestuetzen2_13_10_2020_Belly.csv:[40191,42081,43611,45201,46911,48616,50286,52136,53756,55606,57391,59241,61086,63051,64876,67056,69281,71671,73401,76146]
resources/preprocessed/Interpolated/Jan_liegestuetzen1_13_10_2020_RightArm.csv:[85150,94120,98200,101420,105865,109820,113710,117655,121545,125820,129525,133360,137050,140845,143610,148505,151020,155090,159220,163290,167085,170495,178010]
resources/preprocessed/Interpolated/2020-07-02_14.59.59_Chest.csv:[74395,75179,76279,78591,80819,83287,85699,88115,91079,93207,95903,96747,98791,99523]
resources/preprocessed/Interpolated/2020-07-02_15.13.22_Belly.csv:[23003,26435,28287,30263,32375,34511,36775,38971,40079,41019,43391,45059,46503,47487,48631,51331,52143,54395,56175,58639,59923]
resources/preprocessed/Interpolated/2020-07-02_15.13.22_RightArm.csv:[23071,26403,27899,30339,32431,34111,36279,39051,40987,43271,44703,46051,47335,48691,50647,52907,54411,56251,58831,59671,60443]
resources/preprocessed/Interpolated/Lukas_liegestuetzen1_13_10_2020_Chest.csv:[38815,40340,42030,43950,45665,47425,49175,50930,52805,54735,56710,58405,60305,62270,63960,65950,67745,69670,71550,73320,75085,76770,78555,80415,82650]
resources/preprocessed/Interpolated/Jan_liegestuetzen1_13_10_2020_Chest.csv:[85160,90365,94175,98120,101980,105875,109780,113740,117690,120445,121795,124375,125670,129430,133155,137090,140760,143515,144510,148400,150815,152540,155010,156460,159215,160800,163325,165125,167020,168420,170565,172170,174535,176075,177960,180610,182230]
resources/preprocessed/Interpolated/2020-07-02_14.20.28_RightArm.csv:[62335,64471,65511,66451,67835,68723,69731,70883,72343,73251,74459,75979,77359,78807,80371,82111,83275]
resources/preprocessed/Interpolated/2020-07-02_14.20.28_Belly.csv:[62063,62659,63275,64427,65483,66607,67767,68891,69987,71131,72331,73503,74683,75963,77331,78839,80279,82067,83999]
resources/preprocessed/Interpolated/2020-07-02_14.14.32_RightArm.csv:[32163,34563,35811,37143,38415,39667,40991,42383,43735,45115,46443,47871,49207,50643,52083,53507,54999,56455,57855,59967,61575,63183]
resources/preprocessed/Interpolated/2020-07-02_15.13.22_LeftArm.csv:[23031,26335,27915,30223,32443,34835,36339,39115,40095,43403,44579,46019,48591,51231,53623,60579,63595]
resources/preprocessed/Interpolated/2020-07-02_14.14.32_Belly.csv:[32279,33055,33499,34627,35831,37115,38379,39655,41007,42315,43743,45103,46459,47823,49227,50651,52039,53475,54919,56447,58155,59971,61951,64411]
resources/preprocessed/Interpolated/2020-07-02_14.59.59_RightArm.csv:[74619,76219,78615,80751,83099,85627,88143,88683,90547,93139,95279,97971]
resources/preprocessed/Interpolated/Jan_liegestuetzen3_13_10_2020_Chest.csv:[34425,37065,38470,39965,41255,42840,44145,45580,47060,48635,50350,52055,54135,55415]
resources/preprocessed/Interpolated/2020-07-02_14.20.28_LeftArm.csv:[62515,64403,65463,66351,68599,69723,70867,72047,73231,74419,75939,77047,78679,80287,81655,83523]
resources/preprocessed/Interpolated/2020-07-02_13.00.09_Belly.csv:[27367,28443,30375,32259,34123,36015,38075,40011,42079,44075,45267,48735,51159,52283,53743,56039,57983]
resources/preprocessed/Interpolated/2020-07-02_14.14.32_LeftArm.csv:[32003,34571,35835,37095,38399,39707,41055,42295,43699,45123,46443,47879,49195,50583,52071,53415,54927,56371,58163,59583,61475,63807]
resources/preprocessed/Interpolated/2020-07-02_11.17.39_Belly.csv:[58227,59559,61435,63131,64899,66543,68227,69915,71687,73415,75295,77107,78911,80819,82723,84667,86479,87323,88419,91043,93211,95623,96411,98119,99095,100719,102531,104379,108139]
resources/preprocessed/Interpolated/Andre_liegestuetzen3_13_10_2020_Chest.csv:[31443,33208,34818,36468,38068,39718,41293,43053,44643,46393,48113,50328,52263,54608,57033,58983,62328,64428]
resources/preprocessed/Interpolated/2020-07-02_11.17.39_Chest.csv:[58227,59827,61439,63123,64903,66551,68215,69891,71743,73491,75311,77095,78931,80799,82687,84643,86471,88407,91019,93219,95603,96459,98095,100699,101751,103411,104591,108139]
resources/preprocessed/Interpolated/Jan_liegestuetzen1_13_10_2020_Belly.csv:[84905,86220,90365,94025,97985,102055,105935,109825,112455,113670,116140,117725,120170,121830,124135,125725,128085,129425,131820,133235,135585,137065,139365,140780,143010,144490,147175,148405,150705,152515,154885,156420,158625,160750,163195,166900,168480,170370,172095,174035,176010,177710,180580,182190]
resources/preprocessed/Interpolated/2020-07-02_11.17.39_LeftArm.csv:[58595,59419,60455,61427,63171,64871,66483,68211,69871,71715,73347,75283,76811,80779,82679,84663,86227,88303,91003,93203,95271,100375,102083,103423,104511]
resources/preprocessed/Interpolated/2020-07-02_14.59.59_Belly.csv:[74427,76215,77739,79023,80851,83219,85695,87995,89311,90651,92447,93287,95211,96731,98767]
resources/preprocessed/Interpolated/Andre_Squats_13_10_2020_LeftArm.csv:[61851,63741,68226,72896,75186,78331,79991,83301,88296,93221,98531,103421,108331,110191,113201,118001,122761,126876,129271,131571,133981,136376,138676,141151,143606,146141,148446,150856,153211,155636,158141]
resources/preprocessed/Interpolated/2020-07-02_14.07.33_Chest.csv:[7201,8409,9633,10849,12217,13569,14861,16169,17429,18729,20009,21429,22841,24193,25541,26885,28313,29805,31197,32677,34085,35561,37085,38553,40265,41949,43049,44065]
resources/preprocessed/Interpolated/2020-07-02_11.17.39_RightArm.csv:[58235,59495,61415,63203,64843,66447,68151,69919,71679,73399,75351,77159,78639,80831,82751,84647,86443,88311,91003,92803,95575,97743,100403,102371,103403,104551]
resources/preprocessed/Interpolated/Andre_liegestuetzen3_13_10_2020_RightArm.csv:[31348,33218,34788,36378,38013,39553,41268,42928,44648,46443,48113,50318,52273,54678,57098,59078,61808]
resources/preprocessed/Interpolated/2020-07-02_12.50.00_LeftArm.csv:[16035,21159,22799,25139,27007,29063,31431,33043,35111,37375,39667,41879,43987,46179]
resources/preprocessed/Interpolated/2020-07-02_14.20.28_Chest.csv:[62079,63259,64411,65495,66651,67811,68895,70035,71163,72375,73543,74723,75959,77367,78811,80343,82131,83995]
resources/preprocessed/Interpolated/2020-07-02_14.07.33_RightArm.csv:[7165,10849,12253,13513,14841,16141,17453,18685,19973,21405,22829,24213,25565,26865,28333,29845,31249,32673,34161,35605,37061,38597,40205,41305,42925]
resources/preprocessed/Interpolated/Lukas_liegestuetzen1_13_10_2020_RightArm.csv:[38820,40340,42020,43920,45680,47390,49025,50950,52705,54690,56720,58400,60355,62280,64030,65975,67730,69610,71545,73325,75085,76735,78540,80435,82620]
resources/preprocessed/Interpolated/2020-07-02_14.07.33_Belly.csv:[7429,8369,9649,10897,12225,13533,14841,16165,17433,18737,20021,21413,22841,24177,25533,26853,28305,29789,31181,32633,33985,35541,37069,38509,40189,41909,42985,43957]
resources/preprocessed/Interpolated/Andre_liegestuetzen1_13_10_2020_RightArm.csv:[17451,19186,20971,22656,24376,26056,27631,29411,30961,32641,34246,35726,37446,39086,40626,42406,44051,45761,47416,49296,51021,52936,54881,56871,59096,60866]
resources/preprocessed/Interpolated/2020-07-02_12.50.00_RightArm.csv:[16151,21211,23015,25147,27415,29455,31419,33079,35143,37743,39547,42295,44415,46451]
resources/preprocessed/Interpolated/Andre_Squats2_13_10_2020_Belly.csv:[48260,50060,52335,54555,56820,59205,61590,63965,67615,70290,72200,74965,78355,81815,84120,88500,91145,93025,95625,96830,102765,104695,106995,109595,114850,116685,118780,122450,123925,125115,127015,128475,131550,135985,137570,140620,142320,145520,151040,154960,156525,157665,159580,160455,164465,166260,167455,169320,174665,179545,184470,189415,194325,199405,201900,203885,205400,206455,208955,210205,211415,213495]
resources/preprocessed/Interpolated/2020-07-02_12.50.00_Chest.csv:[16019,18199,19327,21179,23023,25347,27367,29403,31431,33499,35315,37759,39595,42311,44403,46415,48851,51659,53099,54531,55791,57091,58243,59667,61083,62683]
resources/preprocessed/Interpolated/2020-07-02_13.00.09_Chest.csv:[27363,28435,30367,32271,34131,36003,38051,39991,42047,44123,45367,46527,48751,49911,51147,52271,53927,56775,57923]
resources/preprocessed/Interpolated/2020-07-02_13.00.09_RightArm.csv:[27487,28347,30343,32191,33315,36079,37939,38979,39959,42035,48475,49927]
resources/preprocessed/Interpolated/2020-07-02_15.13.22_Chest.csv:[23203,26463,28355,30235,32435,34587,36359,39007,41051,43351,44783,46063,47343,48687,49383,51419,52087,52935,54395,56187,57735,59715,61459,63639]
resources/preprocessed/Interpolated/Andre_liegestuetzen1_13_10_2020_Belly.csv:[17351,19211,21101,22706,24461,26076,27761,29436,31021,32626,34141,35906,37486,39096,40636,42346,44061,45736,47406,49261,50981,52911,54841,56986,59141,60761,63751,66491]
resources/preprocessed/Interpolated/2020-07-02_15.31.36_Belly.csv:[72387,90111,92287,94599,96899,99191,101111,102887,104051,105995,107963,108763,110711,113499]
resources/preprocessed/Interpolated/Jan_liegestuetzen2_13_10_2020_LeftArm.csv:[16996,19966,21491,22776,24106,25421,26721,28116,29531,31016,32461,33796,35321,36796,38621,40166,42061,43241,45141,47561]
resources/preprocessed/Interpolated/2020-07-02_15.31.36_Chest.csv:[72747,89731,92279,94583,96859,99231,101071,103619,106015,108047,108779,109367,111519,113451]
resources/preprocessed/Interpolated/Andre_Squats_13_10_2020_RightArm.csv:[61841,63701,68031,73001,75296,78281,83321,88371,93251,98506,103536,108371,113181,117951,122651,126846,129276,131651,133961,136391,138751,141166,143646,145996,146671,148461,150851,153191,155641,158081]
resources/preprocessed/Interpolated/2020-07-02_14.14.32_Chest.csv:[32039,33499,34615,35839,37123,38427,39699,41019,42339,43755,45115,46463,47887,49247,50683,52123,53483,54991,56479,58179,60003,61983,64499]
resources/preprocessed/Interpolated/2020-07-02_15.31.36_LeftArm.csv:[72407,89707,91835,94171,96347,97179,98787,100963,103623,105983,108039,110771,113875]
resources/preprocessed/Interpolated/2020-07-02_15.31.36_RightArm.csv:[72383,91879,94079,96851,98807,101079,103355,105887,106819,108783,110615,111483,113395,113975]
resources/preprocessed/Interpolated/Andre_Squats2_13_10_2020_Chest.csv:[48375,50065,52285,54535,56815,59185,61585,63915,67600,70350,73645,78320,81825,84100,88535,91005,93005,95635,97080,102760,104690,106895,109595,111780,114940,116675,118890,122460,123940,125050,127035,128450,131565,136080,137575,140625,142335,145485,147090,150550,154965,156505,157640,159585,161135,164475,166270,167490,169395,174660,179540,184485,189445,191265,194505,199400,201915,203885,205425,206435,208940,210185,211420,213570]
resources/preprocessed/Interpolated/2020-07-02_14.07.33_LeftArm.csv:[7173,9613,10957,12157,13561,14809,16165,17409,18753,20001,21397,22829,24157,25509,26861,28289,29761,31165,32609,34029,35493,37057,38485,40065,41869,42885]
resources/preprocessed/Interpolated/Andre_Squats2_13_10_2020_RightArm.csv:[48380,50100,52360,54545,56820,59155,61700,63950,67445,70290,73830,78240,81790,82805,84245,88380,91065,95650,96825,97925,102815,103805,106050,109165,113775,116500,118835,120395,122060,125010,126970,131495,135990,140585,142375,145510,150985,152050,155025,156580,157605,159570,164460,169400,174610,179500,184430,189650,194280,199490,201020,203940,205455,206495,209000,210210,211430,213610]
resources/preprocessed/Interpolated/Andre_liegestuetzen1_13_10_2020_LeftArm.csv:[17416,19151,21091,22746,24496,26166,27756,29296,31001,32601,34181,35781,37561,39096,40771,42326,44066,45851,47546,49256,50976,52956,54931,56906,59211,60946]
resources/preprocessed/Interpolated/2020-07-02_13.00.09_LeftArm.csv:[27403,28183,30291,31891,33743,35987,38339,39651,42039,48471,49239,50799,53499]
resources/preprocessed/Interpolated/Andre_liegestuetzen3_13_10_2020_LeftArm.csv:[31383,33248,34853,36518,38098,39643,41233,43048,44558,46433,48198,50398,52328,54768,57078,59103]
resources/preprocessed/Interpolated/Lukas_liegestuetzen1_13_10_2020_LeftArm.csv:[38660,40200,42070,43950,45690,47415,49095,50925,52795,54705,56560,58355,60335,62170,63875,65920,67770,69665,71565,73325,75085,76775,78555,80365,82360]
resources/preprocessed/Interpolated/Andre_Squats2_13_10_2020_LeftArm.csv:[48460,50045,52310,54520,56840,59170,61580,63925,66525,70660,72245,73555,78250,81730,82865,84130,88390,89895,95560,96775,102715,103845,106365,109575,114110,116950,120305,121970,126930,131470,136040,137640,140570,142355,145475,147190,150940,154885,157720,159545,160430,162040,164435,166420,169345,174715,179470,184455,187290,189355,191265,194615,199335,201980,203895,205155,208960,210495,213560]
resources/preprocessed/Interpolated/Andre_Squats_13_10_2020_Belly.csv:[61956,63806,67926,72856,75016,78301,83281,88351,93411,96521,98521,103441,106486,108341,113361,118041,122661,126766,129166,131561,133881,136316,138696,141171,143651,146071,148451,150796,153231,155656,158076]
resources/preprocessed/Interpolated/Andre_liegestuetzen2_13_10_2020_Chest.csv:[40301,42046,43586,45286,46876,48586,50381,52101,53666,55596,57351,59206,61016,62991,65021,67096,69266,71651,74251,76101]
resources/preprocessed/Interpolated/Andre_liegestuetzen2_13_10_2020_LeftArm.csv:[40121,42006,43536,45296,46926,48591,50381,52071,53671,55561,57486,59216,60996,63021,64996,67121,69381,71641,74341,76086]
resources/preprocessed/Interpolated/Lukas_liegestuetzen3_13_10_2020_LeftArm.csv:[11766,13146,15031,16176,17541,18791,20271,21606,23156,24741,26431,27931]
resources/preprocessed/Interpolated/Andre_liegestuetzen1_13_10_2020_Chest.csv:[17431,19306,21031,22696,24446,26136,27811,29411,31001,32611,34206,35906,37561,39091,40631,42411,44041,45756,47446,49241,51006,52916,54831,56986,59201,61981,64846,66511]
resources/preprocessed/Interpolated/Andre_liegestuetzen2_13_10_2020_RightArm.csv:[40281,41971,43586,45181,46886,48666,50386,52026,53731,55581,57226,59071,61081,63051,64921,67106,69261,70986,73721]
resources/preprocessed/Interpolated/2020-07-02_12.50.00_Belly.csv:[16051,18223,19351,21175,22951,25339,27363,29451,31495,33491,35335,37751,39747,42307,44415,46471,48807,51671,53103,54547,57099,58167,59667,61087]
resources/preprocessed/Interpolated/Andre_liegestuetzen3_13_10_2020_Belly.csv:[31333,33143,34738,36503,38088,39753,41303,42978,44668,46463,48138,50348,52283,54618,57043,59428,61528,64183]
resources/preprocessed/Interpolated/Andre_Squats_13_10_2020_Chest.csv:[61926,63806,67926,72876,75001,78286,79776,80801,83306,88366,89966,93396,96146,98526,101136,103606,108366,110066,113376,118116,122696,124356,126786,129196,131576,133921,136321,138691,139396,141171,143646,146031,148466,150811,153221,155641,156316,158076]
resources/preprocessed/Interpolated/Jan_liegestuetzen1_13_10_2020_LeftArm.csv:[85340,94160,98060,101380,105830,109750,113710,117705,121780,125830,129705,133095,137030,140730,143500,148355,150800,155295,159265,163700,167015,170625,174735,177590,182295]
