resources/preprocessed/Interpolated/Lukas_liegestuetzen3_13_10_2020_RightArm.csv:[11011,12381,13451,15076,16141,17546,18791,20276,21631,23121,24621,26366,27971]
resources/preprocessed/Interpolated/Lukas_liegestuetzen3_13_10_2020_Chest.csv:[11151,12301,13481,15016,16196,17451,18801,20196,21576,23126,24621,26341,27916]
resources/preprocessed/Interpolated/Lukas_liegestuetzen3_13_10_2020_Belly.csv:[11176,12416,13476,14981,16196,17441,18821,20191,21566,22986,24646,26251,27856]
resources/preprocessed/Interpolated/Lukas_liegestuetzen2_13_10_2020_RightArm.csv:[36430,37825,38790,40225,41760,43275,44340,45970,47760,49360,51145,52805,54425,55985,57540,59375,61200,63810,66900,69940,71220,73920]
resources/preprocessed/Interpolated/Lukas_liegestuetzen2_13_10_2020_LeftArm.csv:[36450,37880,39460,41030,42630,44435,46075,47725,49405,51130,52840,54440,55975,57565,59390,61150,62560,63715,65445,66885,68380,69920,71175,72585,73985]
resources/preprocessed/Interpolated/Lukas_liegestuetzen2_13_10_2020_Chest.csv:[36450,37875,38755,40285,41805,43270,44340,46100,47755,49380,51135,52820,54435,55970,57560,59215,61180,63680,65515,66910,68390,69910,71245,72535,73970]
resources/preprocessed/Interpolated/Lukas_liegestuetzen2_13_10_2020_Belly.csv:[36525,37885,39520,41060,42600,44345,46115,47785,49465,51165,52840,54450,55975,57615,59370,61150,63695,66360,67530,69955,71190,72445,73955]
resources/preprocessed/Interpolated/Lukas_liegestuetzen1_13_10_2020_Belly.csv:[38000,39590,41185,42115,43040,43960,45705,47455,49190,50940,51865,52815,54720,56625,58400,60385,62290,63965,65985,67750,69685,71610,73355,75065,76825,78565,80460,82625]
resources/preprocessed/Interpolated/Jan_liegestuetzen3_13_10_2020_RightArm.csv:[34015,35725,36925,38500,39935,41345,42775,44135,45550,46980,48600,50215,52020,54060,56290]
resources/preprocessed/Interpolated/Jan_liegestuetzen3_13_10_2020_LeftArm.csv:[34250,36185,37635,39240,40585,42030,43440,44885,46275,47685,48650,50330,52030,54160,56405]
resources/preprocessed/Interpolated/Jan_liegestuetzen3_13_10_2020_Belly.csv:[34045,35445,37085,38630,39865,41340,42795,44175,45505,47090,48515,50335,52045,54200,56275]
resources/preprocessed/Interpolated/Jan_liegestuetzen2_13_10_2020_RightArm.csv:[17641,18606,20031,21476,22641,24151,25496,26756,28156,29526,30996,32376,33736,35336,36811,38591,40121,41951,43881,46266,47541,48876,50406]
resources/preprocessed/Interpolated/Jan_liegestuetzen2_13_10_2020_Chest.csv:[17541,18676,20076,21491,22801,24126,25456,26766,28151,29546,30986,32376,33756,35256,36826,38596,40141,41956,43886,46216,48836,50006]
resources/preprocessed/Interpolated/Jan_liegestuetzen2_13_10_2020_Belly.csv:[17266,18656,20051,21436,22796,24141,25436,26731,28186,29561,30946,32391,33796,35321,36826,38546,40151,42001,43831,46106,47571,48606,49986,50941]
resources/preprocessed/Interpolated/2020-07-02_14.59.59_LeftArm.csv:[73999,74999,76279,77771,79027,79835,81419,83823,86307,88655,89503,91079,91991,93887,95699,96743,97543,98611,99787]
resources/preprocessed/Interpolated/Andre_liegestuetzen2_13_10_2020_Belly.csv:[40191,41136,42081,43611,45201,46911,48616,50286,52136,53756,55606,57391,59241,61086,63051,64876,67056,69281,71671,72591,74321,75391,77356,78696]
resources/preprocessed/Interpolated/Jan_liegestuetzen1_13_10_2020_RightArm.csv:[85150,87075,88260,90835,91945,94120,95875,98200,99910,102240,103695,105865,107665,109820,111395,113710,115435,117655,119375,121945,123420,125820,127290,129525,131080,133360,134785,137050,138595,140845,142270,143995,146160,148505,149940,151020,152665,154010,155090,156555,158075,160290,162330,163290,165180,166210,167970,169690,171805,173270,174320,175495,176815,178010,180655,182315,183825]
resources/preprocessed/Interpolated/2020-07-02_14.59.59_Chest.csv:[74395,75651,77199,79027,81399,83851,86135,88655,91079,92071,93819,94751,96747,98791]
resources/preprocessed/Interpolated/2020-07-02_15.13.22_Belly.csv:[23751,24707,25767,27195,28287,29111,30263,31123,32375,33167,34511,35295,36775,38971,41019,42239,43847,45555,46503,47983,49283,52143,55159,56359,57791,58639,60171,61483,62539,65571]
resources/preprocessed/Interpolated/2020-07-02_15.13.22_RightArm.csv:[24067,25615,26403,27199,29055,30339,31127,32431,33151,34599,36827,37651,39051,39867,41331,42267,43795,46571,49391,52055,53219,54411,55275,56355,57707,58831,59919,61195,62219,63855,65295]
resources/preprocessed/Interpolated/Lukas_liegestuetzen1_13_10_2020_Chest.csv:[38135,39650,41355,43100,44750,45665,46545,47425,49175,50930,52805,54735,55635,56710,58405,60305,61205,62270,63960,65950,67745,69670,70620,71550,73320,75085,76770,78555,80415,82650]
resources/preprocessed/Interpolated/Jan_liegestuetzen1_13_10_2020_Chest.csv:[85650,88225,90365,91940,94175,95795,98120,99770,101980,103745,105875,107515,109780,111415,113740,115365,117690,119350,121795,123345,125670,127280,129430,130920,133155,134645,137090,138480,140760,142215,143855,146015,148400,149885,150815,152540,153900,155690,157815,159215,160800,162220,163325,165125,166165,167925,169615,171525,173065,174535,175445,176900,178810,179970,181410]
resources/preprocessed/Interpolated/2020-07-02_14.20.28_RightArm.csv:[62455,63243,64471,65511,66451,67835,68723,69731,70883,71667,72847,74019,75043,75979,77359,78807,80371,82111,84007]
resources/preprocessed/Interpolated/2020-07-02_14.20.28_Belly.csv:[62343,63275,64427,65483,66607,67767,68891,69987,71131,72331,73503,74683,75963,77331,78839,80279,82067,83999]
resources/preprocessed/Interpolated/2020-07-02_14.14.32_RightArm.csv:[32163,33451,34563,35811,37143,38415,39667,40991,42383,43735,45115,46443,47871,49207,50643,52083,53507,54999,56455,57855,58731,59967,62027,63183,64547]
resources/preprocessed/Interpolated/2020-07-02_15.13.22_LeftArm.csv:[23559,24699,25511,26335,27235,28363,29191,30223,31223,32443,33227,34835,36339,37567,39115,41383,42179,43815,44971,46571,47495,49363,51231,52027,53111,54299,55319,57723,58779,60083,61251,62707,63595,65183]
resources/preprocessed/Interpolated/2020-07-02_14.14.32_Belly.csv:[32563,33499,34627,35831,37115,38379,39655,41007,42315,43743,45103,46459,47823,49227,50651,52039,53475,54919,56447,58155,59971,61951,64411]
resources/preprocessed/Interpolated/2020-07-02_14.59.59_RightArm.csv:[74135,75527,76755,77799,78943,79951,81411,82303,83879,86155,88683,89535,91279,92011,93139,94767,96311,97459,98747,99835]
resources/preprocessed/Interpolated/Jan_liegestuetzen3_13_10_2020_Chest.csv:[34010,35550,37065,38470,39965,41255,42840,44145,45580,47060,48635,50350,52055,54135,55415,56760]
resources/preprocessed/Interpolated/2020-07-02_14.20.28_LeftArm.csv:[62751,63731,64903,65967,67491,68599,69387,70319,71459,72883,74007,74923,75939,77047,77883,78679,79383,80287,81655,82711,83523]
resources/preprocessed/Interpolated/2020-07-02_13.00.09_Belly.csv:[27799,29415,30375,31439,32259,34123,35267,36015,37179,38075,39075,40011,41023,42079,43015,44075,44907,46487,47447,48735,49471,51159,52663,53743,55019,56791,57983,59903,61067,61963]
resources/preprocessed/Interpolated/2020-07-02_14.14.32_LeftArm.csv:[32003,33455,34571,35835,37095,38399,39707,41055,42295,43699,45123,46443,47879,49195,50583,52071,53415,54927,56371,57087,58163,59583,60507,62127,64503]
resources/preprocessed/Interpolated/2020-07-02_11.17.39_Belly.csv:[58227,59559,60731,61435,62327,63131,64171,64899,65759,66543,67435,68227,69115,69915,70879,71687,72855,74587,75295,76219,77107,78059,78911,79807,80819,81871,82723,83715,84667,85631,86479,87755,89151,90039,91043,93211,94283,95623,96751,98119,98851,100719,101903,103415,104879,106371,107139,108139]
resources/preprocessed/Interpolated/Andre_liegestuetzen3_13_10_2020_Chest.csv:[31443,32333,33898,34818,36468,38068,39718,41293,43053,44643,46393,48113,50328,52263,53263,54608,55598,57033,57923,59803,60708,62328,63368,64428,65478]
resources/preprocessed/Interpolated/2020-07-02_11.17.39_Chest.csv:[58227,58963,59827,60763,62351,63123,64135,64903,65711,66551,67467,68215,69131,69891,70867,71743,72871,74499,75311,76279,77095,78095,78931,80043,80799,81859,82687,83903,84643,85707,86471,87763,89175,89903,91019,92139,93219,94307,95603,96811,98095,99479,100699,102275,103411,105499,106419,107767]
resources/preprocessed/Interpolated/Jan_liegestuetzen1_13_10_2020_Belly.csv:[84905,86220,88330,90365,91985,94025,95810,97985,99860,102055,103855,105935,107590,109825,111425,113670,115425,117725,119505,121830,123375,125725,127310,129425,131045,133235,134890,137065,138580,140780,142330,144490,146020,148405,149825,150705,151645,153980,154885,156420,157910,160750,162320,163820,165165,166215,167855,169635,172095,173165,175415,176780,177710,178995,179945,181465,183640]
resources/preprocessed/Interpolated/2020-07-02_11.17.39_LeftArm.csv:[58303,59419,61427,62343,63171,64099,64871,65763,66483,67491,68211,69291,71015,72839,74331,75283,76243,78059,80203,81907,82679,83811,84663,85583,87259,88303,89187,90131,91003,92075,93203,94295,95271,96787,98035,99367,100375,101647,103423,104923,106047,107235]
resources/preprocessed/Interpolated/2020-07-02_14.59.59_Belly.csv:[74427,75695,77239,79023,81347,83811,86159,87995,89127,91115,92075,93779,96315,97415,98767,99815]
resources/preprocessed/Interpolated/Andre_Squats_13_10_2020_LeftArm.csv:[61151,63051,66446,68226,71651,72896,74066,75186,76941,78331,79251,82101,83301,84311,86991,88296,89416,92141,93221,94891,97401,98531,100066,102231,103421,104366,107151,108331,110191,112211,113201,114456,116861,118001,119196,121481,122761,123806,126161,128541,130831,132496,133981,135581,137931,140441,142116,143606,145386,147756,149996,152391,154171,155636,157356,158991]
resources/preprocessed/Interpolated/2020-07-02_14.07.33_Chest.csv:[7709,8961,10209,11501,12217,13569,14861,16169,17429,18729,20009,21429,22841,24193,25541,26885,28313,29805,31197,32677,34085,35561,37085,38553,40265,41949,44065]
resources/preprocessed/Interpolated/2020-07-02_11.17.39_RightArm.csv:[58235,59495,60815,62363,63203,64287,65667,66447,67359,68151,69143,69919,71011,72883,74479,75351,76203,77159,78091,79187,79987,80831,81759,82751,83643,84647,85707,86443,87859,89971,91003,91871,93367,94131,95575,96799,98287,99163,100403,101627,103403,104159,107271]
resources/preprocessed/Interpolated/Andre_liegestuetzen3_13_10_2020_RightArm.csv:[31348,32343,33863,34788,36378,38013,39553,41268,42928,44648,46443,48113,48998,50318,52273,53268,54678,55643,57098,59808,60713,62588,63468,64973]
resources/preprocessed/Interpolated/2020-07-02_12.50.00_LeftArm.csv:[16911,18715,20391,21159,22283,24491,26555,28523,30479,31431,32367,33759,35111,36871,38839,39667,41147,41879,43271,43987,45591,47815,48727,50483,51259,53563,54959,57031,58471,59899,60631,61347,62927]
resources/preprocessed/Interpolated/2020-07-02_14.20.28_Chest.csv:[62347,63259,64411,65495,66651,67811,68895,70035,71163,72375,73543,74723,75959,77367,78811,80343,82131,83995]
resources/preprocessed/Interpolated/2020-07-02_14.07.33_RightArm.csv:[7165,8397,9561,10849,12253,13513,14841,16141,17453,18685,19973,21405,22829,24213,25565,26865,28333,29845,31249,32673,34161,35605,37061,38597,40205,41925,42925,43745]
resources/preprocessed/Interpolated/Lukas_liegestuetzen1_13_10_2020_RightArm.csv:[38140,39635,41250,43200,44760,45680,46610,48160,50020,50950,52705,53770,54690,55640,56720,58400,59385,60355,61245,62280,64030,65975,67730,69610,70620,71545,73325,75085,76735,78540,79455,80435,82620,83655]
resources/preprocessed/Interpolated/2020-07-02_14.07.33_Belly.csv:[7693,8977,10229,11529,12733,13533,14841,16165,17433,18737,20021,21413,22841,24177,25533,26853,28305,29789,31181,32633,33985,35541,37069,38509,40189,41909,43957]
resources/preprocessed/Interpolated/Andre_liegestuetzen1_13_10_2020_RightArm.csv:[17451,19186,20121,22021,23556,25291,26781,28566,30251,31766,33276,34246,35726,37446,39086,40626,42406,44051,45761,47416,49296,51021,52936,54881,56871,57811,59096,60061,62261,64736,65721,66631]
resources/preprocessed/Interpolated/2020-07-02_12.50.00_RightArm.csv:[16419,17315,18695,20559,22359,24599,26399,27415,28655,29455,30523,31419,32383,34559,36699,37743,38899,40415,41283,42295,43343,45519,47031,48115,49459,50579,51959,53111,54147,55579,57051,58731,59807,60639,62947]
resources/preprocessed/Interpolated/Andre_Squats2_13_10_2020_Belly.csv:[47555,49320,51575,53790,56185,58460,60885,63260,65555,67615,69060,70290,72945,74965,76375,78355,79900,81815,83315,84735,85680,86850,88500,91770,93025,94025,95625,96515,98780,100120,101095,102765,104120,105750,109595,110965,112890,114850,116685,118215,119840,122450,125510,127015,130115,131550,134950,135985,137570,139435,140620,142320,144370,145520,146450,149285,151040,153680,154960,156525,158440,159580,160780,163250,164465,165605,168190,169320,170365,171540,173350,174665,176375,178250,179545,181285,183030,184470,185430,186310,188365,189415,190510,193070,194325,195330,198010,199405,200875,202690,203885,205400,207400,208955,210205,212300,213495]
resources/preprocessed/Interpolated/2020-07-02_12.50.00_Chest.csv:[16335,17379,18695,20527,22299,23023,24547,25347,26479,27367,28587,29403,30455,31431,32423,33499,34495,35315,36691,37759,38887,39595,41215,42311,43275,44403,45519,46415,47879,48851,50543,51659,52699,53587,54531,55515,57091,57835,58575,59667,60631,62683]
resources/preprocessed/Interpolated/2020-07-02_13.00.09_Chest.csv:[27779,29431,30367,31379,32271,32987,34131,35103,36003,37147,38051,39115,39991,41319,42047,42995,44123,44891,46527,47791,48751,49459,51147,52595,53927,54951,56775,57527,59663,60479,62067]
resources/preprocessed/Interpolated/2020-07-02_13.00.09_RightArm.csv:[27851,29599,30343,31587,32683,34119,35379,37003,37939,38803,39959,41251,42035,43031,44235,46615,47471,48475,50051,50815,51963,52911,54891,56987,58023,59403,60431,61911]
resources/preprocessed/Interpolated/2020-07-02_15.13.22_Chest.csv:[23203,24047,25631,26463,27223,28355,30235,31235,32435,33259,34587,35315,36759,39007,41051,42347,43831,46459,49383,52087,54767,55903,57735,58623,60131,61459,62507,63879,65283,65995]
resources/preprocessed/Interpolated/Andre_liegestuetzen1_13_10_2020_Belly.csv:[17351,18331,19211,21101,22706,24461,26076,27761,29436,31021,32626,34141,35906,37486,39096,40636,42346,44061,45736,47406,49261,50981,52911,54841,56986,59141,60036,62021,63076,64836,65766]
resources/preprocessed/Interpolated/2020-07-02_15.31.36_Belly.csv:[72387,73355,74163,75295,76143,77035,77963,78979,79975,81299,82347,83211,85435,86911,87915,88731,90111,90987,92287,93171,94599,95331,96899,99191,100115,101575,102387,104051,104787,106735,109343,112079,112791,113975]
resources/preprocessed/Interpolated/Jan_liegestuetzen2_13_10_2020_LeftArm.csv:[18851,19966,21491,22776,24106,25421,26721,28116,29531,31016,32461,33796,35321,36796,38621,40166,42061,43951,46241,48736,50346]
resources/preprocessed/Interpolated/2020-07-02_15.31.36_Chest.csv:[72271,74327,75375,76835,78655,79851,81311,82735,85379,86815,87939,88811,90239,91067,92279,93159,94583,95439,96859,97663,99231,100107,101539,102503,104047,104963,106015,107451,109367,112119,112947,113975]
resources/preprocessed/Interpolated/Andre_Squats_13_10_2020_RightArm.csv:[61386,63081,66346,68031,71631,73001,75296,76931,78281,79976,82151,83321,84266,87061,88371,89381,92051,93251,94611,97321,98506,102216,103536,104421,107181,108371,110231,112111,113181,114446,116831,117951,119256,121521,122651,123851,126131,128491,130786,132561,133961,135581,137971,140426,142941,145306,147741,149966,150851,152476,154931,157256]
resources/preprocessed/Interpolated/2020-07-02_14.14.32_Chest.csv:[32567,33499,34615,35839,37123,38427,39699,41019,42339,43755,45115,46463,47887,49247,50683,52123,53483,54991,56479,58179,60003,61983,64499]
resources/preprocessed/Interpolated/2020-07-02_15.31.36_LeftArm.csv:[72587,74227,75511,76627,77543,78959,80079,81439,82679,85103,86839,87919,88783,90295,91087,92283,93183,94655,96347,97559,99227,101599,102495,104119,105111,105983,107447,109347,112099,112899,113875]
resources/preprocessed/Interpolated/2020-07-02_15.31.36_RightArm.csv:[72899,74443,76627,77491,79183,80063,81331,82131,83231,85391,86839,88095,90319,91879,92863,94595,95399,96851,97627,98807,100235,101543,102543,103855,105131,105887,107483,108783,110979,112127,112895,113779]
resources/preprocessed/Interpolated/Andre_Squats2_13_10_2020_Chest.csv:[47550,49325,51660,53840,56115,58510,60895,63285,65555,67600,69015,70350,72960,75025,76480,78320,79895,81825,83350,84715,85615,86905,88535,91570,93005,93975,95635,96515,98760,100345,102760,104050,105780,109595,110935,112785,114940,116675,118160,119890,122460,123940,125515,127035,130190,131565,134905,136080,137575,139480,140625,142335,144265,145485,146445,149350,151035,153645,154965,156505,158445,159585,160785,163220,164475,165600,168185,169395,170380,171530,173335,174660,175590,178395,179540,181260,183035,184485,185435,186315,188350,189445,190525,193135,194505,196055,198025,199400,200870,202695,203885,205425,207395,208940,210185,212075,213570]
resources/preprocessed/Interpolated/2020-07-02_14.07.33_LeftArm.csv:[7173,8429,9613,10329,11469,12657,13561,14809,16165,17409,18753,20001,21397,22829,24157,25509,26861,28289,29761,31165,32609,34029,35493,37057,38485,40065,40797,41869,43617]
resources/preprocessed/Interpolated/Andre_Squats2_13_10_2020_RightArm.csv:[47500,48380,50100,51655,53785,56125,58510,60890,63170,65525,67445,69145,70290,72945,74875,76525,78240,79820,81790,83430,85225,86935,88380,90725,92755,94005,95650,97540,98535,100420,102815,104765,106575,109165,110115,112675,113775,114675,117025,118180,119835,122060,125615,126970,130290,131495,133445,134855,135990,137605,139335,140585,141530,144200,145510,146425,149025,150985,153710,155025,156580,158470,159570,162040,163205,164460,165625,168210,169400,170995,173315,174610,176160,177240,179500,181320,183010,184430,185780,188085,189650,190665,193180,194280,196130,198005,199490,201020,202480,203940,205455,207380,209000,210210,212055,213995]
resources/preprocessed/Interpolated/Andre_liegestuetzen1_13_10_2020_LeftArm.csv:[17416,19151,21091,21991,23526,24496,26166,27756,29296,31001,32601,34181,35781,37561,39096,40771,42326,44066,45851,47546,49256,50976,52956,54931,56906,59211,60091,62086,63101,64826,66571]
resources/preprocessed/Interpolated/2020-07-02_13.00.09_LeftArm.csv:[27763,29639,31503,32555,33743,35055,35987,37215,38339,40371,42039,43031,44071,44875,46491,47523,48471,50123,51439,52515,53499,54971,57043,59279,60431,61867]
resources/preprocessed/Interpolated/Andre_liegestuetzen3_13_10_2020_LeftArm.csv:[31383,32313,33248,34853,36518,38098,39643,41233,43048,44558,46433,48198,50398,52328,53363,54768,57078,59978,62578,63548,65198]
resources/preprocessed/Interpolated/Lukas_liegestuetzen1_13_10_2020_LeftArm.csv:[38015,39680,41170,42070,43010,43950,45690,47415,49095,49990,50925,52795,54705,55590,56560,58355,60335,62170,63875,65920,67770,68830,70645,71565,73325,75085,76775,78555,80365,82360,83420]
resources/preprocessed/Interpolated/Andre_Squats2_13_10_2020_LeftArm.csv:[47730,49340,51630,53895,56030,58545,60940,63300,65600,67570,69190,70660,72910,74875,76495,78250,79820,81730,83385,85795,86890,88390,90725,93020,93915,95560,98220,100405,102715,104135,105740,107030,109575,111825,112750,116950,118170,119670,120620,121970,125585,126930,128105,130310,131470,133425,134855,136040,137640,139425,140570,142355,144155,145475,146430,149310,150940,153655,154885,156585,158370,159545,160765,162040,163180,164435,165725,168215,169345,170365,171635,173275,174715,177315,179470,180775,183135,184455,185800,187985,189355,190580,193085,194615,195615,197955,199335,200890,202780,203895,207420,208960,209840,212105,213560]
resources/preprocessed/Interpolated/Andre_Squats_13_10_2020_Belly.csv:[61151,63061,66436,67926,71581,72856,74036,75016,76971,78301,79921,82051,83281,84861,87011,88351,89891,92141,93411,94961,97301,98521,99971,102271,103441,105001,107101,108341,109276,112041,113361,114831,116841,118041,119721,121631,122661,123786,126111,128481,130876,133266,135616,138066,140496,143016,145391,147781,150141,152581,155001,157401]
resources/preprocessed/Interpolated/Andre_liegestuetzen2_13_10_2020_Chest.csv:[40301,42046,43586,44486,46001,47791,49401,50381,52101,53666,54556,55596,57351,59206,61016,62991,65021,67096,69266,71651,72591,74251,75396,77251,78841]
resources/preprocessed/Interpolated/Andre_liegestuetzen2_13_10_2020_LeftArm.csv:[40121,41291,42791,44486,46001,46926,47841,49391,50381,52071,53671,55561,57486,59216,60996,63021,64996,67121,69381,71641,72761,74341,75486,77671,78836]
resources/preprocessed/Interpolated/Lukas_liegestuetzen3_13_10_2020_LeftArm.csv:[11126,12491,14086,15031,16176,17541,18791,20271,21606,23156,24741,26431,27931]
resources/preprocessed/Interpolated/Andre_liegestuetzen1_13_10_2020_Chest.csv:[17431,19306,21031,22696,24446,26136,27811,29411,31001,32611,34206,35906,37561,39091,40631,42411,44041,45756,47446,49241,51006,52916,54831,56986,59201,61981,63091,64846,66511]
resources/preprocessed/Interpolated/Andre_liegestuetzen2_13_10_2020_RightArm.csv:[40281,41301,42901,44376,45971,46886,47801,49461,50386,52026,53731,55581,57226,58231,60006,61081,63051,64921,67106,69261,70266,71776,74466,76141,77556,78811]
resources/preprocessed/Interpolated/2020-07-02_12.50.00_Belly.csv:[16051,17295,18691,20527,22375,24503,25339,26479,27363,28571,29451,30491,31495,32383,33491,34519,35335,36799,37751,38903,39747,41259,42307,43471,44415,45559,46471,47879,49151,50547,51671,53503,54547,55427,57099,58667,59667,60559,62715]
resources/preprocessed/Interpolated/Andre_liegestuetzen3_13_10_2020_Belly.csv:[31333,32368,33928,35548,36503,38088,39753,41303,42978,44668,46463,48138,50348,52283,53288,54618,55518,57043,59428,60698,62358,63498,64918]
resources/preprocessed/Interpolated/Andre_Squats_13_10_2020_Chest.csv:[61131,63116,66641,67926,69031,71581,72876,74036,75001,76966,78286,79171,82106,83306,84271,86966,88366,89966,92176,93396,94926,97386,98526,99986,102356,103606,105026,107236,108366,109291,112126,113376,114906,116836,118116,119061,121556,122696,123641,126146,128476,130856,133291,135601,138056,140446,143006,145326,147756,150126,152511,154961,157371]
resources/preprocessed/Interpolated/Jan_liegestuetzen1_13_10_2020_LeftArm.csv:[85640,88160,89760,90710,92000,94160,95780,98060,99755,102175,103640,105830,107680,109750,111435,113710,115275,117705,119380,121780,123375,125830,127250,129705,130865,133095,134690,137030,138570,140730,142260,143870,146055,148355,149855,150800,152510,153960,156505,157785,159265,160740,162260,165065,166165,167685,169625,170625,171535,173005,174735,176010,176940,178810,180530,181605,183405]
