resources/preprocessed/Interpolated/Lukas_liegestuetzen3_13_10_2020_RightArm.csv:[10996,11786,12891,14186,15731,16901,18141,19446,20896,21791,22871,23711,25351,26476,28756]
resources/preprocessed/Interpolated/Lukas_liegestuetzen3_13_10_2020_Chest.csv:[11026,11746,12396,13196,14016,14716,15621,18006,18871,20281,21676,23006,24391,25101,26256,28646]
resources/preprocessed/Interpolated/Lukas_liegestuetzen3_13_10_2020_Belly.csv:[11056,12606,13521,15446,16926,17946,19081,20311,21386,22246,23321,24351,25661,26591,27846,28796]
resources/preprocessed/Interpolated/Lukas_liegestuetzen2_13_10_2020_RightArm.csv:[36540,37185,38680,40245,41780,43270,45070,46775,48530,50165,51810,53545,55125,56630,57840,58885,60025,61355,63830,64480,66405,67620,69885,70595,71375,72505,73910]
resources/preprocessed/Interpolated/Lukas_liegestuetzen2_13_10_2020_LeftArm.csv:[36075,37170,38645,40125,40770,41720,43210,43925,45095,46695,47360,48515,50180,51810,53555,55100,56630,57290,58360,59015,60015,60680,61885,62595,63845,65080,66445,67605,68295,69880,70580,71310,71980,73510]
resources/preprocessed/Interpolated/Lukas_liegestuetzen2_13_10_2020_Chest.csv:[36000,37105,37750,38470,39195,40025,40775,41725,42780,43440,44290,45045,46230,47150,48215,49465,50700,51695,52880,53920,55020,55830,56535,57730,59325,61000,61765,64715,66025,66730,67455,69380,70035,71220,71995,72770,73995]
resources/preprocessed/Interpolated/Lukas_liegestuetzen2_13_10_2020_Belly.csv:[36000,36820,37455,38660,40240,41270,42580,43335,44900,45575,46920,48290,49235,49990,51405,52400,53495,55060,55755,57255,58300,58995,59905,60990,62345,63485,64365,65520,66820,67730,69040,69825,70495,72050,72895,73655]
resources/preprocessed/Interpolated/Lukas_liegestuetzen1_13_10_2020_Belly.csv:[38240,39545,41175,41815,42825,43560,44220,45685,46370,47080,48295,49220,50270,51195,52080,53760,54555,55575,56765,57500,58650,60155,61230,62060,62895,64235,64905,66320,68160,69450,70535,71195,72710,73685,75260,76845,77840,78845,80115,82115,83310,83995]
resources/preprocessed/Interpolated/Jan_liegestuetzen3_13_10_2020_RightArm.csv:[34230,36295,37660,38330,39195,40535,41215,41935,42625,43415,44110,44765,45475,46135,46850,47605,48370,49230,50000,50955,51740,52680,53590,54650,55625,56880]
resources/preprocessed/Interpolated/Jan_liegestuetzen3_13_10_2020_LeftArm.csv:[34135,34865,36270,37650,38340,39125,39800,40525,41200,41915,42605,43385,44065,44780,45470,46135,46865,47560,48365,49180,50015,50960,51770,52685,53600,54660,55550,56740]
resources/preprocessed/Interpolated/Jan_liegestuetzen3_13_10_2020_Belly.csv:[34000,34755,35420,37070,37705,38525,39330,40175,41380,42075,42925,43670,44345,45695,46405,47130,48675,49340,50505,52185,52855,54120,54845,56445]
resources/preprocessed/Interpolated/Jan_liegestuetzen2_13_10_2020_RightArm.csv:[17041,19431,20701,22046,23381,24046,24716,25386,26041,26716,27411,28086,28816,29526,30176,30866,31576,32306,33026,33756,34436,35166,35936,36691,37496,38216,39206,39951,40816,41641,42656,43461,44536,45526,46846,47676,49031,49766,50781]
resources/preprocessed/Interpolated/Jan_liegestuetzen2_13_10_2020_Chest.csv:[16996,18061,19206,19931,20571,21311,22006,22721,24041,24671,25376,26736,28116,28786,29446,30131,30901,31556,32291,33011,33801,35121,35876,36691,37476,38191,39161,40031,40801,41666,42626,43531,44571,45661,46821,47716,49376,50571]
resources/preprocessed/Interpolated/Jan_liegestuetzen2_13_10_2020_Belly.csv:[16996,18566,20126,20791,21536,22871,23521,24231,24926,25651,26986,28311,28991,29706,31091,31736,32506,33936,35466,36116,36956,37596,38656,39321,40281,40961,42076,42806,43896,44726,46051,47036,48711,49436,50271]
resources/preprocessed/Interpolated/2020-07-02_14.59.59_LeftArm.csv:[73999,75247,75903,76959,77527,78115,78719,79239,79879,80423,80927,81575,82151,82695,83319,84007,84603,85187,85767,86375,86947,87535,88143,88775,89451,90011,90595,91307,91919,92503,93275,93959,94595,95147,96011,96783,97399,97939,98767,99767]
resources/preprocessed/Interpolated/Andre_liegestuetzen2_13_10_2020_Belly.csv:[39996,42176,43331,44031,44871,45836,46471,48241,48906,49916,50766,51586,52226,53271,54321,55046,56801,58611,59241,60391,61331,62136,62836,64121,64911,66131,66936,68411,69641,71126,71826,72546,73811,75926,76791,77501,79006,79996]
resources/preprocessed/Interpolated/Jan_liegestuetzen1_13_10_2020_RightArm.csv:[84900,87715,88860,90170,91370,92575,94130,95275,96465,98055,99215,100720,101975,102930,104305,105875,106995,108180,109775,110855,112075,114620,116110,118700,119985,121845,122895,123860,125835,126745,127810,129535,130355,131705,133410,134340,135505,138085,139290,140865,141650,142865,144675,146775,149265,150560,153510,154610,157345,158670,160835,161770,163030,163925,165940,166905,169125,170290,171345,172755,173955,176755,177820,178710,179635,181195,182415,183285]
resources/preprocessed/Interpolated/2020-07-02_14.59.59_Chest.csv:[73999,74779,75295,76071,77079,77643,78187,79775,80775,81635,82267,83183,84079,84643,85339,85963,86939,87931,88959,89835,90563,91363,91991,93211,94015,95223,96111,97011,98007,98799,99527]
resources/preprocessed/Interpolated/2020-07-02_15.13.22_Belly.csv:[23219,24387,25111,26255,26895,27659,28619,29647,30711,31591,32103,32699,33291,34135,35239,35803,37019,37675,38659,39267,40011,40907,41659,43039,44063,44607,45171,45679,46727,47747,49511,50803,51499,52303,53735,55351,55935,56503,57255,58835,59431,60095,60739,62527,63283,63815,64667,65523,66095]
resources/preprocessed/Interpolated/2020-07-02_15.13.22_RightArm.csv:[23251,25571,26079,26843,27847,28599,29659,30199,31111,31647,32207,33247,33911,34751,35335,35979,36519,37591,38287,38811,39779,40387,41071,42075,42707,43447,44047,44607,45259,46131,46691,47279,47891,48771,49455,50055,50663,51499,52251,52839,53487,54403,55291,55983,56679,57803,58771,59447,60195,60767,62567,63335,64083,64675,66095]
resources/preprocessed/Interpolated/Lukas_liegestuetzen1_13_10_2020_Chest.csv:[38700,39650,41000,41730,42770,44630,45300,46150,47005,48070,48700,49875,50565,51460,52400,53605,54570,55375,56065,56845,57970,59260,61210,62720,63460,64835,66045,66935,67645,68855,70265,71065,72215,73585,75175,75845,77335,78715,79500,80260,81605,83010,83965]
resources/preprocessed/Interpolated/Jan_liegestuetzen1_13_10_2020_Chest.csv:[84900,85700,87405,88690,90625,91955,94480,97325,98930,99875,103055,104420,106940,108180,110090,112080,114035,115980,118375,119730,121020,122020,122685,123755,124430,126240,128675,129800,131925,133770,135470,137375,139395,141090,143045,143875,144920,146830,148715,150475,151305,152030,152825,154510,156730,158620,159315,161075,162860,163775,165715,166870,167975,168965,170345,172620,174345,175340,176435,177610,179240,181055,183325,183970]
resources/preprocessed/Interpolated/2020-07-02_14.20.28_RightArm.csv:[62035,62899,63931,64959,66031,66539,67175,67695,68303,68811,69407,69939,70531,71119,71695,72255,72887,73427,74063,74619,75255,75847,76539,77155,77963,78607,79455,80311,80967,81591,82771,83819]
resources/preprocessed/Interpolated/2020-07-02_14.20.28_Belly.csv:[61995,63143,64131,64855,66063,67231,68655,69479,70543,71247,71751,72939,74027,74579,75183,76643,77339,77975,78959,80411,80979,82087,82731,83499,84007]
resources/preprocessed/Interpolated/2020-07-02_14.14.32_RightArm.csv:[32003,33135,34151,35159,36423,37683,38195,38931,39475,40199,40775,41587,42127,42927,43479,44331,44887,45731,46279,47039,47599,48463,49011,49827,50403,51247,51847,52687,53291,54127,54775,55551,56235,57231,57967,58839,59595,60647,61391,62703,63447,64995]
resources/preprocessed/Interpolated/2020-07-02_15.13.22_LeftArm.csv:[23267,24667,25611,26763,27291,28615,29151,29711,30623,31147,32163,32679,33191,33719,34255,34779,35375,35931,36515,37559,38183,38795,39851,40375,41059,42095,42663,43463,44039,44607,45271,46099,46691,47235,47831,48739,49479,50051,50631,51451,52223,52815,53443,54075,55243,55963,56659,57171,57787,58711,59435,60159,60751,62483,63311,64079,64647,66095]
resources/preprocessed/Interpolated/2020-07-02_14.14.32_Belly.csv:[32003,33335,34271,35059,35707,36239,37103,38303,39067,40327,41343,41895,42659,44067,45323,45839,46747,47475,48491,49475,50091,50851,51387,52279,53219,54147,55583,56659,57411,58115,59135,59975,60755,61607,62519,64059,64995]
resources/preprocessed/Interpolated/2020-07-02_14.59.59_RightArm.csv:[73999,74515,75331,75915,76943,77499,78111,78755,79259,79799,80375,80979,81591,82215,82807,83379,84031,84631,85231,85811,86391,86971,87591,88187,88791,89395,90027,90735,91315,91915,92535,93307,93975,94615,95207,96099,96811,97399,97963,98823,99695]
resources/preprocessed/Interpolated/Jan_liegestuetzen3_13_10_2020_Chest.csv:[34000,34900,36110,36855,37610,38275,39030,39795,40515,41180,41930,42645,43340,44115,44805,45480,46145,46890,47585,48395,49205,50100,50955,51790,52700,53575,54650,55710,56995]
resources/preprocessed/Interpolated/2020-07-02_14.20.28_LeftArm.csv:[61995,62791,63311,63903,64955,65995,66527,67163,67703,68267,68807,69387,69951,70519,71107,71675,72263,72859,73419,74031,74603,75211,75835,76483,77139,77903,78563,79387,80091,80879,81515,82727,83431,84007]
resources/preprocessed/Interpolated/2020-07-02_13.00.09_Belly.csv:[27099,27859,28599,29779,30787,31751,32283,33119,33695,34223,35035,35567,36115,36883,37671,38895,40023,40883,41611,42195,43019,43751,44691,45819,46663,47447,49127,49707,50747,51595,52103,52827,53727,54379,54919,56103,57175,57695,58311,59491,60371,61059,61803,62355]
resources/preprocessed/Interpolated/2020-07-02_14.14.32_LeftArm.csv:[32315,33127,34171,35159,36415,37679,38911,39463,40183,40771,41559,42131,42899,43463,44299,44871,45691,46255,46991,47579,48403,48967,49775,50379,51191,51799,52623,53207,54055,54699,55483,56139,57087,57891,58787,59527,60587,61299,62639,63399,64499]
resources/preprocessed/Interpolated/2020-07-02_11.17.39_Belly.csv:[58227,58971,59779,61051,61555,62495,64439,64971,66523,67127,68187,69131,69995,70583,71107,72315,73495,74063,75299,75879,76531,77703,78515,79475,80047,81443,82311,83183,84219,85139,85647,86175,87099,87643,88259,89303,89955,90603,91435,92527,93135,93727,94351,94963,95495,96083,96723,97459,98043,98643,99183,99903,100707,101211,101795,102631,103451,104419,106323,106959,108023]
resources/preprocessed/Interpolated/Andre_liegestuetzen3_13_10_2020_Chest.csv:[30998,32228,33258,34628,35288,36533,37198,38043,38688,39763,40428,41778,42423,43483,44178,45188,45848,47098,47858,48738,50148,50843,51733,52848,54393,55058,55943,56683,57513,58293,59423,61118,62578,63668,64748,65498]
resources/preprocessed/Interpolated/2020-07-02_11.17.39_Chest.csv:[58227,59147,60007,61023,62075,62691,63991,64495,65403,65947,67459,68587,69127,70819,71391,72187,72691,73811,74367,74911,76163,77651,78527,79043,79995,80759,81707,82283,83131,84143,84687,85563,86755,87407,88051,88863,89383,90547,91091,91967,93071,93631,94163,94807,95347,95911,96487,97199,97923,98515,99127,99803,100519,101623,102367,103107,103647,104367,105139,105719,106615,107959]
resources/preprocessed/Interpolated/Jan_liegestuetzen1_13_10_2020_Belly.csv:[84955,87145,88815,91120,92205,93545,96200,97905,99565,100295,100935,102100,103645,105110,105805,107090,107905,108805,111040,111915,112585,113305,114270,115055,115840,116555,117220,118920,119815,120575,121305,122255,123165,124685,125365,127835,129105,130120,130765,131580,132670,133425,134455,135310,136015,137160,138205,139090,139800,141795,142660,143495,144195,145755,146595,147375,149480,150400,151110,151805,153610,154410,155110,155985,157580,158340,159155,160000,161960,162860,163755,164940,166085,166780,168240,169440,170250,170910,171705,173050,173765,174495,175305,176960,177590,178820,179895,181400,182130,183245,183995]
resources/preprocessed/Interpolated/2020-07-02_11.17.39_LeftArm.csv:[58227,58763,59295,59927,61059,61755,62763,63367,64499,65055,66183,66703,67879,68443,69527,70111,71323,71943,73099,73695,74911,75547,76719,77335,78511,79099,80367,80963,82247,82867,84127,84799,86075,87227,87991,88735,89359,89947,90487,91099,91755,92507,93223,94083,94787,95531,96471,97239,98111,98951,99767,101439,102371,104095,105007,105739,106531,107819]
resources/preprocessed/Interpolated/2020-07-02_14.59.59_Belly.csv:[73999,74871,75739,76267,76999,77503,78511,79271,79887,80847,81571,82367,84087,84735,85311,86419,87731,88583,90167,91315,91987,92859,93935,95315,96831,98139,99995]
resources/preprocessed/Interpolated/Andre_Squats_13_10_2020_LeftArm.csv:[60996,62746,63436,64141,65321,66186,68126,68831,69601,71586,73091,74236,75241,77146,78351,79596,80536,82371,83236,84571,85516,86576,88301,89376,90231,92361,94046,94816,95796,96756,97411,99176,100531,102521,103486,104686,105606,107226,108531,109166,110931,112021,113351,114501,115641,117091,118271,119241,120331,121646,122706,123896,125031,126271,127021,127951,128686,129366,130391,131131,131811,132776,133486,134136,135181,135871,136561,137381,138251,138951,139916,140716,141401,142481,143236,144406,145621,146271,147411,148551,149671,150371,151016,152051,152796,153431,154566,155256,155916,156981,157651,158846]
resources/preprocessed/Interpolated/2020-07-02_14.07.33_Chest.csv:[7005,8457,9133,9933,10529,11241,11777,12533,13757,15029,15773,16521,17037,17569,18333,19089,20337,21633,22345,23169,23701,24509,25845,26849,27717,28665,29205,30133,30649,31485,32477,33269,34165,34929,36209,37785,38517,39193,39777,41033,41909,42489,43781]
resources/preprocessed/Interpolated/2020-07-02_11.17.39_RightArm.csv:[58227,58783,59311,60323,61071,62067,62807,63679,64471,65119,66171,66795,67863,68699,69531,70187,71319,72083,73083,73883,74883,75695,76695,77499,78491,79111,80367,81235,82227,83207,84119,84791,86071,87071,88043,88751,89367,89927,90459,91651,92495,93243,94023,94763,95547,96415,97223,98147,98911,99775,101367,102371,104055,104983,105691,106335,107799]
resources/preprocessed/Interpolated/Andre_liegestuetzen3_13_10_2020_RightArm.csv:[31453,32243,33863,35553,37163,38748,40373,41928,43698,45408,47168,48838,49473,51108,53193,54348,55453,56668,57323,58438,59188,59908,60603,61808,62688,64008,64683,65498]
resources/preprocessed/Interpolated/2020-07-02_12.50.00_LeftArm.csv:[16003,17323,18151,18851,19487,20799,21371,22699,23259,23795,24339,24895,25419,26387,26927,27451,28351,28943,29515,30435,30987,31523,32379,32955,33499,34435,35011,35551,36083,36639,37231,37811,38795,39367,39943,40535,41151,41743,42299,43207,43831,44427,45419,46023,46603,47179,47787,48439,49107,49687,50291,50955,51659,52199,52783,53599,54535,55059,55595,56315,57167,58767,59747,60543,61455,62603]
resources/preprocessed/Interpolated/2020-07-02_14.20.28_Chest.csv:[61995,63263,64191,64791,65459,66339,67543,68639,69351,70359,70911,71511,72099,72691,73247,73835,74487,75127,75755,77083,77679,78679,79239,79911,80663,81567,82631,83619]
resources/preprocessed/Interpolated/2020-07-02_14.07.33_RightArm.csv:[7209,8529,9149,10249,11497,12009,12761,13321,14121,14629,15429,15933,16745,17297,18021,18537,19277,19813,20617,21177,22005,22561,23465,23985,24741,25325,26077,26669,27477,28093,28893,29513,30381,30973,31785,32405,33221,33861,34649,35313,36137,36777,37617,38289,39177,39885,40829,41605,42573,43625]
resources/preprocessed/Interpolated/Lukas_liegestuetzen1_13_10_2020_RightArm.csv:[38000,39620,40850,41670,42810,43500,44655,46505,48165,49955,51005,51840,53650,55610,56970,57995,59295,61190,62540,63535,64830,65760,66805,68590,69685,70570,72350,74090,75820,77530,79350,81210,81855,83995]
resources/preprocessed/Interpolated/2020-07-02_14.07.33_Belly.csv:[7005,8345,9965,10577,11405,12197,12897,13713,14337,15097,16453,17585,18173,19157,20361,20909,21717,23137,23725,24421,24985,25761,27137,27701,28513,29077,30037,31381,31941,32609,33305,33869,34733,35565,36649,37297,38537,39273,40105,40841,41425,42365,42997,43741]
resources/preprocessed/Interpolated/Andre_liegestuetzen1_13_10_2020_RightArm.csv:[16996,18266,19986,21751,23431,25216,26861,28596,30231,31746,33351,34931,36656,38256,39796,41456,43091,44686,46426,48101,49246,50461,51611,52251,53576,55566,57236,58336,59091,59936,60566,61486,62271,62936,64186,65096,66376]
resources/preprocessed/Interpolated/2020-07-02_12.50.00_RightArm.csv:[16091,18175,18851,19487,20779,21363,22695,23267,23783,24335,24879,25427,26395,26907,27443,28339,28923,29523,30463,30991,31539,32371,32907,33491,34467,34999,35555,36095,36667,37215,37811,38819,39351,39963,40555,41183,41739,42319,43235,43835,44459,45451,46015,46627,47187,47787,48423,49131,49683,50295,50947,51679,52195,52791,53607,54531,55055,55615,56319,57191,58775,59787,60511,61463,62667]
resources/preprocessed/Interpolated/Andre_Squats2_13_10_2020_Belly.csv:[47520,49465,50285,52000,53055,54760,55625,56535,57650,59445,60540,61210,62405,63630,64780,66030,67295,69210,70820,72060,74580,75475,76720,77830,79455,80255,81295,83455,85225,86320,87550,88580,90525,91475,92445,93460,94765,95805,97315,99135,100630,102010,103055,104220,105280,106670,107490,108715,111035,112435,113780,115115,115920,118680,119555,121075,122095,123055,124540,125500,126220,127575,128340,130240,131455,132770,134135,135180,136080,137245,138150,139715,140615,141980,143120,144205,145205,146870,148380,149450,150535,151620,152370,153150,153945,154935,156275,157375,158800,159460,161200,161920,163535,164565,165830,167355,168215,169195,170625,171685,173460,174435,175990,176765,178260,178905,180860,182265,183465,184445,185860,186865,188545,189615,190830,191765,193200,194310,195760,196575,197635,199035,199680,200325,201710,203340,204100,205020,206355,207510,208890,209925,210890,212310,213285]
resources/preprocessed/Interpolated/2020-07-02_12.50.00_Chest.csv:[16271,17067,18111,18651,19395,20087,21139,21647,22491,23031,23891,24451,25067,25647,26559,27287,28507,29283,30551,31515,32563,33403,34011,34679,36195,36835,37667,38835,39587,40783,41339,42159,43299,44031,44575,45551,46087,46703,47379,47939,48503,49863,50463,51139,51759,52283,52899,53531,54411,55179,55711,56315,58007,58783,60079,60799,61451,61967,62815]
resources/preprocessed/Interpolated/2020-07-02_13.00.09_Chest.csv:[27027,27851,29191,29775,30635,31811,32439,33087,33707,34339,35023,35635,36287,37627,38227,38963,39543,40203,40719,41639,42275,42911,43655,44323,45211,45867,46587,47267,48195,49059,50383,51159,51755,52931,53691,54555,55091,55671,56619,57523,58627,59795,60467,61287,62103]
resources/preprocessed/Interpolated/2020-07-02_13.00.09_RightArm.csv:[27171,27927,28579,29423,29939,30455,31187,31767,32367,33671,34235,34915,35559,36183,37455,38075,39435,40111,41547,42255,43531,44259,44883,45739,46663,48103,49539,50327,51199,52087,52883,53779,54291,54827,55611,56667,57683,58567,59319,60503,61223,62411]
resources/preprocessed/Interpolated/2020-07-02_15.13.22_Chest.csv:[23135,24399,25559,26231,26795,27375,28555,29183,30491,31219,31915,32603,33251,34507,35251,35799,37003,37739,38407,39163,39951,40655,41471,42183,42983,43931,44659,45171,45675,46619,47191,47735,48247,49515,50147,50915,52223,52851,53795,54575,55475,56163,57119,58839,59603,60135,60655,61443,62667,63391,63999,64543,65367,66063]
resources/preprocessed/Interpolated/Andre_liegestuetzen1_13_10_2020_Belly.csv:[16996,18256,19346,20641,21891,23006,24011,25211,26866,27841,28596,29996,30731,31911,32956,33856,35491,36496,37226,38106,39656,40366,41456,43081,44671,45361,46406,47776,48661,49436,50461,51506,52276,52976,54031,55151,56186,57376,58491,59171,60471,61776,63406,64071,65081,66386]
resources/preprocessed/Interpolated/2020-07-02_15.31.36_Belly.csv:[72271,72939,73759,74335,75231,75879,77947,78987,79991,80719,81331,81959,83187,83971,85555,86247,86915,87519,88303,89151,90079,90827,91407,92559,93543,94071,94815,95527,96035,97071,97759,98783,99387,100187,100911,101751,103163,104283,105479,106787,108139,109579,110819,112375,113703]
resources/preprocessed/Interpolated/Jan_liegestuetzen2_13_10_2020_LeftArm.csv:[16996,17671,19401,20711,22061,23361,23991,24656,25341,26036,26671,27351,28071,28801,29496,30186,30851,31531,32256,32986,33696,34406,35111,35956,36681,37476,38261,39161,39981,40806,41681,42641,43536,44546,45551,46791,47621,48931,49736,50756]
resources/preprocessed/Interpolated/2020-07-02_15.31.36_Chest.csv:[72271,73079,73799,74383,75303,76471,77719,80575,81695,82403,83055,83875,84663,86203,86807,87411,88139,89503,90131,90959,91763,92547,93243,94031,94791,95479,96327,97119,97811,99327,100619,101631,102287,103151,104303,104851,105735,106823,108239,109499,110867,111559,112071,113695]
resources/preprocessed/Interpolated/Andre_Squats_13_10_2020_RightArm.csv:[60996,62716,63416,64141,65366,66506,67956,68931,70266,71646,73141,74286,75291,76731,78331,79626,80691,82296,83321,84536,85661,86716,88296,89401,92266,93666,94891,95846,97586,98626,99766,100701,101836,102541,103486,104641,105701,106806,108551,109806,110936,111731,113211,114501,115936,117066,118071,119311,120486,121571,122671,123906,125126,126206,126966,128061,128691,129901,131156,131821,132831,133491,134131,135226,135871,136521,137481,138241,138956,140006,140736,141446,142521,143236,143921,144941,145646,146321,147431,148596,149691,150376,151026,152081,152796,153431,154596,155236,155881,157001,157656,158321]
resources/preprocessed/Interpolated/2020-07-02_14.14.32_Chest.csv:[32019,33479,34307,35003,35559,36267,36875,37527,38775,39507,40059,40759,41387,41975,42727,43439,44075,44591,45471,46079,47415,47999,48723,49635,50339,51047,51687,52399,53191,54467,55091,56143,57011,57619,58423,59643,60495,61811,62679,63731,64579]
resources/preprocessed/Interpolated/2020-07-02_15.31.36_LeftArm.csv:[72271,73119,73739,74299,75211,76247,77663,79155,80731,81395,82219,83023,84015,85303,86215,86839,87679,88263,88807,89327,89831,90407,90963,91479,92139,93155,93695,94267,94855,95439,96107,96639,97607,98171,98859,99415,99991,100619,101203,101763,102359,102939,103775,104299,104835,105383,106839,107507,108055,108867,109531,110159,110779,111567,112255,112875]
resources/preprocessed/Interpolated/2020-07-02_15.31.36_RightArm.csv:[72271,72863,73703,74243,76275,76971,77807,78455,79007,80639,81303,82215,82991,84007,85387,86175,86855,87711,88243,88811,89347,89875,90399,90951,91511,92111,92619,93147,93703,94315,94831,95395,95951,96579,97579,98211,98907,99411,100479,101199,101775,102347,102955,103699,104283,104847,105479,106223,106851,107503,108103,108851,109535,110123,110787,111571,112255,112875,113475]
resources/preprocessed/Interpolated/Andre_Squats2_13_10_2020_Chest.csv:[47500,49125,50320,51310,52605,53580,54810,55830,57135,58185,58835,59580,60570,61845,62955,64250,65300,66005,67080,69210,70305,71320,72730,74125,75315,76850,77810,78820,80190,81315,82175,83420,85235,87320,88370,89345,90340,91225,91885,93165,94570,96065,97340,98340,99405,100575,101600,103295,104285,105310,107150,108930,110220,111045,112215,113080,114120,115020,116030,117165,118670,120065,121755,122945,124210,125385,126805,128310,130300,131700,132720,133765,135070,136270,137270,138540,139795,141160,141985,142965,144455,145965,146895,147945,149295,150820,152080,154085,155575,156360,157385,158270,160220,160970,162190,163180,164815,165780,166475,167430,168185,169225,170715,171660,173815,175105,175935,177445,178845,180000,180890,182185,183005,184965,185860,186710,188050,189960,190885,191675,193510,194780,195685,196560,198295,199955,203145,204285,205045,206560,207830,209150,209960,211330,212595,213990]
resources/preprocessed/Interpolated/2020-07-02_14.07.33_LeftArm.csv:[7173,8573,9121,10269,10785,11493,12761,13329,14117,14633,15417,15941,16773,17285,18001,18545,19253,19813,20617,21185,21993,22569,23453,23989,24701,25309,26061,26673,27477,28085,28861,29473,30345,30961,31737,32373,33157,33805,34585,35261,36073,36737,37561,38233,39105,39841,40789,41509,42477,43417,44117]
resources/preprocessed/Interpolated/Andre_Squats2_13_10_2020_RightArm.csv:[47500,49010,50160,50790,51915,53060,54160,55295,56425,57590,58780,60005,61180,62345,63545,64730,66005,66935,68995,70250,72920,74430,76420,78035,80050,81805,83405,85060,87055,88620,90455,92375,94405,95450,96460,97460,99400,100845,102490,103655,105055,105850,108040,109255,109925,110695,112145,113670,115050,116025,116755,117685,118320,119270,120845,122085,122760,123780,125365,126855,127505,128895,130145,131535,132590,133605,134990,136000,137290,138455,139515,140495,141895,143320,144360,145340,146755,147970,149330,150350,151450,152360,153815,154970,156245,157465,158550,159550,160510,161160,162080,163575,164480,165875,167350,168260,169315,170780,171625,173700,174485,175940,177340,178560,179340,180800,182165,183250,184235,185795,187235,188285,189260,190740,191990,193170,194300,195540,196790,197840,198950,199680,200835,201730,202475,203430,205060,206550,207405,208770,209885,211225,212370,213180,213965]
resources/preprocessed/Interpolated/Andre_liegestuetzen1_13_10_2020_LeftArm.csv:[16996,18176,19951,20621,21631,22331,23226,23986,25136,26711,27351,28526,30081,31691,33246,34826,35466,36461,37106,38076,38746,39611,40321,41366,43081,44736,46461,48016,48721,49921,51521,52276,53466,54216,55521,56171,57661,58386,59191,60601,61666,62901,63571,64736,65646,66366,66996]
resources/preprocessed/Interpolated/2020-07-02_13.00.09_LeftArm.csv:[27179,27947,28603,29471,29991,30815,31795,32359,33039,33663,34207,34963,35567,36171,37519,38127,39471,40103,41551,42223,43575,44263,44915,45767,46663,48131,49087,49591,50363,51183,52111,52935,53791,54311,54855,55627,56671,57675,58595,59839,60495,61207,62411]
resources/preprocessed/Interpolated/Andre_liegestuetzen3_13_10_2020_LeftArm.csv:[31493,32268,33703,34408,35053,36068,36998,37703,38648,39343,40313,41888,43563,44233,45258,45928,47103,48778,49518,51048,51698,52923,53803,55453,57033,57888,59183,59923,60608,61923,62733,64083,64888]
resources/preprocessed/Interpolated/Lukas_liegestuetzen1_13_10_2020_LeftArm.csv:[38000,38670,39565,40930,41700,42840,43510,44600,45280,46475,48130,48770,49940,51815,53625,55590,57445,59205,59855,61125,62990,64805,65835,66795,68530,69175,70545,72320,72950,74065,74730,75835,77530,79355,81180,81870,82745,83995]
resources/preprocessed/Interpolated/Andre_Squats2_13_10_2020_LeftArm.csv:[47500,49000,50245,51360,52515,53580,54760,55810,57055,58130,58810,60000,61165,62320,63540,64685,65890,66740,69125,70490,72285,74350,76390,77930,80055,81485,83405,84980,87110,88720,90435,92410,94375,95385,97605,99410,101055,103410,104435,105740,106820,108065,109945,110985,112690,113650,115290,116680,117790,118425,119725,120620,121455,122330,123400,125335,126145,127265,128790,130085,131495,132630,133475,134955,136070,137215,138310,139625,140530,141910,143325,144360,145465,146780,147995,149295,150415,151390,152180,153930,155055,156380,157500,158320,159770,161210,161925,163010,164630,165705,166560,168465,169240,170695,171830,173330,174750,175805,177420,178720,179445,180755,181800,183290,184315,185760,187080,188495,189200,190420,191475,193215,194390,195525,196565,197975,199070,199770,200465,201810,202545,203465,204800,205845,207415,209140,209860,211635,212520,213315,213995]
resources/preprocessed/Interpolated/Andre_Squats_13_10_2020_Belly.csv:[60996,62456,63491,64676,66666,68046,68941,69711,71981,73066,74561,75381,77596,78441,79556,80581,81251,81971,83341,84626,85431,86186,87606,88326,89606,90606,92521,93501,94666,95546,96341,97491,98791,99706,100621,101286,102626,103501,104866,105721,107561,108601,109706,110726,112171,113351,114616,115556,117096,118386,119436,120471,122066,122816,124006,124806,125566,126441,127651,128366,129366,130516,131251,132451,133646,134751,136001,137141,138396,139551,140246,141416,142571,143316,144466,145726,146936,148076,149201,150466,151596,152861,154121,154841,155861,156501,157136,158321,158956]
resources/preprocessed/Interpolated/Andre_liegestuetzen2_13_10_2020_Chest.csv:[39996,41561,42606,43321,44526,45961,47196,48376,49391,50966,51596,52776,54441,55561,56721,57656,58666,59916,60781,61806,62906,64266,65331,67056,68066,68696,70146,71086,71861,72706,73526,74806,75751,76736,77586,78596,79566]
resources/preprocessed/Interpolated/Andre_liegestuetzen2_13_10_2020_LeftArm.csv:[39996,40936,41606,42671,43336,44186,44901,45856,46531,47571,48261,49241,49976,50901,51586,52661,53316,54356,55061,56141,56846,58076,59791,60471,61641,62316,63666,64306,65546,66291,67736,68436,70036,72411,73121,74166,75136,75836,77146,78276,79101,79836]
resources/preprocessed/Interpolated/Lukas_liegestuetzen3_13_10_2020_LeftArm.csv:[11186,12371,14166,15696,16901,18071,18746,19411,20046,20876,21551,22341,22996,23731,24486,25301,26206,27046,28796]
resources/preprocessed/Interpolated/Andre_liegestuetzen1_13_10_2020_Chest.csv:[16996,18026,18821,19816,20676,21601,22356,23076,24006,25056,25821,26731,27446,28386,29141,30271,31731,33271,34891,35531,36471,37161,38116,38811,39751,40416,41431,43101,44676,45326,46376,47016,47996,48701,49821,50471,51611,52281,53576,55021,56166,57556,58366,59736,60541,61676,62731,63571,64841,65546,66361]
resources/preprocessed/Interpolated/Andre_liegestuetzen2_13_10_2020_RightArm.csv:[39996,41126,42731,44301,45976,47751,49396,51021,52796,54476,56281,57681,58676,59916,61756,63751,65681,66326,67356,68431,69176,70101,71166,71951,73166,73796,74611,75851,76856,77631,78326,79081,79776]
resources/preprocessed/Interpolated/2020-07-02_12.50.00_Belly.csv:[16003,17007,18067,18575,19299,19835,20463,21167,21819,23143,23827,25163,25971,26875,27875,28451,29419,29979,30519,31943,32907,33959,34883,36091,36739,37335,38331,39003,39891,40611,41463,42755,43443,43947,44935,45571,47155,48299,49707,50323,50967,51559,52179,52803,53459,54419,55087,55659,56487,57135,58131,58719,59287,60263,60879,62155,62995]
resources/preprocessed/Interpolated/Andre_liegestuetzen3_13_10_2020_Belly.csv:[30998,32093,32728,34343,36088,36973,38143,39063,39708,40713,42408,43643,44703,45823,46703,47623,49458,50613,51698,52953,53743,54463,55953,57128,58283,59618,60258,61283,63088,63828,65393]
resources/preprocessed/Interpolated/Andre_Squats_13_10_2020_Chest.csv:[60996,62626,63441,64236,65261,65911,66626,68006,68911,69691,71636,73626,74366,75646,77441,78976,79681,80581,81406,82446,84056,84696,85386,86391,87471,88976,89756,90631,92481,93541,94746,95441,97661,98461,99236,100701,101551,102706,104091,104801,105716,107511,109126,109801,110816,111876,113971,114626,115541,117331,118576,119346,120516,121951,123271,123996,124706,126256,127116,128181,128821,129491,130441,131181,131886,133046,134261,135301,135946,136636,137701,138336,139011,140216,141511,142641,143296,144001,144986,145691,146386,147546,148676,149761,150391,151056,152131,152821,153511,154661,155941,157096,158396]
resources/preprocessed/Interpolated/Jan_liegestuetzen1_13_10_2020_LeftArm.csv:[84915,87260,88890,89950,90840,92565,94135,95165,96520,98080,99175,100495,102050,102750,104320,106985,108070,110580,111980,113755,114585,116010,117720,118535,119830,121840,122825,123775,125865,127690,129495,130440,131540,133835,135225,137830,139065,141395,142880,145305,146820,149045,150415,151330,153215,154435,157265,158515,159245,161455,163030,165790,166735,167805,169110,170120,172735,174605,176635,177660,179320,181135,183215,183995]
