resources/preprocessed/Interpolated/Lukas_liegestuetzen3_13_10_2020_RightArm.csv:[11596,15076,18791,24621,26991]
resources/preprocessed/Interpolated/Lukas_liegestuetzen3_13_10_2020_Chest.csv:[15016,18801,22256]
resources/preprocessed/Interpolated/Lukas_liegestuetzen3_13_10_2020_Belly.csv:[14146,16821,22261]
resources/preprocessed/Interpolated/Lukas_liegestuetzen2_13_10_2020_RightArm.csv:[36430,39500,41760,46805,49360,52805,57540,61200,63810,66900,71220,73920]
resources/preprocessed/Interpolated/Lukas_liegestuetzen2_13_10_2020_LeftArm.csv:[37155,39460,44435,48420,51130,55050,57565,61150,63715,66885,69920,73985]
resources/preprocessed/Interpolated/Lukas_liegestuetzen2_13_10_2020_Chest.csv:[37075,39465,48420,51135,53455,55970,61830,64280,66910,71245]
resources/preprocessed/Interpolated/Lukas_liegestuetzen2_13_10_2020_Belly.csv:[37145,39520,42600,47785,51785,54450,61785,64330,66910,71190,73955]
resources/preprocessed/Interpolated/Lukas_liegestuetzen1_13_10_2020_Chest.csv:[39650,43950,47425,50020,52805,55635,60305,63960,73320,76770,80415]
resources/preprocessed/Interpolated/Lukas_liegestuetzen1_13_10_2020_Belly.csv:[39590,43040,46465,49995,52815,55585,60385,63020,66675,73355,76825,80460]
resources/preprocessed/Interpolated/Jan_liegestuetzen3_13_10_2020_RightArm.csv:[37685,40590,44880,50215]
resources/preprocessed/Interpolated/Jan_liegestuetzen3_13_10_2020_LeftArm.csv:[34250,37010,39960,44885,47685,50330]
resources/preprocessed/Interpolated/Jan_liegestuetzen3_13_10_2020_Belly.csv:[37085,43375,47090,52045,56995]
resources/preprocessed/Interpolated/Jan_liegestuetzen2_13_10_2020_RightArm.csv:[19381,24151,28156,32376,35336,41951,46901]
resources/preprocessed/Interpolated/Jan_liegestuetzen2_13_10_2020_Chest.csv:[19326,24826,28151,30986,35256,40141,48836]
resources/preprocessed/Interpolated/Jan_liegestuetzen2_13_10_2020_Belly.csv:[19286,24141,28186,30946,33796,36826,40766,46106,49356]
resources/preprocessed/Interpolated/Andre_liegestuetzen3_13_10_2020_RightArm.csv:[33218,37203,41268,44648,52273,57098,59808]
resources/preprocessed/Interpolated/2020-07-02_14.20.28_RightArm.csv:[63795,65995,68723,72343,77911,82111,84007]
resources/preprocessed/Interpolated/2020-07-02_14.20.28_Belly.csv:[63755,68891,75207,77939,82631]
resources/preprocessed/Interpolated/2020-07-02_14.14.32_RightArm.csv:[35175,37651,41535,43735,46443,48443,52083,54015,57855,59967,62027]
resources/preprocessed/Interpolated/2020-07-02_15.13.22_LeftArm.csv:[24699,28363,30223,32443,34835,37567,39615,42179,44971,47495,49363,52027,55319,62707,65183]
resources/preprocessed/Interpolated/2020-07-02_14.14.32_Belly.csv:[34627,38379,41007,45103,47823,52039,55447,59971,61951,64411]
resources/preprocessed/Interpolated/2020-07-02_14.59.59_RightArm.csv:[74619,76755,78943,81411,83879,86155,88683,91279,93139,96763]
resources/preprocessed/Interpolated/2020-07-02_14.20.28_Chest.csv:[64411,68895,73543,75959,77939,82131]
resources/preprocessed/Interpolated/2020-07-02_14.07.33_RightArm.csv:[11509,16141,18685,21405,27373,31249,35605,38597,42425]
resources/preprocessed/Interpolated/Lukas_liegestuetzen1_13_10_2020_RightArm.csv:[39635,46610,50020,54690,60355,64860,67730,70620,76735]
resources/preprocessed/Interpolated/2020-07-02_14.07.33_Belly.csv:[9649,14109,17433,20021,24177,26041,30329,32633,35541,39105,43957]
resources/preprocessed/Interpolated/2020-07-02_13.00.09_RightArm.csv:[27851,30343,35379,38803,42035,50051]
resources/preprocessed/Interpolated/Jan_liegestuetzen3_13_10_2020_Chest.csv:[36230,39965,44145,47060,52685,56760]
resources/preprocessed/Interpolated/2020-07-02_14.20.28_LeftArm.csv:[64403,68079,70319,74923,77883,82711]
resources/preprocessed/Interpolated-Revised/Jan_liegestuetzen1_13_10_2020_edited_Belly.csv:[73838,79048,84238,88587,92331,94959,97696,103968,106265,109828]
resources/preprocessed/Interpolated/2020-07-02_12.50.00_LeftArm.csv:[20391,22283,24491,26555,28523,30479,32367,34459,36871,43271,45591]
resources/preprocessed/Interpolated/2020-07-02_13.00.09_Chest.csv:[28435,31379,36003,38051,39991,42047,44123,46527,48751,51147,53927,56775,59663]
resources/preprocessed/Interpolated/2020-07-02_12.50.00_Chest.csv:[18695,22299,25347,27367,29403,31431,33499,36691,38887,41215,43275,45519,47879,50543,53587,55515,59667,62683]
resources/preprocessed/Interpolated-Revised/Jan_liegestuetzen1_13_10_2020_edited_LeftArm.csv:[74563,78217,81575,84889,87356,91135,95014,98602,102686,111770]
resources/preprocessed/Interpolated-Revised/Jan_liegestuetzen1_13_10_2020_edited_RightArm.csv:[73833,77041,80920,86070,88567,92316,95679,98582,102676,106270,108978]
resources/preprocessed/Interpolated/Andre_Squats2_13_10_2020_Belly.csv:[49320,53790,58460,60885,63260,67615,70290,72945,76375,79900,83315,88500,94025,101095,105750,109595,112890,116685,119840,122450,125510,130115,134950,139435,144370,149285,153680,158440,163250,168190,173350,178250,183030,188365,193070,196050,200875,203885,207400,212300]
resources/preprocessed/Interpolated/2020-07-02_13.00.09_Belly.csv:[28443,30375,32259,35267,37179,42079,44075,46487,48735,51159,53743,56791]
resources/preprocessed/Interpolated/2020-07-02_14.14.32_LeftArm.csv:[34571,37095,38947,41055,42927,47879,49731,53931,57087,59583,62127,64503]
resources/preprocessed/Interpolated-Revised/Jan_liegestuetzen1_13_10_2020_edited_Chest.csv:[73828,77076,79703,84223,86821,89263,93027,95684,98592,102696,106225,108948]
resources/preprocessed/Interpolated/2020-07-02_11.17.39_Belly.csv:[61435,65759,68227,72855,76219,79807,81871,85631,87755,90039,93211,95623,98119,100719,103415]
resources/preprocessed/Interpolated/Andre_liegestuetzen3_13_10_2020_Chest.csv:[33208,37213,41293,45373,48113,52263,54608,57033,59803,62328,65478]
resources/preprocessed/Interpolated/2020-07-02_11.17.39_Chest.csv:[61439,65711,70867,72871,76279,80043,82687,86471,89903,92139,94307,96811,99479,103411,106915]
resources/preprocessed/Interpolated/2020-07-02_11.17.39_LeftArm.csv:[59419,63171,66483,71015,73347,76243,78755,80779,82679,85583,90131,92075,94295,96787,101647,103923]
resources/preprocessed/Interpolated/2020-07-02_14.59.59_Belly.csv:[75695,79023,81347,83811,86159,89127,91115,93779,96731,98767]
resources/preprocessed/Interpolated/Andre_Squats_13_10_2020_LeftArm.csv:[63051,66446,72896,76941,82101,86991,92141,97401,102231,107151,112211,116861,121481,126876,129271,133286,135581,137931,140441,143606,147756,150856,154921,157356]
resources/preprocessed/Interpolated/2020-07-02_14.07.33_Chest.csv:[9633,12217,14861,19253,22009,24193,26045,30369,35561,37609,42457]
resources/preprocessed/Interpolated/2020-07-02_11.17.39_RightArm.csv:[59495,62363,65667,69143,71011,73399,77159,79987,82751,85707,87859,89971,91871,94131,96799,99163,101627,104159]
resources/preprocessed/Interpolated/2020-07-02_14.59.59_Chest.csv:[74395,76279,79027,81399,83851,86135,88655,91079,93819,96747,98791]
resources/preprocessed/Interpolated/2020-07-02_14.59.59_LeftArm.csv:[74499,77771,79835,81915,83823,86307,88655,91079,93887,96743]
resources/preprocessed/Interpolated/2020-07-02_12.50.00_RightArm.csv:[18695,21211,24599,27415,29455,31419,34559,36699,38899,41283,43343,45519]
resources/preprocessed/Interpolated/Andre_liegestuetzen1_13_10_2020_RightArm.csv:[18316,22656,25291,29411,33276,36536,39086,41401,44051,46381,49296,51651,56871,62261]
resources/preprocessed/Interpolated/Andre_liegestuetzen2_13_10_2020_Belly.csv:[42801,48616,52776,58101,61086,70096,72591,75391]
resources/preprocessed/Interpolated/2020-07-02_15.13.22_Belly.csv:[26435,29111,31123,33167,35295,37455,39567,42239,44355,46503,49283,52143,55159,58639,62539]
resources/preprocessed/Interpolated/2020-07-02_15.13.22_RightArm.csv:[27199,29055,31127,33151,35267,37651,39867,42267,44403,46571,49391,52055,55275,58831,62503]
resources/preprocessed/Interpolated/2020-07-02_15.13.22_Chest.csv:[27223,30235,32435,34587,36759,39007,41051,43831,46459,49383,52087,55299,58623,62507,65283]
resources/preprocessed/Interpolated/Andre_liegestuetzen1_13_10_2020_Belly.csv:[18331,22706,25211,29436,33291,37486,42346,46441,50981,62021,64836]
resources/preprocessed/Interpolated/2020-07-02_15.31.36_Belly.csv:[72387,90111,92287,94599,96899,99191,101575,104051,106735,109343,112079]
resources/preprocessed/Interpolated/Jan_liegestuetzen2_13_10_2020_LeftArm.csv:[18851,22116,25421,28116,32461,37531,43951]
resources/preprocessed/Interpolated/2020-07-02_15.31.36_Chest.csv:[72747,90239,92279,94583,96859,99231,101539,104047,107451,109367,112119]
resources/preprocessed/Interpolated/Andre_Squats_13_10_2020_RightArm.csv:[63081,66346,73001,76931,82151,87061,92051,97321,102216,107181,112111,116831,121521,126846,129276,133331,136391,138751,141166,143646,147741,150851,153191,155641,158081]
resources/preprocessed/Interpolated/2020-07-02_14.14.32_Chest.csv:[34019,37123,38963,41019,43755,48475,52123,54991,58759,61983,64499]
resources/preprocessed/Interpolated/2020-07-02_15.31.36_LeftArm.csv:[73107,90295,92283,94655,96683,99227,101599,104119,105983,109347,112899]
resources/preprocessed/Interpolated/2020-07-02_15.31.36_RightArm.csv:[73407,90975,92863,95399,97627,100235,102543,105131,107483,112127]
resources/preprocessed/Interpolated/Andre_Squats2_13_10_2020_Chest.csv:[49325,53840,58510,60895,63285,67600,70350,72960,76480,79895,83350,88535,93975,101060,105780,109595,112785,116675,119890,122460,125515,130190,134905,139480,144265,149350,153645,158445,163220,168185,173335,178395,183035,188350,193135,196055,200870,203885,207395,212075]
resources/preprocessed/Interpolated/2020-07-02_14.07.33_LeftArm.csv:[8929,10957,14161,19317,24661,26861,33097,37553,41869]
resources/preprocessed/Interpolated/Andre_Squats2_13_10_2020_RightArm.csv:[49255,53785,56820,60890,63170,67445,70290,72945,76525,79820,83430,86935,90725,94005,98535,105425,109165,112675,117025,119835,125615,130290,134855,139335,144200,149025,153710,158470,163205,166315,169400,173315,177240,183010,188085,193180,198005,202480,207380,212055]
resources/preprocessed/Interpolated/Andre_liegestuetzen1_13_10_2020_LeftArm.csv:[19151,22746,25126,30136,32601,39096,41426,44066,47546,52956,62086]
resources/preprocessed/Interpolated/2020-07-02_13.00.09_LeftArm.csv:[27763,29639,32555,35987,38339,42039,50123,52515,54971]
resources/preprocessed/Interpolated/Andre_liegestuetzen3_13_10_2020_LeftArm.csv:[33248,37153,41233,44558,48198,51273,54768,57078,59978]
resources/preprocessed/Interpolated/Lukas_liegestuetzen1_13_10_2020_LeftArm.csv:[39680,42070,46480,49990,53645,57380,60335,63875,66780,70645,76775,80365]
resources/preprocessed/Interpolated/Andre_Squats2_13_10_2020_LeftArm.csv:[49340,53895,58545,60940,63300,67570,70660,74875,78250,81730,86890,90725,93915,98220,105740,109575,112750,116950,120620,125585,130310,134855,139425,144155,149310,153655,156585,159545,162040,164435,168215,173275,177315,183135,186300,189355,193085,196295,200890,203895,207420,212105]
resources/preprocessed/Interpolated/Andre_Squats_13_10_2020_Belly.csv:[63061,66436,72856,76971,82051,87011,92141,97301,102271,107101,112041,116841,121631,126111,128481,131561,133881,136316,138696,141171,143651,146071,148451,150796,153231,155656,158076]
resources/preprocessed/Interpolated/Andre_Squats_13_10_2020_Chest.csv:[63116,66641,72876,76966,82106,86966,92176,97386,102356,107236,112126,116836,121556,126786,129196,131576,133921,136321,138691,141171,143646,146031,148466,150811,153221,155641,158076]
resources/preprocessed/Interpolated/Andre_liegestuetzen2_13_10_2020_Chest.csv:[42866,46001,50381,52756,58076,61016,67096,70066,72591,75396,78841]
resources/preprocessed/Interpolated/Andre_liegestuetzen2_13_10_2020_LeftArm.csv:[42791,46001,49391,52071,55561,58211,60996,70206,72761]
resources/preprocessed/Interpolated/Lukas_liegestuetzen3_13_10_2020_LeftArm.csv:[11766,14086,16806,23156,26431]
resources/preprocessed/Interpolated/Andre_liegestuetzen1_13_10_2020_Chest.csv:[18291,22696,26136,30226,33371,36621,42411,61981,64846]
resources/preprocessed/Interpolated/Andre_liegestuetzen2_13_10_2020_RightArm.csv:[42901,46886,50386,52811,58231,63856,67106,70266,72616]
resources/preprocessed/Interpolated/2020-07-02_12.50.00_Belly.csv:[19351,24503,26479,29451,31495,33491,36799,38903,41259,43471,45559,47879,50547,53503,55427,59667,62715]
resources/preprocessed/Interpolated/Andre_liegestuetzen3_13_10_2020_Belly.csv:[33143,38088,40378,44668,48138,52283,57903,60698,63498]
