resources/preprocessed/Interpolated/Lukas_liegestuetzen3_13_10_2020_RightArm.csv:[11596,15076,16911,18791,20911,24621,26991]
resources/preprocessed/Interpolated/Lukas_liegestuetzen3_13_10_2020_Chest.csv:[11596,15016,16821,18801,22256]
resources/preprocessed/Interpolated/Lukas_liegestuetzen3_13_10_2020_Belly.csv:[11606,14146,16821,22261]
resources/preprocessed/Interpolated/Lukas_liegestuetzen2_13_10_2020_RightArm.csv:[36430,38790,41760,45035,46805,49360,51145,52805,57540,59375,61200,63810,66900,71220,73920]
resources/preprocessed/Interpolated/Lukas_liegestuetzen2_13_10_2020_LeftArm.csv:[37155,39460,44435,46075,47725,49405,51130,52840,55050,57565,60065,61855,63715,66885,69920,71800,73985]
resources/preprocessed/Interpolated/Lukas_liegestuetzen2_13_10_2020_Chest.csv:[37075,39465,45080,46760,48420,51135,53455,55970,60000,61830,63680,66910,71245]
resources/preprocessed/Interpolated/Lukas_liegestuetzen2_13_10_2020_Belly.csv:[37145,39520,42600,46115,47785,51165,54450,59370,61150,63695,66910,71190,73955]
resources/preprocessed/Interpolated/Lukas_liegestuetzen1_13_10_2020_Belly.csv:[39590,42115,43960,45705,47455,49190,50940,52815,54720,56625,58400,60385,62290,63965,65985,67750,69685,71610,73355,75065,76825,78565,80460,82625]
resources/preprocessed/Interpolated/Jan_liegestuetzen3_13_10_2020_RightArm.csv:[37685,40590,44880,46980,50215,52020,54060,56290]
resources/preprocessed/Interpolated/Jan_liegestuetzen3_13_10_2020_LeftArm.csv:[34250,36185,39960,44885,47685,50330,52790,54810,56955]
resources/preprocessed/Interpolated/Jan_liegestuetzen3_13_10_2020_Belly.csv:[37085,43375,47090,50960,52670,54700,56995]
resources/preprocessed/Interpolated/Jan_liegestuetzen2_13_10_2020_RightArm.csv:[19381,24151,26126,28156,32376,35336,37436,39216,40851,42581,44506,46266,48876]
resources/preprocessed/Interpolated/Jan_liegestuetzen2_13_10_2020_Chest.csv:[19326,24826,28151,30986,35256,37451,40141,41956,43886,46216,48836]
resources/preprocessed/Interpolated/Jan_liegestuetzen2_13_10_2020_Belly.csv:[19286,24141,28186,30181,32996,36826,38546,40766,42581,44521,46826,49356]
resources/preprocessed/Interpolated/2020-07-02_14.59.59_LeftArm.csv:[74499,76279,77771,79835,81419,83823,86307,88655,91079,93887,96743,98611]
resources/preprocessed/Interpolated/Andre_liegestuetzen2_13_10_2020_Belly.csv:[42801,48616,50286,52136,54496,56281,58101,59891,61731,63726,65726,67861,70096,72591,74321,77356]
resources/preprocessed/Interpolated/Jan_liegestuetzen1_13_10_2020_RightArm.csv:[85545,88260,90835,94120,95875,98200,99910,102240,105865,107665,109820,113710,115435,117655,119375,121945,125820,129525,133360,137050,140845,144640,148505,152665,156555,161060,165180,168595,172425,176140,180655]
resources/preprocessed/Interpolated/2020-07-02_14.59.59_Chest.csv:[74395,76279,79027,81399,83851,86135,88655,91079,93819,96747,98791]
resources/preprocessed/Interpolated/2020-07-02_15.13.22_Belly.csv:[23751,25767,27195,29111,31123,33167,34511,36775,38971,41019,43847,46503,49283,52143,55159,58639,62539,65571]
resources/preprocessed/Interpolated/2020-07-02_15.13.22_RightArm.csv:[24643,26403,27899,30339,32431,34599,36827,39051,41331,43795,46571,49391,52055,55275,58831,62503,63855,65295]
resources/preprocessed/Interpolated/Lukas_liegestuetzen1_13_10_2020_Chest.csv:[39650,42030,43950,45665,47425,50020,51775,53660,55635,57445,59215,61205,62990,64670,66610,68550,70620,73320,75085,76770,78555,80415,82650]
resources/preprocessed/Interpolated/Jan_liegestuetzen1_13_10_2020_Chest.csv:[85650,88225,90365,94175,98120,99770,101980,103745,105875,107515,109780,111415,113740,117690,119350,121795,125670,129430,133155,137090,140760,144510,148400,152540,156460,160800,165125,168420,172170,176075,180610]
resources/preprocessed/Interpolated/2020-07-02_14.20.28_RightArm.csv:[63795,65995,68723,70343,72343,74019,75979,77359,78807,80371,82111,84007]
resources/preprocessed/Interpolated/2020-07-02_14.20.28_Belly.csv:[63755,68891,75207,77939,79331,80895,82631,83999]
resources/preprocessed/Interpolated/2020-07-02_14.14.32_RightArm.csv:[32435,35175,37651,41535,43735,45115,46443,47871,49207,50643,52083,53507,54999,57051,58731,60543,62027,64547]
resources/preprocessed/Interpolated/2020-07-02_15.13.22_LeftArm.csv:[24699,26335,28363,30223,32443,34835,36339,39115,41383,43815,46571,49363,52027,55319,58779,60083,62707,65183]
resources/preprocessed/Interpolated/2020-07-02_14.14.32_Belly.csv:[34627,38379,41007,43743,45103,47823,49227,50651,52039,53475,54919,56447,58155,59971,61951,64411]
resources/preprocessed/Interpolated/2020-07-02_14.59.59_RightArm.csv:[74619,76755,78943,81411,83879,86155,88683,91279,93139,94767,96763,98747]
resources/preprocessed/Interpolated/Jan_liegestuetzen3_13_10_2020_Chest.csv:[36230,39965,44145,47060,50350,52055,54135,56760]
resources/preprocessed/Interpolated/2020-07-02_14.20.28_LeftArm.csv:[64403,68079,70319,72047,74923,77047,78679,80287,82711]
resources/preprocessed/Interpolated/2020-07-02_13.00.09_Belly.csv:[27799,29415,31439,32903,35267,37179,39075,41023,43015,44907,46487,48735,51159,52663,55019,56791,60563,61963]
resources/preprocessed/Interpolated/2020-07-02_14.14.32_LeftArm.csv:[34571,37095,38947,41055,42927,45123,47879,49731,52071,53415,54927,56371,58163,59583,62127,64503]
resources/preprocessed/Interpolated/2020-07-02_11.17.39_Belly.csv:[58795,60731,62327,64171,65759,67435,69115,70879,72855,74587,76219,78059,79807,81871,83715,85631,87755,89151,91043,93211,95623,98119,100719,103415,107139]
resources/preprocessed/Interpolated/Andre_liegestuetzen3_13_10_2020_Chest.csv:[33208,36468,40373,42013,43683,45373,47203,50328,52263,54608,57033,59803,62328,65478]
resources/preprocessed/Interpolated/2020-07-02_11.17.39_Chest.csv:[58963,60763,62351,64135,65711,67467,69131,70867,72871,74499,76279,78095,80043,81859,83903,85707,87763,89175,91019,93219,95603,98095,99479,102275,104035,106915]
resources/preprocessed/Interpolated/Jan_liegestuetzen1_13_10_2020_Belly.csv:[85650,88330,90365,94025,95810,97985,99860,102055,103855,105935,107590,109825,113670,115425,117725,119505,121830,125725,129425,133235,134890,137065,140780,144490,148405,152515,156420,160750,165165,168480,172095,176010,180580]
resources/preprocessed/Interpolated/2020-07-02_11.17.39_LeftArm.csv:[58303,59951,61427,63171,64871,66483,68211,69871,71715,73347,75283,76811,78755,80203,81907,83811,85583,87259,89187,91003,93203,95271,96787,99367,101647,103423,107235]
resources/preprocessed/Interpolated/2020-07-02_14.59.59_Belly.csv:[74427,76215,79023,81347,83811,86159,87995,91115,93779,96731,98767]
resources/preprocessed/Interpolated/Andre_Squats_13_10_2020_LeftArm.csv:[61851,63741,66446,68226,71651,74066,76941,82101,86991,92141,97401,102231,107151,110191,112211,116861,121481,126161,128541,130831,133286,135581,137931,140441,142986,145386,147756,149996,152391,154921,157356,158991]
resources/preprocessed/Interpolated/2020-07-02_14.07.33_Chest.csv:[9633,12217,14861,19253,21429,24193,25541,26885,28313,29805,31197,32677,34085,35561,37085,38553,40265,41949,44065]
resources/preprocessed/Interpolated/2020-07-02_11.17.39_RightArm.csv:[58819,60815,62363,64843,66447,68151,69919,71679,73399,75351,77159,79187,80831,82751,84647,86443,87859,89971,91871,93367,95575,98287,100403,103403,107271]
resources/preprocessed/Interpolated/Andre_liegestuetzen3_13_10_2020_RightArm.csv:[33218,37203,41268,44648,46443,48113,50318,52273,54678,57098,59808,62588]
resources/preprocessed/Interpolated/2020-07-02_12.50.00_LeftArm.csv:[17347,18715,20391,22283,24491,26555,28523,30479,32367,34459,36871,38839,41147,43271,45591,47815,50483,53563,54959,57031,58471,59899,61347,62927]
resources/preprocessed/Interpolated/2020-07-02_14.20.28_Chest.csv:[64411,68895,73543,75259,77367,78811,80343,82131,83995]
resources/preprocessed/Interpolated/2020-07-02_14.07.33_RightArm.csv:[7465,10849,12253,16141,18685,21405,22829,24717,26865,28333,29845,31249,32673,34161,35605,37061,38597,40205,41925,44093]
resources/preprocessed/Interpolated/Lukas_liegestuetzen1_13_10_2020_RightArm.csv:[39635,42020,43920,45680,47390,50020,51770,53770,55640,57455,59385,61245,62910,64860,66820,68535,70620,72370,74010,75715,77580,79455,81100]
resources/preprocessed/Interpolated/2020-07-02_14.07.33_Belly.csv:[9649,14109,17433,20021,21413,23381,25533,27417,28869,30329,31701,33985,35541,37069,38509,40189,41909,43957]
resources/preprocessed/Interpolated/Andre_liegestuetzen1_13_10_2020_RightArm.csv:[18316,20121,22656,25291,29411,32641,36536,39086,41401,43031,45761,48286,51021,52936,54881,56871,59096,62261,64736]
resources/preprocessed/Interpolated/2020-07-02_12.50.00_RightArm.csv:[17315,18695,20559,22359,24599,26399,28655,30523,32383,34559,36699,38899,40415,42295,44019,45519,47031,49459,51959,53635,55579,57051,58731,60639,62947]
resources/preprocessed/Interpolated/Andre_Squats2_13_10_2020_Belly.csv:[49320,51575,53790,56185,58460,60885,63260,65555,67615,70290,72945,74965,78355,81815,85680,88500,91770,94025,98780,101095,102765,105750,109595,112890,116685,119840,122450,125510,130115,134950,139435,144370,149285,151040,153680,158440,163250,166260,168190,171540,173350,178250,183030,186310,188365,193070,196050,198010,200875,202690,207400,212300]
resources/preprocessed/Interpolated/2020-07-02_12.50.00_Chest.csv:[16335,18695,20527,22299,24547,26479,28587,30455,32423,34495,36691,38887,41215,43275,45519,47879,50543,53587,55515,57091,59667,62683]
resources/preprocessed/Interpolated/2020-07-02_13.00.09_Chest.csv:[27779,29431,31379,32987,35103,37147,39115,41319,42995,44891,46527,48751,51147,52595,53927,56775,59663,62067]
resources/preprocessed/Interpolated/2020-07-02_13.00.09_RightArm.csv:[27851,29599,31587,35379,37003,38803,41251,43031,44731,46615,48475,50051,51963,53519,54891,56987,59779,62407]
resources/preprocessed/Interpolated/2020-07-02_15.13.22_Chest.csv:[24687,26463,28355,30235,32435,34587,36759,39007,41051,43831,46459,49383,52087,55299,58623,60131,62507,63879,65283]
resources/preprocessed/Interpolated/Andre_liegestuetzen1_13_10_2020_Belly.csv:[18331,20061,22706,25211,29436,33291,36566,38231,42346,44736,46441,48141,49901,51656,53571,55581,57726,60036,62021,64836]
resources/preprocessed/Interpolated/2020-07-02_15.31.36_Belly.csv:[72387,76143,77963,79975,81299,83211,85435,86911,88731,90111,92287,94599,96899,99191,101575,104051,106735,109343,112079,113975]
resources/preprocessed/Interpolated/Jan_liegestuetzen2_13_10_2020_LeftArm.csv:[18851,22116,25421,28116,32461,36796,38621,42061,43951,46241,48736]
resources/preprocessed/Interpolated/2020-07-02_15.31.36_Chest.csv:[72271,74327,76835,79047,81311,83235,85379,86815,88811,90239,92279,94583,96859,99231,101539,104047,106015,107451,109367,112119,113975]
resources/preprocessed/Interpolated/Andre_Squats_13_10_2020_RightArm.csv:[61841,63701,66346,68031,71631,73796,76931,82151,87061,92051,97321,102216,107181,110231,112111,116831,119891,121521,126131,128491,130786,133331,135581,137971,140426,142941,145306,147741,149966,152476,154931,157256]
resources/preprocessed/Interpolated/2020-07-02_14.14.32_Chest.csv:[34019,37123,38963,41019,43755,45115,47071,48475,49819,51219,52631,54991,56479,58179,60003,61983,64499]
resources/preprocessed/Interpolated/2020-07-02_15.31.36_LeftArm.csv:[72587,74227,76127,78959,81439,83179,85375,86839,88783,90295,92283,94655,96347,99227,101599,104119,105983,107447,109347,112099,113875]
resources/preprocessed/Interpolated/2020-07-02_15.31.36_RightArm.csv:[72899,74443,76627,80515,83231,85391,86839,88787,90319,91879,94595,96851,98807,100235,101543,104035,105887,107483,110979,112895]
resources/preprocessed/Interpolated/Andre_Squats2_13_10_2020_Chest.csv:[49325,51660,53840,56115,58510,60895,63285,65555,67600,70350,72960,75025,78320,81825,85615,88535,91570,93975,95635,98760,101060,102760,105780,109595,112785,116675,119890,122460,125515,130190,134905,139480,144265,149350,151035,153645,158445,163220,166270,168185,171530,173335,178395,183035,186315,188350,193135,196055,198025,200870,202695,207395,212075]
resources/preprocessed/Interpolated/2020-07-02_14.07.33_LeftArm.csv:[8929,10957,14161,17409,19317,21397,22829,24661,26017,27365,28921,30337,31661,33097,34529,36005,37553,39085,40797,42485,44117]
resources/preprocessed/Interpolated/Andre_Squats2_13_10_2020_RightArm.csv:[49255,51655,53785,56125,58510,60890,63170,65525,67445,69145,72945,74875,76525,78240,81790,83430,85225,86935,90725,92755,95650,98535,100420,102815,105425,107180,109165,112675,117025,119835,122060,125615,130290,134855,139335,144200,149025,150985,153710,158470,163205,166315,168210,171580,173315,177240,179500,183010,186365,188085,193180,196130,198005,202480,207380,212055,213995]
resources/preprocessed/Interpolated/Andre_liegestuetzen1_13_10_2020_LeftArm.csv:[18281,19996,22746,25126,29296,32601,39096,40771,43106,45851,47546,49256,50976,52956,54931,56906,59211,62086,64826]
resources/preprocessed/Interpolated/2020-07-02_13.00.09_LeftArm.csv:[27763,29639,31503,33123,35055,37215,38923,40371,42039,44071,46491,48471,50123,51439,53499,54971,57043,59691]
resources/preprocessed/Interpolated/Andre_liegestuetzen3_13_10_2020_LeftArm.csv:[33248,37153,40363,42018,44558,46433,48198,50398,52328,54768,57078,59978,62578]
resources/preprocessed/Interpolated/Lukas_liegestuetzen1_13_10_2020_LeftArm.csv:[39680,42070,43950,46480,48190,49990,51725,53645,55590,57380,60335,62995,64685,66780,68830,70645,73325,75085,76775,78555,80365]
resources/preprocessed/Interpolated/Andre_Squats2_13_10_2020_LeftArm.csv:[49340,51630,53895,56030,58545,60940,63300,65600,67570,70660,72910,74875,78250,81730,83385,85795,88390,90725,93020,95560,98220,100405,102715,105740,109575,112750,116950,118985,120620,125585,130310,133425,136040,139425,144155,149310,150940,153655,156585,158370,160765,163180,165725,168215,171635,173275,177315,179470,181325,183135,186300,187985,190580,193085,196295,197955,200890,202780,207420,209840,212105]
resources/preprocessed/Interpolated/Andre_Squats_13_10_2020_Belly.csv:[63061,66436,71581,74036,76971,82051,87011,92141,97301,102271,107101,112041,116841,121631,126111,128481,130876,133266,135616,138066,140496,143016,145391,147781,150141,152581,155001,157401]
resources/preprocessed/Interpolated/Andre_liegestuetzen2_13_10_2020_Chest.csv:[42866,45286,47791,50381,52101,54556,56281,58076,59951,61731,63726,65651,67791,70066,72591,74251,77251,79476]
resources/preprocessed/Interpolated/Andre_liegestuetzen2_13_10_2020_LeftArm.csv:[42791,46001,49391,52071,55561,57486,59216,60996,63021,64996,67121,69381,71641,74341,77671]
resources/preprocessed/Interpolated/Lukas_liegestuetzen3_13_10_2020_LeftArm.csv:[11766,14086,16806,18791,23156,26431]
resources/preprocessed/Interpolated/Andre_liegestuetzen1_13_10_2020_Chest.csv:[18291,20156,22696,26136,30226,33371,36621,42411,45756,47446,49241,51006,52916,54831,56986,59201,61981,64846]
resources/preprocessed/Interpolated/Andre_liegestuetzen2_13_10_2020_RightArm.csv:[42901,46886,49461,52811,55581,58231,60006,61711,63856,65731,67846,70266,72616,74466,77556]
resources/preprocessed/Interpolated/2020-07-02_12.50.00_Belly.csv:[16363,18691,20527,22375,24503,26479,28571,30491,32383,34519,36799,38903,41259,43471,45559,47879,50547,53503,55427,57099,59667,62715]
resources/preprocessed/Interpolated/Andre_liegestuetzen3_13_10_2020_Belly.csv:[33143,38088,40378,44668,46463,48138,50348,52283,54618,57043,59428,62358]
resources/preprocessed/Interpolated/Andre_Squats_13_10_2020_Chest.csv:[61926,63806,66641,71581,74036,76966,82106,86966,92176,97386,102356,107236,112126,116836,121556,126146,128476,130856,133291,135601,138056,140446,143006,145326,147756,150126,152511,154961,157371]
resources/preprocessed/Interpolated/Jan_liegestuetzen1_13_10_2020_LeftArm.csv:[85640,88160,90710,94160,98060,99755,102175,105830,107680,109750,111435,113710,117705,119380,121780,125830,129705,133095,137030,140730,144395,146055,148355,152510,156505,160740,165065,168505,172140,176010,179440,181605,183765]
