resources/preprocessed/Interpolated/Lukas_liegestuetzen3_13_10_2020_RightArm.csv:[12131,15496,17336,19281,21296,25116]
resources/preprocessed/Interpolated/Lukas_liegestuetzen3_13_10_2020_Chest.csv:[16141,16776,18601,19276,22731,23536]
resources/preprocessed/Interpolated/Lukas_liegestuetzen3_13_10_2020_Belly.csv:[15486,17356,19291,22726,23526]
resources/preprocessed/Interpolated/Lukas_liegestuetzen2_13_10_2020_RightArm.csv:[39200,42255,43050,46480,49910,50685,53260,53965,56405,64210,64865,67375,67985,71675,72225,73995]
resources/preprocessed/Interpolated/Lukas_liegestuetzen2_13_10_2020_LeftArm.csv:[39955,42265,44790,49000,51595,55525,58060,61640,62275,64200,64850,67380,67975,70355,72125]
resources/preprocessed/Interpolated/Lukas_liegestuetzen2_13_10_2020_Chest.csv:[40720,43065,46500,49000,51600,55550,56405,64200,64850,67375,67980,71685,72220]
resources/preprocessed/Interpolated/Lukas_liegestuetzen2_13_10_2020_Belly.csv:[37610,39985,40720,43065,48990,51605,55540,56390,64225,64845,67385,67965,71620,72125]
resources/preprocessed/Interpolated/Lukas_liegestuetzen1_13_10_2020_Chest.csv:[40825,41765,44410,47005,47890,50485,53310,56100,58895,61655,64465,65250,68245,73790,77265,77970,80900]
resources/preprocessed/Interpolated/Lukas_liegestuetzen1_13_10_2020_Belly.csv:[40095,40830,44420,46990,47895,50480,56095,58910,61640,64480,65240,68255,73820,77270,77960,80910]
resources/preprocessed/Interpolated/Jan_liegestuetzen3_13_10_2020_RightArm.csv:[38950,39645,43920,47485,48110,52580]
resources/preprocessed/Interpolated/Jan_liegestuetzen3_13_10_2020_LeftArm.csv:[34000,37495,38125,40425,43295,43925,46080,50840,53205,56870]
resources/preprocessed/Interpolated/Jan_liegestuetzen3_13_10_2020_Belly.csv:[36745,37525,43935,44710,47505,48140,52600]
resources/preprocessed/Interpolated/Jan_liegestuetzen2_13_10_2020_RightArm.csv:[20566,21191,24626,26551,28696,29306,32871,33476,35801,39021,39636,44381,46691,47411]
resources/preprocessed/Interpolated/Jan_liegestuetzen2_13_10_2020_Chest.csv:[20571,21211,25246,25951,28706,29326,31476,35816,36461,45056,46696,47416,49211]
resources/preprocessed/Interpolated/Jan_liegestuetzen2_13_10_2020_Belly.csv:[19806,21936,24626,25246,27286,30721,31466,33486,34291,46656,47391]
resources/preprocessed/Interpolated/Andre_liegestuetzen3_13_10_2020_RightArm.csv:[34433,35208,37683,40888,41718,45878,52783,53763,55103,55988,57653,58363,60308,61213]
resources/preprocessed/Interpolated/2020-07-02_14.20.28_RightArm.csv:[64307,64879,66487,68179,68715,70847,72751,74471,78391,79259,82539,83135]
resources/preprocessed/Interpolated/2020-07-02_14.20.28_Belly.csv:[64303,64867,67055,68783,69311,73363,75727,76383,78411,82519,83131]
resources/preprocessed/Interpolated/2020-07-02_14.14.32_RightArm.csv:[35619,36271,38175,38831,42031,42787,44791,46935,48919,49671,52503,53099,55971,58275,59227,60427,62455,63075]
resources/preprocessed/Interpolated/2020-07-02_15.13.22_LeftArm.csv:[23099,26003,28699,29643,30623,31635,32835,33627,34995,35879,37983,39455,40055,41731,42707,44283,45343,46951,47935,50567,52543,53431,55671,56363,60499,63015,63587]
resources/preprocessed/Interpolated/2020-07-02_14.14.32_Belly.csv:[34487,35051,39475,41431,42079,45551,46219,48267,48923,53103,55987,59207,60379,61027,62367,63063,64807]
resources/preprocessed/Interpolated/2020-07-02_14.59.59_RightArm.csv:[75031,75943,77171,78091,79371,80331,82687,84295,85051,86587,87451,89135,89939,92495,93499,95119,97175,97967,99123]
resources/preprocessed/Interpolated/2020-07-02_14.20.28_Chest.csv:[64883,65447,67087,68783,70451,73379,73963,76395,78427,82535,83163]
resources/preprocessed/Interpolated/2020-07-02_14.07.33_RightArm.csv:[10685,11337,13977,16565,17225,19729,22457,23253,27937,28741,31629,32253,35973,38965,39621,42937]
resources/preprocessed/Interpolated/Lukas_liegestuetzen1_13_10_2020_RightArm.csv:[40105,40785,43560,46985,47875,50475,51425,55170,56110,58875,61665,64420,65270,68235,69120,72045,72820,77245,77980]
resources/preprocessed/Interpolated/2020-07-02_14.07.33_Belly.csv:[10097,10693,14649,15281,17845,18525,21109,21821,23921,24585,26581,30849,33025,35937,36601,39585]
resources/preprocessed/Interpolated/2020-07-02_13.00.09_RightArm.csv:[28163,30035,30771,31903,36535,37411,39251,40431,42443,43483,48927,49943]
resources/preprocessed/Interpolated/Jan_liegestuetzen3_13_10_2020_Chest.csv:[37520,38165,40430,44710,45340,47510,53245]
resources/preprocessed/Interpolated/2020-07-02_14.20.28_LeftArm.csv:[64859,65407,68651,69271,72659,73243,75583,76331,78347,79187,83095,83891]
resources/preprocessed/Interpolated-Revised/Jan_liegestuetzen1_13_10_2020_edited_Belly.csv:[74318,74934,78172,78823,82691,84728,90369,92271,95459,96205,98207,102586,105089,106765,107341]
resources/preprocessed/Interpolated/2020-07-02_12.50.00_LeftArm.csv:[17723,20907,21615,22783,24963,25611,26935,27643,29027,29819,30919,31823,32875,34971,35675,38223,40087,42679,43783,44559,45983,46759]
resources/preprocessed/Interpolated/2020-07-02_13.00.09_Chest.csv:[28927,29887,31759,32655,35455,36439,37467,38523,39451,41575,42471,43447,44539,46999,47979,49151,49999,51523,53003,54335,55335,57227,57995]
resources/preprocessed/Interpolated/2020-07-02_12.50.00_Chest.csv:[17735,18995,19787,21631,22727,24923,25803,26883,27759,28967,29823,30907,31863,32831,33867,34939,37195,38167,39343,40143,41691,42687,43747,44783,45939,46831,48351,49355,50855,51967,53147,54987,56011,57499,58331,60115,61003]
resources/preprocessed/Interpolated-Revised/Jan_liegestuetzen1_13_10_2020_edited_LeftArm.csv:[75574,78772,79473,82041,82666,84718,85319,87852,88537,90364,96200,99118,99738,103192,104553,106780,107351]
resources/preprocessed/Interpolated-Revised/Jan_liegestuetzen1_13_10_2020_edited_RightArm.csv:[75559,76185,79468,80084,82046,86600,89763,90364,92837,93522,95444,96185,99108,99723,103787,105064,106760,107316,109223]
resources/preprocessed/Interpolated/Andre_Squats2_13_10_2020_Belly.csv:[49725,50435,54275,54950,56555,57240,58940,59640,61315,62005,63675,64380,67960,69505,70705,73365,75450,76820,78830,80325,82260,83735,87310,88965,94435,96080,99170,101525,103215,106105,110020,113300,117130,120265,122790,125985,127535,130675,132035,135400,136455,139870,141070,144720,145825,149670,151445,154130,155425,158910,160000,163605,164955,168670,169810,173870,175090,178645,179930,183470,184905,188700,189915,193520,196530,198365,201280,203120,204380,207790,209215,212610,213995]
resources/preprocessed/Interpolated/2020-07-02_13.00.09_Belly.csv:[28907,29859,30787,32659,34547,35583,36447,37515,38555,39427,41411,42451,43443,44519,46999,47911,49135,49991,51599,53115,54163,55427,57215,57971]
resources/preprocessed/Interpolated/2020-07-02_14.14.32_LeftArm.csv:[35587,37531,39415,41423,43367,44131,48263,50271,54423,57639,60995,62467,63067]
resources/preprocessed/Interpolated-Revised/Jan_liegestuetzen1_13_10_2020_edited_Chest.csv:[74318,74934,79478,80099,82056,82691,84728,85349,87281,87887,89778,90389,93532,95484,96205,99133,99753,103197,106780,107351,109268]
resources/preprocessed/Interpolated/2020-07-02_11.17.39_Belly.csv:[59211,60023,61923,62779,66195,68647,69539,73167,73871,76619,79331,80311,81215,82239,83119,84111,85071,85991,86923,88087,88911,90419,91427,92275,93643,94679,96067,97163,98567,99459,101195,102391]
resources/preprocessed/Interpolated/Andre_liegestuetzen3_13_10_2020_Chest.csv:[33623,34433,39263,41718,48563,52793,53758,55978,57478,58348,60233,61223,62908,63933]
resources/preprocessed/Interpolated/2020-07-02_11.17.39_Chest.csv:[58387,61931,62799,66195,68667,71363,73175,73907,75763,76671,80375,81219,82275,83127,86043,86899,90431,91447,92387,93619,94671,96095,97223,98539,99487,101151,102639,103875,104579,108139]
resources/preprocessed/Interpolated/2020-07-02_11.17.39_LeftArm.csv:[58227,60523,63571,64507,66903,68687,71375,73791,75779,76603,80527,83155,84131,86023,86811,90491,91447,92507,93615,94731,95987,100795,102075,103831,104563]
resources/preprocessed/Interpolated/2020-07-02_14.59.59_Belly.csv:[74871,76023,76995,79403,80263,81779,82671,84235,85023,86575,87403,88419,89883,91503,92415,94223,95015,97143,97935,99131]
resources/preprocessed/Interpolated/Andre_Squats_13_10_2020_LeftArm.csv:[63491,64186,67041,68876,73386,74456,77421,78726,82501,83801,87546,88786,92546,93741,97766,98981,102691,105511,107656,108741,112601,113701,117291,118406,121916,123141,126521,127281,128906,129661,131221,132046,133676,134406,136016,136781,138406,139126,140871,141606,143371,144116,145741,146431,148161,148891,150446,151206,152881,153621,155366,156021,157756,158536]
resources/preprocessed/Interpolated/2020-07-02_14.07.33_Chest.csv:[10101,10717,12645,15289,15945,17845,19797,20465,22489,24609,27321,30885,31625,35149,35973,38085,42969]
resources/preprocessed/Interpolated/2020-07-02_11.17.39_RightArm.csv:[59955,62851,63583,66199,66939,69555,71383,73827,74919,77615,80415,81255,83111,84123,86187,86887,88119,88795,90379,91491,92387,93679,94691,95963,97227,98611,99695,100791,102015,103875,104647]
resources/preprocessed/Interpolated/2020-07-02_14.59.59_Chest.csv:[74863,75971,76963,79415,80323,81779,82683,84271,85039,86591,87471,89059,89907,91531,92455,94251,95139,97151,97955,99199]
resources/preprocessed/Interpolated/2020-07-02_14.59.59_LeftArm.csv:[74923,75771,78151,80263,81179,82687,84263,85051,87431,89079,89903,91575,92443,94279,95095,97179,97959]
resources/preprocessed/Interpolated/2020-07-02_12.50.00_RightArm.csv:[16043,21651,22783,24959,25615,26935,27759,28999,29791,30919,31955,32875,33847,34975,35731,37175,38187,39379,40119,42763,43763,44935,45971,46787]
resources/preprocessed/Interpolated/Andre_liegestuetzen1_13_10_2020_RightArm.csv:[19611,20551,23141,23981,26506,30631,31401,34621,37071,37886,41891,44456,48686,49676,57411,60576,65411,66281]
resources/preprocessed/Interpolated/Andre_liegestuetzen2_13_10_2020_Belly.csv:[43316,44071,49901,50766,53256,58611,61446,65321,70586,72151,73111,74816,75871,77846,79181]
resources/preprocessed/Interpolated/2020-07-02_15.13.22_Belly.csv:[26875,27683,28707,29559,30675,31603,32827,33619,34895,35731,37199,38027,39427,40067,41635,42635,44255,44887,46891,47539,49731,50527,52551,53351,55587,56371,59103,59815]
resources/preprocessed/Interpolated/2020-07-02_15.13.22_RightArm.csv:[23003,25991,28415,29523,30759,31607,32859,33659,35051,35807,37227,38115,39455,40303,41719,42711,44291,45339,46943,47575,49783,50567,52547,53499,55675,56803,60443,63059]
resources/preprocessed/Interpolated/2020-07-02_15.13.22_Chest.csv:[26891,27691,28727,29559,30691,31651,32819,33659,34979,35827,37203,37931,39439,40251,41651,42711,44267,44911,46907,47563,49763,50559,52551,53383,55647,56411,59163,60471,64291]
resources/preprocessed/Interpolated/Andre_liegestuetzen1_13_10_2020_Belly.csv:[19651,20566,23146,25691,26516,30636,31416,33791,34616,37061,37896,41891,46931,51386,60561,62501,63536,65361,66266]
resources/preprocessed/Interpolated/2020-07-02_15.31.36_Belly.csv:[72847,89203,90575,91419,92715,93627,94987,95835,97247,98095,99607,100439,101919,102771,104459,105295,107131,107907,109779,110579,112543,113279]
resources/preprocessed/Interpolated/Jan_liegestuetzen2_13_10_2020_LeftArm.csv:[20541,21156,23271,25946,26566,28691,29301,32891,33496,40676,44446,45051,46716,47416]
resources/preprocessed/Interpolated/2020-07-02_15.31.36_Chest.csv:[72499,88419,89263,90627,91511,92731,93623,94987,95875,97251,98111,99631,100503,101967,102859,104531,105379,106435,107903,109191,110623,112571,113355]
resources/preprocessed/Interpolated/Andre_Squats_13_10_2020_RightArm.csv:[63476,64171,66831,68461,73466,74321,77416,78711,82576,83741,87386,88856,92541,93716,97746,98931,102686,103946,107621,108766,112526,113671,117291,118376,121956,123116,126521,127316,128901,129661,131241,132066,133671,134421,136011,136811,138406,139181,140871,141646,143376,144146,145741,146431,148151,148911,150451,151236,152891,153656,155361,156036,157756,158551]
resources/preprocessed/Interpolated/2020-07-02_14.14.32_Chest.csv:[34491,35063,36923,39495,41451,42099,44859,45583,48963,49671,53151,56035,59279,60423,61083,62443,63135,64879]
resources/preprocessed/Interpolated/2020-07-02_15.31.36_LeftArm.csv:[72559,91467,92771,93635,95147,95831,98159,99155,100423,102023,102911,104511,107875,109815,110571,112587,113395]
resources/preprocessed/Interpolated/2020-07-02_15.31.36_RightArm.csv:[72615,91495,92347,93559,94975,95827,97235,98103,100583,101999,102927,105459,106315,108007,109191,111327,112615,113339]
resources/preprocessed/Interpolated/Andre_Squats2_13_10_2020_Chest.csv:[49730,50435,54275,54945,56555,57240,58950,59640,61320,62005,63680,64380,67950,69470,70760,73330,75455,76825,78810,80270,82260,83740,86085,87330,88980,94465,96070,99160,101550,103210,106175,110030,113240,117125,120255,122840,126010,127515,130685,131990,135375,136455,139895,141095,144710,145840,149715,150800,154135,155425,158915,160010,163650,164960,168670,169860,173875,175125,178655,179945,183485,184920,188685,189945,193520,196525,198370,201280,203080,204390,207785,209230,212570,213995]
resources/preprocessed/Interpolated/2020-07-02_14.07.33_LeftArm.csv:[12033,12641,14605,15277,17817,19765,23261,23921,27273,27925,30185,30825,33585,34441,36573,38933,39569,42329,42877]
resources/preprocessed/Interpolated/Andre_Squats2_13_10_2020_RightArm.csv:[49710,50435,52765,54260,54940,56545,57250,58930,59640,61305,62030,63665,64440,67965,69625,70795,73395,75410,77040,78670,80260,82240,83910,86035,87345,88850,91180,93085,94400,96100,97975,103265,105970,109955,113155,117150,120175,122525,126075,127385,130610,131905,135330,136350,139845,141090,144640,145815,149455,151470,154130,155480,158935,159975,163520,164550,168670,169805,173800,175095,178555,179925,183480,184910,188565,189940,193535,194760,198350,199900,202955,204415,207805,209435,212535,213995]
resources/preprocessed/Interpolated/Andre_liegestuetzen1_13_10_2020_LeftArm.csv:[19606,20516,23141,25661,26516,30621,33046,33791,37056,41151,41891,44471,47881,60551,66266]
resources/preprocessed/Interpolated/2020-07-02_13.00.09_LeftArm.csv:[28743,30023,30703,32799,33619,36475,37587,38739,39527,41531,42515,43463,48911,50539,53011,53931]
resources/preprocessed/Interpolated/Andre_liegestuetzen3_13_10_2020_LeftArm.csv:[33633,34428,38498,39258,45083,45853,48588,51678,52803,55133,55993,57648,58363,60353,61238]
resources/preprocessed/Interpolated/Lukas_liegestuetzen1_13_10_2020_LeftArm.csv:[40110,42540,46985,47855,50445,51430,55205,57880,60795,61655,64430,65235,68240,72045,77245,77975,80905]
resources/preprocessed/Interpolated/Andre_Squats2_13_10_2020_LeftArm.csv:[49735,50435,52735,54275,54960,56555,58955,59630,61315,62020,63675,64410,68005,69610,71185,73345,75385,76935,78790,80275,82180,83890,86170,87285,88765,91240,93415,94385,96050,98230,103200,106120,109970,113140,117260,120175,122525,126060,127335,130690,131985,135310,136385,139835,141070,144690,145765,149635,151410,154125,156970,158855,159845,163630,164900,168695,169805,173755,175195,178570,179935,183470,186770,188535,189900,193480,196715,198300,199850,203180,204380,207760,209270,212640,213995]
resources/preprocessed/Interpolated/Andre_Squats_13_10_2020_Belly.csv:[63491,64226,67031,68351,73456,74416,77466,78781,82516,83826,87411,88811,92581,93861,97766,99031,102721,103981,107621,108811,112561,113781,117286,118491,121981,123106,126531,127221,128911,129616,131251,131986,133681,134371,136021,136746,138426,139136,140886,141596,143401,144116,145761,146461,148201,148881,150486,151201,152901,153646,155391,156061,157786,158536]
resources/preprocessed/Interpolated/Andre_Squats_13_10_2020_Chest.csv:[63491,64231,67036,68296,73471,74401,77511,78776,82571,83821,87476,88811,92581,93816,97806,99031,102751,103981,107656,108811,112586,113791,117306,118516,121991,123151,126536,127246,128906,129621,131256,132001,133686,134391,136026,136766,138426,139141,140891,141611,143396,144121,145751,146466,148176,148876,150476,151211,152906,153651,155376,156051,157771,158536]
resources/preprocessed/Interpolated/Andre_liegestuetzen2_13_10_2020_Chest.csv:[43316,44061,46526,49911,50761,53266,58621,61451,62256,65326,70596,72161,73106,74821,75871,77706,79206]
resources/preprocessed/Interpolated/Andre_liegestuetzen2_13_10_2020_LeftArm.csv:[43306,44051,46511,49901,50756,53266,55976,58621,61466,69761,70596,72226,73136,74891,75881]
resources/preprocessed/Interpolated/Lukas_liegestuetzen3_13_10_2020_LeftArm.csv:[12156,15481,17351,19251,21241,23556]
resources/preprocessed/Interpolated/Andre_liegestuetzen1_13_10_2020_Chest.csv:[19651,20556,23146,23981,26526,27316,30641,31431,33806,34621,37071,37911,42811,43566,48656,62511,63546,65341,66256]
resources/preprocessed/Interpolated/Andre_liegestuetzen2_13_10_2020_RightArm.csv:[43311,44046,49911,50751,53261,58621,59586,64276,67526,70616,72286,73121,74951,75881]
resources/preprocessed/Interpolated/2020-07-02_12.50.00_Belly.csv:[17743,19787,20863,21631,22755,24911,25803,26879,27751,29007,29831,30903,31855,32847,33875,34927,35775,37207,38179,39347,40151,41687,42687,43759,44783,45911,46847,48351,49423,50847,52039,53127,55031,55979,57503,58331,60107,60987]
resources/preprocessed/Interpolated/Andre_liegestuetzen3_13_10_2020_Belly.csv:[33623,34438,39253,40098,42463,45853,48558,52803,53758,55978,57458,58333,60148,61248,62883,63933]
