resources/preprocessed/Interpolated/Lukas_liegestuetzen3_13_10_2020_RightArm.csv:[11786,14726,18711,19986,21791,24331,28756]
resources/preprocessed/Interpolated/Lukas_liegestuetzen3_13_10_2020_Chest.csv:[11746,13196,14716,18871,20281,21676,24391,26256,28646]
resources/preprocessed/Interpolated/Lukas_liegestuetzen3_13_10_2020_Belly.csv:[13521,15446,19081,21386,22851,24351,25661,27846]
resources/preprocessed/Interpolated/Lukas_liegestuetzen2_13_10_2020_RightArm.csv:[36540,39130,40710,42265,43865,45645,47305,49050,50775,52370,54040,55705,58885,61355,63830,66405,69885,71375,73910]
resources/preprocessed/Interpolated/Lukas_liegestuetzen2_13_10_2020_LeftArm.csv:[36565,39175,40770,42315,43925,45645,47360,49070,50765,52420,54095,55710,57290,59015,60680,63845,66445,69880,71310,73510]
resources/preprocessed/Interpolated/Lukas_liegestuetzen2_13_10_2020_Chest.csv:[36570,39195,40775,42780,44290,46230,48780,50700,52880,55830,61000,64715,66730,68070,70035,72770,73995]
resources/preprocessed/Interpolated/Lukas_liegestuetzen2_13_10_2020_Belly.csv:[36820,39285,41270,43920,45575,49235,52400,57255,58995,60990,63485,66820,69040,72895]
resources/preprocessed/Interpolated/Lukas_liegestuetzen1_13_10_2020_Belly.csv:[38710,41815,44220,45685,47080,49220,51195,54555,56765,58650,60155,64235,66320,68160,73685,75260,76845,80115,82115,83995]
resources/preprocessed/Interpolated/Jan_liegestuetzen3_13_10_2020_RightArm.csv:[34230,38330,39775,41215,42625,44110,45475,46850,48370,50000,51740,53590,55625]
resources/preprocessed/Interpolated/Jan_liegestuetzen3_13_10_2020_LeftArm.csv:[34865,36885,38340,39800,41200,42605,44065,45470,46865,48365,50015,51770,53600,55550]
resources/preprocessed/Interpolated/Jan_liegestuetzen3_13_10_2020_Belly.csv:[34000,37070,38525,41380,42925,45695,47130,48675,50505,52185,54120,56445]
resources/preprocessed/Interpolated/Jan_liegestuetzen2_13_10_2020_RightArm.csv:[17041,21321,22666,24046,25386,26716,28086,29526,30866,32306,33756,35166,36691,38216,39951,41641,43461,45526,47676,50781]
resources/preprocessed/Interpolated/Jan_liegestuetzen2_13_10_2020_Chest.csv:[16996,19931,21311,22721,24041,25376,26736,28116,29446,30901,32291,33801,35121,36691,38191,40031,41666,43531,45661,47716,50571]
resources/preprocessed/Interpolated/Jan_liegestuetzen2_13_10_2020_Belly.csv:[16996,20126,21536,22871,24231,25651,26986,28311,29706,31091,32506,33936,35466,36956,38656,40281,42076,43896,46051,48711,50271]
resources/preprocessed/Interpolated/2020-07-02_14.59.59_LeftArm.csv:[74495,76959,78115,79239,81575,84007,85187,86375,87535,88775,91307,92503,93959,95147,96783,99767]
resources/preprocessed/Interpolated/Andre_liegestuetzen2_13_10_2020_Belly.csv:[39996,43331,44871,46471,48241,49916,51586,53271,55046,56801,58611,60391,62136,64121,66131,69641,71826,73126,75926,77501,79006]
resources/preprocessed/Interpolated/Jan_liegestuetzen1_13_10_2020_RightArm.csv:[84900,88860,92575,96465,100720,104305,108180,112075,116110,119985,122305,123860,127810,131705,135505,139290,142865,146775,150560,154610,158670,163030,166905,170290,173955,177820,179635,182415,183860]
resources/preprocessed/Interpolated/2020-07-02_14.59.59_Chest.csv:[74779,77079,78187,81635,84079,85339,86411,87931,88959,91363,94015,97011,98799,99995]
resources/preprocessed/Interpolated/2020-07-02_15.13.22_Belly.csv:[23219,25111,26895,28619,29647,30711,32699,37019,39267,41659,44063,45171,46727,49511,52303,55351,58835,60095,62527,63815,65523]
resources/preprocessed/Interpolated/2020-07-02_15.13.22_RightArm.csv:[23251,27847,29659,31647,32671,34751,36975,39251,40387,41535,42707,44047,45259,46691,47891,49455,50663,52251,53487,55291,56679,58771,60195,62567,64083,66095]
resources/preprocessed/Interpolated/Lukas_liegestuetzen1_13_10_2020_Chest.csv:[38700,41730,43350,45300,47005,48700,50565,52400,54570,56065,57970,59880,63460,65360,68855,71065,72775,75175,78715,81605,83965]
resources/preprocessed/Interpolated/Jan_liegestuetzen1_13_10_2020_Chest.csv:[84900,88690,91955,97325,99875,104420,108180,112080,115980,119730,121590,124430,128675,131925,135470,139395,143045,146830,150475,152030,154510,158620,162860,166870,170345,174345,177610,179825,183325]
resources/preprocessed/Interpolated/2020-07-02_14.20.28_RightArm.csv:[62035,65431,66539,67695,68811,69939,71119,72255,73427,74619,75847,77155,78607,80311,81591,83819]
resources/preprocessed/Interpolated/2020-07-02_14.20.28_Belly.csv:[61995,64131,66439,68655,71247,73223,74579,77339,80411,82087,84007]
resources/preprocessed/Interpolated/2020-07-02_14.14.32_RightArm.csv:[32003,35647,36903,38195,39475,40775,42127,43479,44887,46279,47599,49011,50403,51847,53291,54775,56235,57967,59595,61391,63447]
resources/preprocessed/Interpolated/2020-07-02_15.13.22_LeftArm.csv:[23267,26763,28615,30623,32679,34779,37011,38183,39271,41555,42663,44039,45271,46691,47831,49479,50631,52223,53443,55243,56659,58711,60159,62483,64079,66095]
resources/preprocessed/Interpolated/2020-07-02_14.14.32_Belly.csv:[32003,34271,36239,37511,38747,41343,42659,44067,45323,47475,49475,50851,52279,53719,56659,58115,59975,61607,64059]
resources/preprocessed/Interpolated/2020-07-02_14.59.59_RightArm.csv:[74515,76943,78111,79259,80375,81591,84031,85231,86391,87591,88791,90027,91315,92535,93975,95207,96811,97963,99695]
resources/preprocessed/Interpolated/Jan_liegestuetzen3_13_10_2020_Chest.csv:[34900,36855,38275,39795,41180,42645,44115,45480,46890,48395,50100,51790,53575,55710]
resources/preprocessed/Interpolated/2020-07-02_14.20.28_LeftArm.csv:[61995,63311,66527,67703,68807,69951,71107,72263,73419,74603,75835,77139,78563,80091,81515,83431]
resources/preprocessed/Interpolated/2020-07-02_13.00.09_Belly.csv:[27859,31751,33695,35567,38895,41611,44691,45819,49127,51595,52827,54379,57175,59491,61803]
resources/preprocessed/Interpolated/2020-07-02_14.14.32_LeftArm.csv:[32315,35651,36879,38179,39463,40771,42131,43463,44871,46255,47579,48967,50379,51799,53207,54699,56139,57891,59527,61299,63399]
resources/preprocessed/Interpolated/2020-07-02_11.17.39_Belly.csv:[58971,61051,64439,67127,68679,70583,72315,74063,75879,77703,79475,81443,85139,87099,89303,90603,92527,93727,96083,97459,98643,99903,101211,102631,107343]
resources/preprocessed/Interpolated/Andre_liegestuetzen3_13_10_2020_Chest.csv:[31423,36533,38043,40978,42423,44178,45848,47858,50148,51733,54393,56683,58293,61118,63668]
resources/preprocessed/Interpolated/2020-07-02_11.17.39_Chest.csv:[58227,59595,61023,62691,65403,68587,69587,71391,73811,74911,78527,79535,81159,82283,84143,86755,88051,90547,93631,94807,95911,97199,98515,99803,102367,105139,106615]
resources/preprocessed/Interpolated/Jan_liegestuetzen1_13_10_2020_Belly.csv:[84955,87145,92205,96200,97905,100295,102100,105110,107905,111915,115840,119815,121305,125365,129105,131580,135310,136630,139090,142660,144195,146595,147995,150400,151805,154410,155985,158340,160000,162860,164940,168240,170250,171705,173765,175305,177590,179895,183995]
resources/preprocessed/Interpolated/2020-07-02_11.17.39_LeftArm.csv:[58227,59295,61059,62763,64499,66183,67879,69527,71323,73099,74911,76719,78511,80367,82247,84127,86075,87991,89359,90487,92507,94787,97239,99767,102371,105007,106531]
resources/preprocessed/Interpolated/2020-07-02_14.59.59_Belly.csv:[74871,76999,79271,81571,84087,86419,88583,91315,93935,96831,99995]
resources/preprocessed/Interpolated/Andre_Squats_13_10_2020_LeftArm.csv:[60996,63436,66186,68831,71586,74236,77146,79596,82371,84571,86576,89376,92361,94816,96756,102521,104686,107226,112021,114501,117091,119241,121646,123896,126271,128686,131131,133486,135871,138251,140716,143236,145621,148001,150371,152796,155256,157651]
resources/preprocessed/Interpolated/2020-07-02_14.07.33_Chest.csv:[7473,9933,11241,12533,13757,15029,16521,17569,19089,20337,21633,23169,24509,25845,26849,28665,30133,31485,36633,38517,39777,41909,43781]
resources/preprocessed/Interpolated/2020-07-02_11.17.39_RightArm.csv:[58227,59311,61071,62807,64471,66171,67863,69531,71319,73083,74883,76695,78491,80367,82227,84119,86071,88043,89367,90459,92495,94763,97223,99775,102371,104983,106335]
resources/preprocessed/Interpolated/Andre_liegestuetzen3_13_10_2020_RightArm.csv:[31453,34418,36078,37698,39328,40883,42483,44233,45918,47703,49473,51723,53783,56018,58438,59908,61223,62688,64008,65498]
resources/preprocessed/Interpolated/2020-07-02_12.50.00_LeftArm.csv:[16271,18851,20799,22699,23795,24895,26927,28943,30987,32955,35011,36083,37231,39367,40535,41743,43831,46023,47179,48439,49687,50955,52199,53599,55059,56315,58767,61455,62995]
resources/preprocessed/Interpolated/2020-07-02_14.20.28_Chest.csv:[61995,64791,66339,67543,69351,70359,71511,72691,73835,75127,76251,77679,79239,80663,82043,84007]
resources/preprocessed/Interpolated/2020-07-02_14.07.33_RightArm.csv:[7209,10749,12009,13321,14629,15933,17297,18537,19813,21177,22561,23985,25325,26669,28093,29513,30973,32405,33861,35313,36777,38289,39885,41605,43625]
resources/preprocessed/Interpolated/Lukas_liegestuetzen1_13_10_2020_RightArm.csv:[38000,41670,43500,45270,47070,48770,50515,52335,54235,56150,57995,59865,61695,63535,66260,69115,71105,72915,74715,76390,78100,79935,83995]
resources/preprocessed/Interpolated/2020-07-02_14.07.33_Belly.csv:[7197,9965,11405,13713,15097,17585,20361,21717,23137,24421,25761,27137,28513,30037,31381,32609,33869,35565,38537,40105,41425,43741]
resources/preprocessed/Interpolated/Andre_liegestuetzen1_13_10_2020_RightArm.csv:[16996,20591,22351,24001,25731,27401,29116,30711,32241,33876,35481,37096,38806,40316,41976,43616,45231,46991,48631,50461,52251,54166,56146,58336,60566,62271,66376]
resources/preprocessed/Interpolated/2020-07-02_12.50.00_RightArm.csv:[16451,18851,20779,22695,23783,24879,26907,28923,30991,32907,34999,36095,37215,39351,40555,41739,43835,46015,47187,48423,49683,50947,52195,53607,55055,56319,58775,61463]
resources/preprocessed/Interpolated/Andre_Squats2_13_10_2020_Belly.csv:[48045,50745,53055,55235,57650,60040,62405,69210,72060,76720,80255,83455,87550,90525,94765,97315,102010,104220,106670,108715,111645,113780,115920,118680,123605,125500,128340,130240,132770,135180,137245,139715,141980,144205,146870,149450,151620,153150,156275,158800,161200,163535,165830,168215,170625,173460,175990,180860,183465,185860,188545,190830,193200,195760,197635,199680,203340,205020,207510,209925,212310]
resources/preprocessed/Interpolated/2020-07-02_12.50.00_Chest.csv:[16271,21139,23891,25067,27287,29283,31515,33403,36195,37667,40783,42159,44031,45047,46087,47379,48503,49863,51139,52283,53531,55179,56315,58783,61451]
resources/preprocessed/Interpolated/2020-07-02_13.00.09_Chest.csv:[27851,29775,31811,33707,35635,37627,39543,41639,42911,45867,47267,50383,51755,52931,54555,55671,58627,60467,62411]
resources/preprocessed/Interpolated/2020-07-02_13.00.09_RightArm.csv:[27927,29939,31767,33671,35559,37455,39435,41547,43531,45739,48103,50327,52883,54291,55611,57095,58567,60503,62411]
resources/preprocessed/Interpolated/2020-07-02_15.13.22_Chest.csv:[23135,26795,28555,30491,32603,34507,37003,39163,41471,43931,45171,46619,47735,49515,52223,55475,58839,61443,62667,63999,65367]
resources/preprocessed/Interpolated/Andre_liegestuetzen1_13_10_2020_Belly.csv:[16996,20641,22431,24011,25811,27466,30731,33856,35491,37226,38676,40366,42016,43581,45361,46986,48661,50461,52276,54031,56186,58491,60471,63406,66386]
resources/preprocessed/Interpolated/2020-07-02_15.31.36_Belly.csv:[72271,73759,75231,77947,78987,80719,83187,85555,86915,88303,91407,92559,94815,96035,99387,101751,104283,106787,109579,112375]
resources/preprocessed/Interpolated/Jan_liegestuetzen2_13_10_2020_LeftArm.csv:[17671,21306,22681,23991,25341,26671,28071,29496,30851,32256,33696,35111,36681,38261,39981,41681,43536,45551,47621,49736]
resources/preprocessed/Interpolated/2020-07-02_15.31.36_Chest.csv:[72271,73799,75303,77719,81695,83055,84663,86807,88139,90131,92547,94791,97119,99327,101631,104303,106823,109499,111559]
resources/preprocessed/Interpolated/Andre_Squats_13_10_2020_RightArm.csv:[60996,63416,66506,68931,71646,74286,76731,79626,82296,84536,86716,89401,92266,94891,97586,99766,102541,104641,106806,109806,111731,114501,117066,119311,121571,123906,126206,128691,131156,133491,135871,138241,140736,143236,145646,148016,150376,152796,155236,157656]
resources/preprocessed/Interpolated/2020-07-02_14.14.32_Chest.csv:[32495,34307,36267,37527,38775,40059,41387,42727,44075,45471,47415,49635,52399,54467,56143,59643,61811,63731]
resources/preprocessed/Interpolated/2020-07-02_15.31.36_LeftArm.csv:[72271,73739,75211,77663,79155,81395,83023,85303,86839,88263,90407,92603,94855,97079,98171,99415,101763,102939,104299,105383,106839,109531,110779,112255]
resources/preprocessed/Interpolated/2020-07-02_15.31.36_RightArm.csv:[72271,73703,76275,77807,79007,81303,82991,85387,86855,88243,90399,91511,92619,93703,94831,95951,97027,98211,99411,100479,101775,102955,104283,105479,106851,108103,109535,110787,112255,113475]
resources/preprocessed/Interpolated/Andre_Squats2_13_10_2020_Chest.csv:[47500,51925,54170,56445,58835,61180,63565,66005,69210,72730,76850,80190,83420,87320,90340,94570,97340,101600,104285,107150,109435,111045,113080,116030,118670,123570,125385,128310,130300,132720,135070,137270,139795,141985,144455,146895,149295,154085,156360,158270,160970,163180,165780,168185,170715,173815,175935,178845,180890,183005,185860,188050,190885,193510,195685,198295,203145,205045,207830,209960,212595]
resources/preprocessed/Interpolated/2020-07-02_14.07.33_LeftArm.csv:[7173,10785,11993,13329,14633,15941,17285,18545,19813,21185,22569,23989,25309,26673,28085,29473,30961,32373,33805,35261,36737,38233,39841,41509,43417]
resources/preprocessed/Interpolated/Andre_Squats2_13_10_2020_RightArm.csv:[47500,54160,56425,58780,61180,63545,66005,68995,72920,76420,80050,83405,87055,90455,94405,97460,100845,105055,108040,109925,112145,115050,117685,119270,121415,122760,125365,127505,130145,132590,134990,137290,139515,141895,144360,146755,149330,151450,153815,156245,158550,161160,163575,165875,168260,170780,173700,175940,178560,180800,183250,185795,188285,190740,193170,195540,197840,199680,202475,205060,207405,209885,212370,213965]
resources/preprocessed/Interpolated/Andre_liegestuetzen1_13_10_2020_LeftArm.csv:[16996,20621,22331,23986,25741,27351,29106,30701,32246,33826,35466,37106,38746,40321,41956,43661,45296,47026,48721,50511,52276,54216,56171,58386,60601,62291,63571,66366]
resources/preprocessed/Interpolated/2020-07-02_13.00.09_LeftArm.csv:[27947,29991,31795,33663,35567,37519,39471,41551,43575,45767,48131,50363,52935,54311,55627,57127,58595,60495,62411]
resources/preprocessed/Interpolated/Andre_liegestuetzen3_13_10_2020_LeftArm.csv:[31493,34408,36068,37703,39343,40933,42513,44233,45928,47703,49518,51698,53803,56028,59923,64083]
resources/preprocessed/Interpolated/Lukas_liegestuetzen1_13_10_2020_LeftArm.csv:[38000,41700,43510,45280,47050,48770,50540,52365,54240,56160,58030,59855,61685,63545,66250,69175,71150,72950,74730,76445,78155,79945,81870,83995]
resources/preprocessed/Interpolated/Andre_Squats2_13_10_2020_LeftArm.csv:[47500,49585,51900,54165,56420,58810,61165,63540,65890,69125,72790,76390,80055,83405,87110,90435,94375,97605,101055,104435,108065,113650,115290,117790,119725,121455,125335,127890,130085,132630,134955,137215,139625,141910,144360,146780,149295,151390,153930,156380,158320,161210,163010,165705,168465,170695,173330,175805,178720,180755,183290,185760,188495,190420,193215,195525,197975,199770,202545,204800,207415,209860,212520,213995]
resources/preprocessed/Interpolated/Andre_Squats_13_10_2020_Belly.csv:[60996,63491,66666,68941,71981,74561,77596,79556,82591,84626,86186,87606,89606,92521,94666,97491,99706,102626,104866,107561,109706,112171,114616,117096,119436,122066,124006,125566,127651,129986,132451,134751,137141,139551,142041,144466,146936,149201,151596,154121,156501,158956]
resources/preprocessed/Interpolated/Andre_liegestuetzen2_13_10_2020_Chest.csv:[39996,41561,43321,44891,48376,51596,53321,55046,56721,60426,64716,69166,71861,74101,75751,78596]
resources/preprocessed/Interpolated/Andre_liegestuetzen2_13_10_2020_LeftArm.csv:[39996,41606,43336,44901,46531,48261,49976,51586,53316,55061,56846,58686,60471,62316,64306,66291,68436,70646,73121,75836,77671,79101]
resources/preprocessed/Interpolated/Lukas_liegestuetzen3_13_10_2020_LeftArm.csv:[11736,14771,16236,18746,20046,21551,22996,24486,26206,28796]
resources/preprocessed/Interpolated/Andre_liegestuetzen1_13_10_2020_Chest.csv:[16996,20676,22356,24006,25821,27446,29141,30846,32341,33886,35531,37161,38811,40416,42021,43656,45326,47016,48701,50471,52281,54201,56166,58366,60541,63571,66361]
resources/preprocessed/Interpolated/Andre_liegestuetzen2_13_10_2020_RightArm.csv:[39996,43311,44901,46541,48301,49961,51601,53301,55066,56776,58676,60436,62311,64251,66326,68431,70656,73166,75851,77631,79081]
resources/preprocessed/Interpolated/2020-07-02_12.50.00_Belly.csv:[17007,18575,20463,21819,23827,25971,27875,29979,31943,33959,36091,38331,40611,42755,44935,47155,49707,50967,52179,53459,55087,56487,60263,62995]
resources/preprocessed/Interpolated/Andre_liegestuetzen3_13_10_2020_Belly.csv:[30998,34343,36088,37568,39063,40713,42408,44233,45823,47623,49458,51698,53743,55953,58283,60258,63828]
resources/preprocessed/Interpolated/Andre_Squats_13_10_2020_Chest.csv:[60996,63441,66626,68911,71636,74366,77441,79681,82446,84696,86391,89756,92481,94746,97661,99851,101551,104801,107511,109801,111876,114626,117331,119346,121951,123996,126256,128821,131181,132501,135946,138336,140801,143296,145691,148046,150391,152821,155271,157696]
resources/preprocessed/Interpolated/Jan_liegestuetzen1_13_10_2020_LeftArm.csv:[84915,88890,92565,96520,100495,104320,108070,111980,116010,119830,123775,127690,131540,135225,139065,142880,146820,151330,154435,158515,163030,166735,170120,174605,177660,179780,183215]
