resources/preprocessed/Interpolated/Lukas_liegestuetzen3_13_10_2020_RightArm.csv:[12406,14186,16901,18141,19446,20896,22326,23711,25351,27086]
resources/preprocessed/Interpolated/Lukas_liegestuetzen3_13_10_2020_Chest.csv:[11026,12396,14016,18006,22186,23601,25101,26866]
resources/preprocessed/Interpolated/Lukas_liegestuetzen3_13_10_2020_Belly.csv:[11056,14141,16926,19601,23321,26166]
resources/preprocessed/Interpolated/Lukas_liegestuetzen2_13_10_2020_RightArm.csv:[37185,38680,40245,41780,43270,45070,46775,48530,50165,51810,53545,55125,56630,58345,60025,61900,64480,67620,70595,73070]
resources/preprocessed/Interpolated/Lukas_liegestuetzen2_13_10_2020_LeftArm.csv:[37170,38645,40125,41720,43210,45095,46695,48515,50180,51810,53555,55100,56630,58360,60015,61885,64455,67605,70580,71980,73995]
resources/preprocessed/Interpolated/Lukas_liegestuetzen2_13_10_2020_Chest.csv:[37105,38470,40025,41725,43440,45045,46775,48215,51695,53480,55020,56535,58250,59895,61765,66025,67455,69380,71995]
resources/preprocessed/Interpolated/Lukas_liegestuetzen2_13_10_2020_Belly.csv:[36000,38660,40240,41860,43335,44900,48290,49990,53495,55060,58300,59905,61605,64365,65995,68095,72050]
resources/preprocessed/Interpolated/Lukas_liegestuetzen1_13_10_2020_Belly.csv:[39545,41175,42825,44770,46370,48295,50270,52080,53760,55575,57500,59185,62895,64905,66885,69450,72710,75880,78275,83310]
resources/preprocessed/Interpolated/Jan_liegestuetzen3_13_10_2020_RightArm.csv:[36295,37660,40535,41935,43415,44765,46135,47605,49230,50955,52680,54650,56880]
resources/preprocessed/Interpolated/Jan_liegestuetzen3_13_10_2020_LeftArm.csv:[36270,37650,39125,40525,41915,43385,44780,46135,47560,49180,50960,52685,54660,56740]
resources/preprocessed/Interpolated/Jan_liegestuetzen3_13_10_2020_Belly.csv:[34755,37705,39330,42075,43670,44955,47725,49340,51075,52855,54845,56995]
resources/preprocessed/Interpolated/Jan_liegestuetzen2_13_10_2020_RightArm.csv:[20701,23381,26041,27411,28816,30176,31576,33026,34436,35936,37496,39206,40816,42656,44536,46846,49031]
resources/preprocessed/Interpolated/Jan_liegestuetzen2_13_10_2020_Chest.csv:[19206,20571,22006,23336,24671,25991,27336,30131,33011,34421,35876,37476,39161,40801,42626,44571,46821,49376,50996]
resources/preprocessed/Interpolated/Jan_liegestuetzen2_13_10_2020_Belly.csv:[17401,19026,20791,22126,23521,24926,26241,27556,28991,30296,31736,33131,34541,36116,37596,39321,40961,42806,44726,47036,49436,50841]
resources/preprocessed/Interpolated/2020-07-02_14.59.59_LeftArm.csv:[75247,77527,79879,82151,83319,84603,86947,88143,89451,91919,93275,94595,96011,97399,98767]
resources/preprocessed/Interpolated/Andre_liegestuetzen2_13_10_2020_Belly.csv:[42176,44031,45836,48906,50766,52226,54321,55641,57396,59241,61331,62836,64911,66936,68846,71126,73811,76791,79996]
resources/preprocessed/Interpolated/Jan_liegestuetzen1_13_10_2020_RightArm.csv:[87715,91370,95275,99215,101975,106995,109775,114620,118700,121845,125835,130355,133410,138085,141650,144675,149265,153510,157345,161770,165940,169125,172755,176755,178710,181195,183285]
resources/preprocessed/Interpolated/2020-07-02_14.59.59_Chest.csv:[73999,76071,77643,79775,82267,84643,86939,88407,89835,91991,95223,98007,99527]
resources/preprocessed/Interpolated/2020-07-02_15.13.22_Belly.csv:[24387,26255,28067,32103,35239,37675,40907,43039,44607,45679,48147,50803,53735,55935,57255,59431,60739,63283,64667,66095]
resources/preprocessed/Interpolated/2020-07-02_15.13.22_RightArm.csv:[25571,27299,29075,31111,33247,35335,37591,39779,42075,43447,44607,47279,48771,50055,51499,52839,54403,55983,57803,59447,60767,63335,64675]
resources/preprocessed/Interpolated/Lukas_liegestuetzen1_13_10_2020_Chest.csv:[41000,42770,44630,46150,48070,49875,51860,53605,55375,56845,59260,62720,64835,70265,72215,73585,75845,77335,79500,83010]
resources/preprocessed/Interpolated/Jan_liegestuetzen1_13_10_2020_Chest.csv:[85700,87405,90625,94480,98930,103055,106940,110090,114035,118375,122020,123755,126240,129800,133770,137375,141090,144920,148715,152825,156730,161075,163775,165715,168965,172620,176435,179240,181055]
resources/preprocessed/Interpolated/2020-07-02_14.20.28_RightArm.csv:[64959,66031,67175,68303,69407,70531,71695,72887,74063,75255,76539,77963,79455,80967,82771]
resources/preprocessed/Interpolated/2020-07-02_14.20.28_Belly.csv:[63143,64855,66063,67231,69479,70543,71751,74027,75183,76643,77975,79411,80979,82731]
resources/preprocessed/Interpolated/2020-07-02_14.14.32_RightArm.csv:[35159,36423,37683,38931,40199,41587,42927,44331,45731,47039,48463,49827,51247,52687,54127,55551,57231,58839,60647,62703,64995]
resources/preprocessed/Interpolated/2020-07-02_15.13.22_LeftArm.csv:[25611,27291,29151,31147,33191,35375,37559,39851,42095,44607,46099,47235,48739,50051,51451,52815,54075,55963,59435,60751,63311,64647]
resources/preprocessed/Interpolated/2020-07-02_14.14.32_Belly.csv:[33335,35707,38303,40327,41895,44499,45839,48491,50091,51387,54147,55583,57411,59135,60755,62519,64995]
resources/preprocessed/Interpolated/2020-07-02_14.59.59_RightArm.csv:[75331,77499,79799,80979,82215,84631,86971,89395,90735,91915,93307,94615,96099,97399,98823]
resources/preprocessed/Interpolated/Jan_liegestuetzen3_13_10_2020_Chest.csv:[36110,37610,39030,40515,41930,43340,44805,46145,47585,49205,50955,52700,54650,56995]
resources/preprocessed/Interpolated/2020-07-02_14.20.28_LeftArm.csv:[65995,67163,68267,69387,70519,71675,72859,74031,75211,76483,77903,79387,80879,82727]
resources/preprocessed/Interpolated/2020-07-02_13.00.09_Belly.csv:[27099,29779,32283,35035,36883,38103,40883,42195,45163,47447,49707,52103,53727,54919,57695,61059,62355]
resources/preprocessed/Interpolated/2020-07-02_14.14.32_LeftArm.csv:[35159,36415,37679,38911,40183,41559,42899,44299,45691,46991,48403,49775,51191,52623,54055,55483,57087,58787,60587,62639,64995]
resources/preprocessed/Interpolated/2020-07-02_11.17.39_Belly.csv:[59779,62495,66523,69995,71107,73495,75299,76531,80047,83607,85647,87643,89955,91871,93135,94351,96723,98043,99183,101795,104419,108023]
resources/preprocessed/Interpolated/Andre_liegestuetzen3_13_10_2020_Chest.csv:[33258,34628,38688,40428,41778,43483,45188,47098,48738,50843,52848,55058,57513,59423,62578,65498]
resources/preprocessed/Interpolated/2020-07-02_11.17.39_Chest.csv:[60007,62075,63991,67459,69127,70819,72691,74367,76163,79995,81707,83523,85563,87407,88863,89859,93071,94163,95347,96487,97923,99127,101623,104367,107959]
resources/preprocessed/Interpolated/Jan_liegestuetzen1_13_10_2020_Belly.csv:[85525,88815,93545,99565,104240,107090,108805,111040,112585,115055,116555,118920,120575,123165,125945,130765,134455,136015,138205,141795,145755,147375,149480,151110,153610,155110,157580,159155,161960,163755,166085,169440,173050,176960,178820,181400]
resources/preprocessed/Interpolated/2020-07-02_11.17.39_LeftArm.csv:[59927,61755,63367,65055,66703,68443,70111,71943,73695,75547,77335,79099,80963,82867,84799,87227,88735,89947,91099,93223,95531,98951,101439,104095,105739,107819]
resources/preprocessed/Interpolated/2020-07-02_14.59.59_Belly.csv:[73999,76267,78511,79887,80847,82367,84735,87731,90167,92859,95315,98139]
resources/preprocessed/Interpolated/Andre_Squats_13_10_2020_LeftArm.csv:[62746,64141,65321,68126,73091,75241,78351,80536,83236,85516,88301,90231,94046,95796,99176,103486,105606,108531,110931,113351,115641,118271,120331,122706,125031,127021,129366,131811,134136,136561,138951,141401,143861,146271,148551,151016,153431,156981,158256]
resources/preprocessed/Interpolated/2020-07-02_14.07.33_Chest.csv:[8457,10529,13021,14253,15773,18333,20821,22345,23701,24981,26273,27717,29205,30649,33269,37785,39193,41033,42489,44117]
resources/preprocessed/Interpolated/2020-07-02_11.17.39_RightArm.csv:[60323,62067,63679,65119,66795,68699,70187,72083,73883,75695,77499,79111,81235,83207,84791,87071,88751,89927,91651,93243,95547,98147,101367,104055,105691,107799]
resources/preprocessed/Interpolated/Andre_liegestuetzen3_13_10_2020_RightArm.csv:[32243,33863,35553,37163,38748,40373,41928,43698,45408,47168,48838,51108,53193,55453,57878,60603,63313]
resources/preprocessed/Interpolated/2020-07-02_12.50.00_LeftArm.csv:[18151,19487,21371,23259,24339,25419,27451,29515,31523,33499,35551,36639,37811,39943,41151,42299,44427,46603,47787,49107,50291,51659,52783,54535,55595,57167,59747,62603]
resources/preprocessed/Interpolated/2020-07-02_14.20.28_Chest.csv:[63263,65459,68639,70911,72099,73247,74487,77083,78679,79911,82631]
resources/preprocessed/Interpolated/2020-07-02_14.07.33_RightArm.csv:[10249,11497,12761,14121,15429,16745,18021,19277,20617,22005,23465,24741,26077,27477,28893,30381,31785,33221,34649,36137,37617,39177,40829,42573,44117]
resources/preprocessed/Interpolated/Lukas_liegestuetzen1_13_10_2020_RightArm.csv:[40850,42810,44655,46505,48165,49955,51840,53650,55610,57480,59295,61190,63025,64830,66805,68590,70570,72350,74090,75820,77530,79350,81210]
resources/preprocessed/Interpolated/2020-07-02_14.07.33_Belly.csv:[8345,10577,12897,14337,15581,16917,18173,19453,20909,22161,23725,24985,27701,29077,30509,31941,33305,34733,36649,37713,39273,40841,42365]
resources/preprocessed/Interpolated/Andre_liegestuetzen1_13_10_2020_RightArm.csv:[19986,21751,23431,25216,26861,28596,30231,31746,33351,34931,36656,38256,39796,41456,43091,44686,46426,49246,51611,53576,55566,57731,59936,61486,62936,65686]
resources/preprocessed/Interpolated/2020-07-02_12.50.00_RightArm.csv:[18175,19487,21363,23267,25427,27443,29523,31539,33491,35555,36667,37811,39963,41183,42319,44459,46627,47787,49131,50295,51679,52791,54531,55615,57191,59787,62667]
resources/preprocessed/Interpolated/Andre_Squats2_13_10_2020_Belly.csv:[50285,52535,54760,57120,59445,61755,64245,67295,70820,74580,77830,81295,86320,88580,93460,95805,100630,103055,105280,107490,109305,112435,114375,116425,121075,124540,126220,128950,131455,134135,136080,138150,140615,143120,145205,148380,150535,154935,157375,159460,161920,164565,167355,169195,171685,174435,176765,179410,182265,184445,186865,189615,191765,194310,196575,199035,200325,202335,204100,206355,208890,210890,213285]
resources/preprocessed/Interpolated/2020-07-02_12.50.00_Chest.csv:[18111,20087,21647,24451,26559,28507,30551,32563,34679,36835,38835,41339,43299,45551,46703,47939,50463,52899,54411,55711,58007,60799,62815]
resources/preprocessed/Interpolated/2020-07-02_13.00.09_Chest.csv:[27027,29191,30635,32439,34339,36287,38963,40203,42275,44323,46587,49059,51159,52247,53691,55091,57095,62103]
resources/preprocessed/Interpolated/2020-07-02_13.00.09_RightArm.csv:[27171,28579,30455,32367,34235,36183,38075,40111,42255,44259,46663,49539,51199,53779,54827,57683,59319,61223]
resources/preprocessed/Interpolated/2020-07-02_15.13.22_Chest.csv:[25559,27375,29183,31915,33251,35251,37739,40655,42983,45675,48247,50915,53795,57119,60655,64543,66063]
resources/preprocessed/Interpolated/Andre_liegestuetzen1_13_10_2020_Belly.csv:[19346,23006,25211,26866,29996,31911,34336,36496,38106,39656,41456,43081,44671,47776,49436,51506,52976,56741,59171,61776,64071,65671,66996]
resources/preprocessed/Interpolated/2020-07-02_15.31.36_Belly.csv:[72939,75879,79991,82271,83971,86247,87519,89635,91843,94071,95527,97759,98783,100911,103163,105479,108139,110819,113703]
resources/preprocessed/Interpolated/Jan_liegestuetzen2_13_10_2020_LeftArm.csv:[16996,20711,22061,23361,24656,27351,28801,31531,32986,34406,35956,37476,39161,40806,42641,44546,46791,48931]
resources/preprocessed/Interpolated/2020-07-02_15.31.36_Chest.csv:[73079,76471,80575,82403,83875,86203,87411,89503,91763,94031,95479,97811,100619,102287,105735,108239,110867,113695]
resources/preprocessed/Interpolated/Andre_Squats_13_10_2020_RightArm.csv:[62716,64141,65366,67956,70266,73141,75291,78331,80691,83321,85661,88296,90021,93666,95846,98626,100701,103486,105701,108551,110936,113211,115936,118071,120486,122671,125126,128061,130471,131821,135226,137481,140006,142521,144941,148596,151026,154596,157001,158321]
resources/preprocessed/Interpolated/2020-07-02_14.14.32_Chest.csv:[33479,35559,36875,39507,40759,41975,43439,44591,46079,48723,51687,53191,55091,57619,60939,62679,64995]
resources/preprocessed/Interpolated/2020-07-02_15.31.36_LeftArm.csv:[73119,76247,78139,80731,82219,84015,86215,87679,88807,90963,93155,95439,97607,98859,99991,102359,104835,107507,108867,110159,111567,112875]
resources/preprocessed/Interpolated/2020-07-02_15.31.36_RightArm.csv:[72863,76971,78455,80639,82215,84007,86175,88811,90951,92111,93147,95395,97579,99907,101199,102347,103699,104847,106223,107503,108851,110123,111571,112875]
resources/preprocessed/Interpolated/Andre_Squats2_13_10_2020_Chest.csv:[50320,52605,54810,57135,59580,61845,64250,67080,71320,75315,78820,82175,85235,88370,92485,96065,100575,103295,105310,110220,112215,115020,117165,120065,121755,126805,128855,131700,133765,136270,138540,141160,142965,145965,147945,150820,155575,157385,160220,162190,164815,167430,169225,171660,175105,177445,180000,182185,184965,186710,189960,191675,194780,196560,199955,204285,206560,209150,211330,213990]
resources/preprocessed/Interpolated/2020-07-02_14.07.33_LeftArm.csv:[10269,11493,12761,14117,15417,16773,18001,19253,20617,21993,23453,24701,26061,27477,28861,30345,31737,33157,34585,36073,37561,39105,40789,42477,44117]
resources/preprocessed/Interpolated/Andre_Squats2_13_10_2020_RightArm.csv:[50160,55840,58130,61755,64130,66935,70250,74430,78035,81805,85060,88620,92375,96460,99400,103655,105850,110695,114055,116025,118320,122085,123780,126855,128895,131535,133605,136000,138455,140495,143320,145340,147970,150350,152360,154970,157465,160510,162080,164480,167350,169315,171625,174485,177340,179340,182165,184235,187235,189260,191990,194300,196790,198950,201730,203430,206550,208770,211225,213180]
resources/preprocessed/Interpolated/Andre_liegestuetzen1_13_10_2020_LeftArm.csv:[19951,21631,23226,25136,26711,30081,31691,33246,34826,36461,38076,39611,43081,44736,46461,48016,49921,51521,53466,55521,57661,59191,61666,62901,65646]
resources/preprocessed/Interpolated/2020-07-02_13.00.09_LeftArm.csv:[27179,28603,30467,32359,34207,36171,38127,40103,42223,44263,46663,49591,51183,54855,57675,59839,61207]
resources/preprocessed/Interpolated/Andre_liegestuetzen3_13_10_2020_LeftArm.csv:[33703,35053,36998,38648,40313,41888,43563,45258,47103,48778,51048,52923,55453,57888,59183,60608,61923,63328,64888]
resources/preprocessed/Interpolated/Lukas_liegestuetzen1_13_10_2020_LeftArm.csv:[40930,42840,44600,46475,48130,49940,51815,53625,55590,57445,59205,61125,62990,64805,66795,68530,70545,72320,74065,75835,77530,79355,81180,82745]
resources/preprocessed/Interpolated/Andre_Squats2_13_10_2020_LeftArm.csv:[50245,52515,54760,57055,59435,61770,64150,66740,70490,74350,77930,81485,84980,88720,92410,95385,99410,103410,106820,109945,114240,116680,118425,120620,122330,123875,127265,128790,131495,133475,136070,138310,140530,143325,145465,147995,150415,152180,155055,157500,159770,161925,164630,166560,169240,171830,174750,177420,179445,181800,184315,187080,189200,191475,194390,196565,199070,203465,205845,209140,211635,213315]
resources/preprocessed/Interpolated/Andre_Squats_13_10_2020_Belly.csv:[62456,64091,68046,69711,73066,75381,78441,80581,83341,85431,88326,90606,93501,95546,98791,100621,103501,105721,108601,110726,113351,115556,118386,120471,122816,124806,127036,129366,131816,134201,136556,138916,140246,142571,143886,146316,148536,151041,153456,155861,158321]
resources/preprocessed/Interpolated/Andre_liegestuetzen2_13_10_2020_Chest.csv:[40621,42606,45961,47776,49391,50966,52776,54441,58191,59916,61806,65331,67476,70146,73526,76256,78021,79566]
resources/preprocessed/Interpolated/Andre_liegestuetzen2_13_10_2020_LeftArm.csv:[42671,44186,45856,47571,49241,50901,52661,54356,56141,58076,59791,61641,63666,65546,67736,70036,72411,75136,78276,79836]
resources/preprocessed/Interpolated/Lukas_liegestuetzen3_13_10_2020_LeftArm.csv:[12371,14166,18071,20876,22341,23731,25301,27046]
resources/preprocessed/Interpolated/Andre_liegestuetzen1_13_10_2020_Chest.csv:[18026,19816,21601,23076,25056,26731,28386,31731,33271,34891,36471,38116,39751,41431,43101,44676,46376,47996,49821,51611,53576,55526,57556,59736,62731,64091,65546]
resources/preprocessed/Interpolated/Andre_liegestuetzen2_13_10_2020_RightArm.csv:[42731,44301,45976,47751,49396,51021,52796,54476,56281,58166,59916,61756,63751,65681,67826,70101,72556,75231,76856,78326,79776]
resources/preprocessed/Interpolated/2020-07-02_12.50.00_Belly.csv:[16003,19299,21167,23143,25163,26875,28451,29419,30519,32907,34883,36739,39003,41463,43443,45571,48299,50323,51559,52803,54419,55659,57135,58719,60879]
resources/preprocessed/Interpolated/Andre_liegestuetzen3_13_10_2020_Belly.csv:[32093,33268,34858,38143,39708,41258,43643,48098,50613,52953,54463,57128,59618,61883,65393]
resources/preprocessed/Interpolated/Andre_Squats_13_10_2020_Chest.csv:[62626,64236,68006,69691,73626,75646,78976,80581,84056,85386,88976,90631,93541,95441,98461,100701,104091,105716,109126,110816,113971,115541,118576,120516,123271,124706,127116,129491,131886,134261,136636,139011,141511,144001,146386,148676,151056,153511,155941,158396]
resources/preprocessed/Interpolated/Jan_liegestuetzen1_13_10_2020_LeftArm.csv:[87260,89950,91385,95165,99175,102050,106985,110580,113755,117720,122825,125865,129495,133835,137830,141395,145305,149045,153215,157265,159245,161455,165790,169110,172735,176635,181135,183995]
