resources/preprocessed/Interpolated/Lukas_liegestuetzen3_13_10_2020_RightArm.csv:[11596,13451,15076,16911,18166,19436,20911,22356,23761,25236,26366,27971]
resources/preprocessed/Interpolated/Lukas_liegestuetzen3_13_10_2020_Chest.csv:[11596,13481,15016,16821,18156,19431,20851,22256,23731,25261,26986,28676]
resources/preprocessed/Interpolated/Lukas_liegestuetzen3_13_10_2020_Belly.csv:[11606,13476,14981,16196,17441,18821,20191,21566,22986,24646,26251,27856]
resources/preprocessed/Interpolated/Lukas_liegestuetzen2_13_10_2020_RightArm.csv:[36430,37825,39500,41015,42570,44340,45970,47760,49360,51145,52805,54425,55985,57540,59375,61200,63810,66900,69940,71220,73920]
resources/preprocessed/Interpolated/Lukas_liegestuetzen2_13_10_2020_LeftArm.csv:[36450,37880,39460,41030,42630,44435,46075,47725,49405,51130,52840,54440,55975,57565,59390,61150,63715,65445,68380,71175,72585]
resources/preprocessed/Interpolated/Lukas_liegestuetzen2_13_10_2020_Chest.csv:[36450,37875,39465,41045,42580,44340,46100,47755,49380,51135,52820,54435,55970,57560,59215,61180,63680,65515,68390,71245,72535]
resources/preprocessed/Interpolated/Lukas_liegestuetzen2_13_10_2020_Belly.csv:[36525,37885,39520,41060,42600,44345,46115,47785,49465,51165,52840,54450,55975,57615,59370,61150,63695,66910,69955,71190,72445]
resources/preprocessed/Interpolated/Lukas_liegestuetzen1_13_10_2020_Belly.csv:[38000,39590,41185,43040,44795,46465,48260,49995,51865,53665,55585,57365,59230,60385,62290,63965,65985,67750,69685,71610,73355,75065,76825,78565,80460,82625]
resources/preprocessed/Interpolated/Jan_liegestuetzen3_13_10_2020_RightArm.csv:[34015,36260,37685,39215,40590,42005,43465,44880,46175,47610,49240,50840,52020,54060,56290]
resources/preprocessed/Interpolated/Jan_liegestuetzen3_13_10_2020_LeftArm.csv:[34250,36185,37635,39240,40585,42030,43440,44885,46275,47685,49270,51030,52790,54160,56405]
resources/preprocessed/Interpolated/Jan_liegestuetzen3_13_10_2020_Belly.csv:[35445,37085,38630,40545,41910,43375,44835,46130,47610,49160,50335,52045,54200,56995]
resources/preprocessed/Interpolated/Jan_liegestuetzen2_13_10_2020_RightArm.csv:[18606,20031,21476,23321,24841,26126,27521,28866,30201,31621,32996,34366,35961,37436,38591,40121,41951,43881,46266]
resources/preprocessed/Interpolated/Jan_liegestuetzen2_13_10_2020_Chest.csv:[18676,20076,21491,22801,24126,25456,26766,28151,29546,30986,32376,33756,35256,36826,38596,40141,41956,43886,46216,48836]
resources/preprocessed/Interpolated/Jan_liegestuetzen2_13_10_2020_Belly.csv:[17266,20051,21436,22796,24141,25436,26731,28186,29561,30946,32391,33796,35321,36826,38546,40151,42001,43831,46106,49356]
resources/preprocessed/Interpolated/2020-07-02_14.59.59_LeftArm.csv:[74499,76279,77771,79027,81419,83823,86307,88655,91079,91991,93887,96743,98611]
resources/preprocessed/Interpolated/Andre_liegestuetzen2_13_10_2020_Belly.csv:[40191,42081,43611,45201,46911,48616,50286,52136,53756,55606,57391,59241,61086,63051,64876,67056,69281,71671,74321,77356]
resources/preprocessed/Interpolated/Jan_liegestuetzen1_13_10_2020_RightArm.csv:[85545,94120,95875,98200,99910,102240,103695,105865,107665,109820,111395,113710,115435,117655,119375,123420,125820,127290,129525,131080,134785,137050,138595,142270,146160,148505,149940,152665,154010,156555,158075,168595,174320,178010]
resources/preprocessed/Interpolated/2020-07-02_14.59.59_Chest.csv:[74395,75651,77199,79027,81399,83851,86135,88655,91079,92071,93819,94751,96747,98791]
resources/preprocessed/Interpolated/2020-07-02_15.13.22_Belly.csv:[23751,25767,27195,28287,30263,32375,34511,36775,38971,41019,42239,43847,45555,49283,52143,55159,56359,62539]
resources/preprocessed/Interpolated/2020-07-02_15.13.22_RightArm.csv:[24643,25615,27199,29055,30339,32431,34599,36827,39051,41331,42267,43795,46571,49391,52055,53219,56355,59919,61195]
resources/preprocessed/Interpolated/Lukas_liegestuetzen1_13_10_2020_Chest.csv:[38815,40340,42030,43950,45665,47425,49175,50930,52805,54735,56710,58405,60305,62270,63960,65950,67745,69670,71550,73320,75085,76770,78555,80415,82650]
resources/preprocessed/Interpolated/Jan_liegestuetzen1_13_10_2020_Chest.csv:[85650,88225,90365,91940,94175,95795,98120,99770,101980,103745,105875,107515,109780,111415,113740,115365,117690,119350,121795,123345,125670,127280,129430,130920,133155,134645,137090,138480,140760,142215,144510,146015,148400,149885,152540,153900,156460,157815,160800,162220,165125,168420,169615,172170,176075,178810,180610,182230]
resources/preprocessed/Interpolated/2020-07-02_14.20.28_RightArm.csv:[62455,63795,64951,65995,68723,70343,71667,72847,74019,75979,77359,78807,80371,82111,84007]
resources/preprocessed/Interpolated/2020-07-02_14.20.28_Belly.csv:[62343,63275,64427,65483,66607,67767,68891,69987,71131,72331,73503,74683,75963,77331,78839,80279,82067,83999]
resources/preprocessed/Interpolated/2020-07-02_14.14.32_RightArm.csv:[32435,34563,35811,37143,38415,39667,40991,42383,43735,45115,46443,47871,49207,50643,52083,53507,54999,56455,57855,59967,62027,63183]
resources/preprocessed/Interpolated/2020-07-02_15.13.22_LeftArm.csv:[24063,25511,27235,28363,30223,31223,32443,34835,36339,37567,39115,41383,43815,44971,46571,47495,49363,52027,53111,55319,60083,61251,65183]
resources/preprocessed/Interpolated/2020-07-02_14.14.32_Belly.csv:[32563,33499,34627,35831,37115,38379,39655,41007,42315,43743,45103,46459,47823,49227,50651,52039,53475,54919,56447,58155,59971,61951,64411]
resources/preprocessed/Interpolated/2020-07-02_14.59.59_RightArm.csv:[74619,75527,76755,77799,78943,79951,81411,83879,86155,88683,91279,93139,94767,96763,98747]
resources/preprocessed/Interpolated/Jan_liegestuetzen3_13_10_2020_Chest.csv:[35550,37065,38470,39965,41255,42840,44145,45580,47060,48635,50350,52055,54135,56760]
resources/preprocessed/Interpolated/2020-07-02_14.20.28_LeftArm.csv:[63227,64403,67491,68599,69723,70867,72047,73231,74419,75939,77047,78679,80287,81655,82711]
resources/preprocessed/Interpolated/2020-07-02_13.00.09_Belly.csv:[27799,29415,30375,31439,32903,34123,35267,37179,39075,40011,41023,42079,43015,44075,46487,47447,48735,51159,52663,53743,55019,56791]
resources/preprocessed/Interpolated/2020-07-02_14.14.32_LeftArm.csv:[32003,34571,35835,37095,38399,39707,41055,42295,43699,45123,46443,47879,49195,50583,52071,53415,54927,56371,58163,59583,60507,62127,64503]
resources/preprocessed/Interpolated/2020-07-02_11.17.39_Belly.csv:[58227,59559,60731,62327,64171,65759,67435,69115,70879,72855,74587,76219,78059,79807,80819,81871,83715,84667,85631,87755,89151,91043,93211,94283,95623,96751,98119,100719,101903]
resources/preprocessed/Interpolated/Andre_liegestuetzen3_13_10_2020_Chest.csv:[31443,33208,34818,36468,38068,39718,41293,43053,44643,46393,48113,50328,52263,54608,57033,59803,62328,65478]
resources/preprocessed/Interpolated/2020-07-02_11.17.39_Chest.csv:[58227,59827,60763,62351,64135,65711,67467,69131,70867,72871,74499,76279,78095,80043,81859,83903,85707,87763,89175,91019,92139,93219,94307,95603,96811,98095,99479,100699,102275,103411,105499,107767]
resources/preprocessed/Interpolated/Jan_liegestuetzen1_13_10_2020_Belly.csv:[85650,88330,90365,91985,94025,95810,97985,99860,102055,103855,105935,107590,109825,111425,113670,115425,117725,119505,121830,123375,125725,127310,129425,131045,133235,134890,137065,138580,140780,142330,144490,146020,148405,149825,153980,156420,157910,160750,162320,165165,166900,168480,169635,172095,174035,176010,177710,180580,182190]
resources/preprocessed/Interpolated/2020-07-02_11.17.39_LeftArm.csv:[58303,59419,61427,62343,64099,65763,67491,69291,71015,72839,74331,75283,76243,78059,80203,81907,83811,85583,87259,89187,90131,92075,93203,94295,95271,100375,101647,103423,105547]
resources/preprocessed/Interpolated/2020-07-02_14.59.59_Belly.csv:[74427,75695,77239,79023,81347,83811,86159,87995,89127,91115,92075,93779,96731,98767]
resources/preprocessed/Interpolated/Andre_Squats_13_10_2020_LeftArm.csv:[61151,63051,66446,68226,71651,72896,74066,76941,78331,79991,82101,83301,86991,88296,92141,94016,97401,98531,102231,103421,107151,108331,110191,112211,114911,116861,118001,121481,122761,126161,128541,130831,132496,133981,135581,137931,140441,142986,145386,147756,149996,152391,154171,155636,157356,158991]
resources/preprocessed/Interpolated/2020-07-02_14.07.33_Chest.csv:[7709,8961,10209,11501,12749,14169,15413,16669,18029,19253,20593,22009,23445,24733,26045,27481,28893,29805,31197,32677,34085,35561,37085,38553,40265,41949,44065]
resources/preprocessed/Interpolated/2020-07-02_11.17.39_RightArm.csv:[58235,59495,60815,62363,64287,65667,67359,69143,71011,72883,74479,76203,77159,78091,79187,80831,81759,82751,84647,85707,87859,89971,91003,93367,95575,96799,100403,101627,103403,107271]
resources/preprocessed/Interpolated/Andre_liegestuetzen3_13_10_2020_RightArm.csv:[31348,33218,34788,36378,38013,39553,41268,42928,44648,46443,48113,50318,52273,54678,57098,59808]
resources/preprocessed/Interpolated/2020-07-02_12.50.00_LeftArm.csv:[17347,20391,22283,24491,26555,28523,30479,31431,34459,36871,43271,45591]
resources/preprocessed/Interpolated/2020-07-02_14.20.28_Chest.csv:[62347,63259,64411,65495,66651,67811,68895,70035,71163,72375,73543,74723,75959,77367,78811,80343,82131,83995]
resources/preprocessed/Interpolated/2020-07-02_14.07.33_RightArm.csv:[7465,10849,12253,13513,14841,16141,17453,18685,19973,21405,22829,24213,25565,26865,28333,29845,31249,32673,34161,35605,37061,38597,40205,41925,43745]
resources/preprocessed/Interpolated/Lukas_liegestuetzen1_13_10_2020_RightArm.csv:[38820,40340,42020,43200,44760,46610,48160,50020,51770,53770,55640,57455,59385,61245,62910,64860,66820,68535,70620,72370,74010,75715,77580,79455,81100,82620]
resources/preprocessed/Interpolated/2020-07-02_14.07.33_Belly.csv:[7693,8977,10229,11529,12733,14109,15385,16689,17965,19273,20589,21925,22841,24177,25533,26853,28305,29789,31181,32633,33985,35541,37069,38509,40189,41909,43957]
resources/preprocessed/Interpolated/Andre_liegestuetzen1_13_10_2020_RightArm.csv:[17451,19186,20971,22656,24376,26056,27631,29411,30961,32641,34246,35726,37446,39086,40626,42406,44051,45761,47416,49296,51021,52936,54881,56871,59096]
resources/preprocessed/Interpolated/2020-07-02_12.50.00_RightArm.csv:[16419,20559,22359,24599,26399,27415,28655,30523,32383,34559,36699,37743,38899,40415,42295,43343,45519,47031]
resources/preprocessed/Interpolated/Andre_Squats2_13_10_2020_Belly.csv:[47555,49320,51575,53790,56185,58460,60885,63260,65555,67615,69060,70290,72945,74965,76375,78355,79900,81815,83315,86850,88500,91770,93025,95625,98780,102765,104695,109595,112890,116685,118780,122450,125510,127015,130115,131550,134950,136790,139435,140620,142320,144370,145520,149285,151040,153680,154960,156525,158440,159580,163250,164465,168190,169320,173350,174665,178250,179545,183030,184470,188365,190510,193070,194325,198010,199405,202690,203885,205400,207400,208955,210205,212300,213495]
resources/preprocessed/Interpolated/2020-07-02_12.50.00_Chest.csv:[16335,18695,20527,22299,24547,26479,28587,30455,31431,32423,33499,34495,36691,37759,38887,41215,42311,43275,44403,45519,47879,48851,50543,51659,53587,54531,55515,57091,59667,60631,62683]
resources/preprocessed/Interpolated/2020-07-02_13.00.09_Chest.csv:[27779,29431,30367,31379,32987,34131,35103,37147,38051,39115,41319,42995,44123,46527,47791,48751,51147,52595,53927,54951,56775,59663]
resources/preprocessed/Interpolated/2020-07-02_13.00.09_RightArm.csv:[27851,29599,31587,32683,35379,37003,37939,39959,43031,48475,50051]
resources/preprocessed/Interpolated/2020-07-02_15.13.22_Chest.csv:[24047,25631,27223,28355,30235,31235,32435,34587,36759,39007,41051,42347,43831,46459,49383,52087,55299,58623,60131,63879]
resources/preprocessed/Interpolated/Andre_liegestuetzen1_13_10_2020_Belly.csv:[17351,19211,21101,22706,24461,26076,27761,29436,31021,32626,34141,35906,37486,39096,40636,42346,44061,45736,47406,49261,50981,52911,54841,56986,59141,62021,64836,66491]
resources/preprocessed/Interpolated/2020-07-02_15.31.36_Belly.csv:[72387,90111,92287,94599,96899,99191,100115,101575,104051,106735,109343,112079,113975]
resources/preprocessed/Interpolated/Jan_liegestuetzen2_13_10_2020_LeftArm.csv:[18851,20776,22116,23481,24826,26136,27491,28826,30156,31571,33061,34416,35981,37531,39246,40791,42061,43951,46241,48736]
resources/preprocessed/Interpolated/2020-07-02_15.31.36_Chest.csv:[72271,90239,92279,94583,96859,99231,101539,102503,104047,104963,106015,107451,109367,112119,113975]
resources/preprocessed/Interpolated/Andre_Squats_13_10_2020_RightArm.csv:[61841,63081,66346,68031,71631,73001,75296,76931,78281,82151,83321,87061,88371,92051,93251,97321,98506,102216,103536,107181,108371,112111,116831,119256,121521,122651,126131,128491,130786,132561,133961,135581,137971,140426,142941,145306,147741,149966,152476,154931,157256]
resources/preprocessed/Interpolated/2020-07-02_14.14.32_Chest.csv:[32567,33499,34615,35839,37123,38427,39699,41019,42339,43755,45115,46463,47887,49247,50683,52123,53483,54991,56479,58179,60003,61983,64499]
resources/preprocessed/Interpolated/2020-07-02_15.31.36_LeftArm.csv:[72587,90295,92283,94655,96347,99227,101599,104119,107447,109347,112099,113875]
resources/preprocessed/Interpolated/2020-07-02_15.31.36_RightArm.csv:[72899,91879,92863,94595,96851,98807,100235,102543,104035,105131,107483,108783,110979,112127,113395]
resources/preprocessed/Interpolated/Andre_Squats2_13_10_2020_Chest.csv:[47550,49325,51660,53840,56115,58510,60895,63285,65555,67600,69015,70350,72960,75025,76480,78320,79895,81825,83350,86905,88535,91570,93005,95635,98760,102760,104690,109595,110935,112785,116675,118160,119890,122460,125515,127035,130190,131565,134905,136080,137575,139480,140625,142335,144265,145485,147090,149350,151035,153645,154965,156505,158445,159585,160785,163220,164475,166270,168185,169395,173335,174660,178395,179540,183035,184485,188350,190525,193135,194505,198025,199400,202695,203885,205425,207395,208940,210185,212075,213570]
resources/preprocessed/Interpolated/2020-07-02_14.07.33_LeftArm.csv:[7173,9613,10957,12157,13561,14809,16165,17409,18753,20001,21397,22829,24157,25509,26861,28289,29761,31165,32609,34029,35493,37057,38485,40065,41869,43617]
resources/preprocessed/Interpolated/Andre_Squats2_13_10_2020_RightArm.csv:[47500,49255,51655,53785,56125,58510,60890,63170,65525,67445,69145,70290,72945,74875,76525,78240,79820,81790,83430,85225,86935,88380,90725,92755,94005,95650,98535,102815,104765,107180,109165,112675,117025,122060,125615,126970,130290,131495,134855,135990,139335,140585,142375,144200,145510,149025,150985,153710,155025,156580,158470,162040,163205,164460,168210,169400,173315,174610,179500,183010,184430,188085,189650,193180,196130,198005,199490,202480,203940,205455,207380,209000,212055,213995]
resources/preprocessed/Interpolated/Andre_liegestuetzen1_13_10_2020_LeftArm.csv:[17416,19151,21091,22746,24496,26166,27756,29296,31001,32601,34181,35781,37561,39096,40771,42326,44066,45851,47546,49256,50976,52956,54931,56906,59211]
resources/preprocessed/Interpolated/2020-07-02_13.00.09_LeftArm.csv:[27763,29639,31503,32555,33743,35987,37215,38339,40371,43031,48471,50123,52515,53499]
resources/preprocessed/Interpolated/Andre_liegestuetzen3_13_10_2020_LeftArm.csv:[31383,33248,34853,36518,38098,39643,41233,43048,44558,46433,48198,50398,52328,54768,57078,59978]
resources/preprocessed/Interpolated/Lukas_liegestuetzen1_13_10_2020_LeftArm.csv:[38660,40200,42070,43950,45690,47415,49095,50925,52795,54705,56560,58355,60335,62170,63875,65920,67770,69665,71565,73325,75085,76775,78555,80365,82360]
resources/preprocessed/Interpolated/Andre_Squats2_13_10_2020_LeftArm.csv:[48460,50045,51630,53895,56030,58545,60940,63300,65600,67570,69190,70660,72910,74875,76495,78250,79820,81730,83385,85795,88390,90725,93020,95560,98220,102715,104705,107030,109575,112750,116950,120620,121970,125585,126930,130310,131470,134855,136040,137640,139425,140570,142355,144155,145475,147190,149310,150940,153655,154885,158370,159545,160765,162040,163180,164435,168215,169345,173275,174715,179470,183135,184455,187985,189355,190580,193085,194615,197955,199335,202780,204535,207420,208960,210495,212105,213560]
resources/preprocessed/Interpolated/Andre_Squats_13_10_2020_Belly.csv:[61151,63061,66436,67926,71581,72856,74036,76971,78301,82051,83281,87011,88351,92141,93411,97301,98521,102271,103441,107101,108341,112041,113361,116841,118041,121631,124431,126111,128481,130876,133266,135616,138066,140496,143016,145391,147781,150141,152581,155001,157401]
resources/preprocessed/Interpolated/Andre_liegestuetzen2_13_10_2020_Chest.csv:[40301,42046,43586,45286,46876,48586,50381,52101,53666,55596,57351,59206,61016,62991,65021,67096,69266,71651,74251,75396,77251,78841]
resources/preprocessed/Interpolated/Andre_liegestuetzen2_13_10_2020_LeftArm.csv:[40121,41291,42791,44486,46001,47841,49391,51116,52746,54536,56191,57486,59216,60996,63021,64996,67121,69381,71641,74341,75486]
resources/preprocessed/Interpolated/Lukas_liegestuetzen3_13_10_2020_LeftArm.csv:[11126,12491,14086,16806,18791,20271,21606,23156,24741,26431,27931]
resources/preprocessed/Interpolated/Andre_liegestuetzen1_13_10_2020_Chest.csv:[17431,19306,21031,22696,24446,26136,27811,29411,31001,32611,34206,35906,37561,39091,40631,42411,44041,45756,47446,49241,51006,52916,54831,56986,59201,61981,64846,66511]
resources/preprocessed/Interpolated/Andre_liegestuetzen2_13_10_2020_RightArm.csv:[40281,41971,43586,45181,46886,48666,50386,52026,53731,55581,57226,59071,61081,63051,64921,67106,69261,71776,74466,76141]
resources/preprocessed/Interpolated/2020-07-02_12.50.00_Belly.csv:[16363,18691,20527,22375,24503,26479,28571,30491,31495,33491,34519,36799,37751,38903,41259,42307,43471,44415,45559,46471,47879,49151,50547,51671,53503,54547,57099,59667,62715]
resources/preprocessed/Interpolated/Andre_liegestuetzen3_13_10_2020_Belly.csv:[31333,33143,34738,36503,38088,39753,41303,42978,44668,46463,48138,50348,52283,54618,57043,59428,60698,62358,63498]
resources/preprocessed/Interpolated/Andre_Squats_13_10_2020_Chest.csv:[61131,63116,66641,67926,71581,72876,74036,76966,78286,79776,82106,83306,86966,88366,89966,92176,93396,97386,98526,102356,103606,107236,108366,110066,112126,113376,116836,118116,121556,122696,124356,126146,128476,130856,133291,135601,138056,140446,143006,145326,147756,150126,152511,154961,157371]
resources/preprocessed/Interpolated/Jan_liegestuetzen1_13_10_2020_LeftArm.csv:[85640,94160,95780,98060,99755,102175,103640,105830,107680,109750,111435,113710,115275,117705,119380,123375,125830,127250,129705,130865,133095,134690,137030,138570,140730,142260,146055,148355,149855,152510,153960,156505,157785,162260,168505,172140,176010,178810,180530,182295]
