resources/preprocessed/Interpolated/Lukas_liegestuetzen3_13_10_2020_RightArm.csv:[11331,11976,12426,13691,14276,15351,15811,16431,17056,17681,18306,18976,19601,20441,21071,21856,22451,23171,23856,24906,26101,26651,28321]
resources/preprocessed/Interpolated/Lukas_liegestuetzen3_13_10_2020_Chest.csv:[11246,11901,12636,13546,14211,17661,18241,18971,20426,21296,21806,23086,23916,24556,25851,26321,28326,28711]
resources/preprocessed/Interpolated/Lukas_liegestuetzen3_13_10_2020_Belly.csv:[10996,13021,13716,14996,16811,18696,19246,19761,20441,21391,22421,22711,23926,24566,25261,25691,26626,27351,28531,28796]
resources/preprocessed/Interpolated/Lukas_liegestuetzen2_13_10_2020_RightArm.csv:[36060,36755,37300,38305,38705,39885,40245,41425,41860,42935,43540,44705,45270,46405,46890,48175,48665,49840,50305,51500,51940,53170,53700,54770,55295,56315,57360,57950,58450,59675,60920,61525,63405,64070,65960,67195,69430,70150,70785,71485,72050,72635,73545]
resources/preprocessed/Interpolated/Lukas_liegestuetzen2_13_10_2020_LeftArm.csv:[36080,36655,37320,38285,38700,39725,40345,41300,41930,42780,43540,44690,45230,46265,47005,48175,48685,49835,50335,51260,51990,53175,53650,54660,55290,56115,56870,57970,58575,59590,60215,61515,62125,63425,64035,64610,66055,67165,67700,69430,70110,70750,71490,72970,73795]
resources/preprocessed/Interpolated/Lukas_liegestuetzen2_13_10_2020_Chest.csv:[36105,36690,37300,37925,38585,39675,40340,41290,42385,43320,43920,44430,45820,46330,47775,48440,48980,50095,51635,52485,53030,53410,54595,55260,56060,57345,57795,58880,59450,60510,61285,64310,65585,66210,66965,67615,68845,69585,70795,71500,72140,73995]
resources/preprocessed/Interpolated/Lukas_liegestuetzen2_13_10_2020_Belly.csv:[36000,36385,36995,37565,38145,38685,39680,40675,41340,41965,42950,43585,44340,45105,46345,47125,47870,48970,49825,50895,51530,51830,53550,54685,55355,56025,56750,57805,58520,59375,60580,61185,61935,62585,62855,63900,65050,65595,66420,67300,67910,68570,69410,70010,70540,71555,72185,73090,73905]
resources/preprocessed/Interpolated/Lukas_liegestuetzen1_13_10_2020_Belly.csv:[38165,39130,39535,40770,41315,42560,43615,44485,45245,45870,46500,47895,48765,49730,50560,51655,52275,53340,54260,55315,56340,56965,58150,58725,59785,60825,61210,62020,62475,63830,64455,65775,66480,67665,69130,69595,70135,70665,72530,73190,73810,74745,75450,76340,77410,77945,78300,79030,79680,79965,81635,82825,83995]
resources/preprocessed/Interpolated/Jan_liegestuetzen3_13_10_2020_RightArm.csv:[34000,35915,36415,37105,37820,38650,39350,40030,40730,41470,42225,42960,43690,44315,45020,45665,46420,47140,47900,48750,49545,50540,51280,52295,53155,54230,55640,56385,56995]
resources/preprocessed/Interpolated/Jan_liegestuetzen3_13_10_2020_LeftArm.csv:[34000,34345,35905,36355,37200,37825,38610,39410,40080,40705,41445,42170,42925,43610,44330,44990,45670,46430,47085,47925,48720,49555,50545,51290,52305,53455,54195,55735,56225,56955]
resources/preprocessed/Interpolated/Jan_liegestuetzen3_13_10_2020_Belly.csv:[34270,35470,36610,37255,37990,38795,39770,40180,40805,41580,42640,43290,43915,44505,45155,45855,46655,47280,48295,48870,50085,50555,51795,52420,53745,54370,56090,56790]
resources/preprocessed/Interpolated/Jan_liegestuetzen2_13_10_2020_RightArm.csv:[16996,19046,19521,20261,20891,21581,22201,22881,23566,24241,24996,25626,26256,26946,27646,28391,29081,29766,30401,31171,31836,32621,33246,34041,34691,35421,36266,37081,37781,38796,39441,40411,41191,42251,42981,44121,45341,46386,47251,48556,49296,49776,50281,50836]
resources/preprocessed/Interpolated/Jan_liegestuetzen2_13_10_2020_Chest.csv:[16996,17596,18756,19516,20026,20841,21561,22301,22931,23611,24266,24951,25481,26261,27031,27706,28406,29051,29711,30386,31131,31846,32611,33221,34076,34596,35361,36241,37081,37691,38836,39476,40391,41256,42266,43226,44121,45336,46456,47816,48971,50066,50676]
resources/preprocessed/Interpolated/Jan_liegestuetzen2_13_10_2020_Belly.csv:[16996,18036,18736,19691,20326,21061,21686,22306,23086,23746,24411,25066,25706,26366,26991,27781,28501,29121,29826,30511,31241,32066,32671,33291,34066,35176,35591,36326,37121,38236,38841,39846,40496,41646,42306,43481,44231,45541,46511,48256,49006,49691,50451,50961]
resources/preprocessed/Interpolated/2020-07-02_14.59.59_LeftArm.csv:[74111,74787,75295,75907,76451,77047,77619,78243,78795,79419,79923,80363,81123,81687,82183,82759,83591,84159,84599,85347,85935,86503,86995,87499,88355,88943,89435,90863,91439,92023,92859,93523,94103,94611,95583,96375,96959,97463,97923,99995]
resources/preprocessed/Interpolated/Andre_liegestuetzen2_13_10_2020_Belly.csv:[39996,41766,42861,43626,44361,45301,46071,46496,47806,48596,49421,50251,51156,51756,52806,53786,54596,55236,56366,56991,58141,58766,59891,61091,61736,62371,63771,64466,65651,66431,67991,68571,69211,70731,71436,72071,72706,73341,75471,76366,76971,77581,78741,79996]
resources/preprocessed/Interpolated/Jan_liegestuetzen1_13_10_2020_RightArm.csv:[85000,87230,88535,89925,90880,92120,94145,94800,96175,97645,98685,100200,101590,101910,102475,103880,106515,107880,109270,109965,110300,111675,114155,115700,118150,119605,121370,121890,122365,123440,125365,126310,127300,129830,131325,132830,133455,133870,135130,137620,138905,141245,142460,144420,146470,148820,150160,153020,154350,156935,158355,160310,161270,162610,164010,165570,166605,168580,169965,172170,173625,174495,176425,177460,178525,179075,180650,182225,182850,183900]
resources/preprocessed/Interpolated/2020-07-02_14.59.59_Chest.csv:[74079,74815,75203,75703,76671,77203,77679,78855,79359,79819,80807,81219,81723,82799,83107,83611,84127,84639,85523,85979,86483,87491,88015,88487,89543,90059,90515,90891,91543,92795,93623,94883,95663,96547,97555,98367,99063,99995]
resources/preprocessed/Interpolated/2020-07-02_15.13.22_Belly.csv:[23003,23971,24691,25815,26427,26923,27251,27687,28171,28687,29127,29607,30171,30635,31175,31695,32311,32795,33219,33723,34071,34811,35355,35867,36627,37211,37715,38259,38843,39655,39919,40435,41199,42607,43683,44123,44623,45203,46355,46867,47327,47819,49123,50051,50983,51391,51883,53135,54927,55599,55895,56735,58399,58979,59403,60295,60935,61967,62851,63347,64235,65019,65523]
resources/preprocessed/Interpolated/2020-07-02_15.13.22_RightArm.csv:[23003,25099,25659,25995,26479,26879,27375,28187,28591,29063,29675,30135,30639,31131,31727,32239,32747,33311,33843,34327,34903,35427,36059,36551,37103,37711,38287,38831,39303,39907,40615,41111,41615,42299,43019,43611,44115,44799,45735,46263,46831,47407,48387,49019,49595,50127,51063,51859,52403,52935,53547,54935,55427,56259,57439,58387,58979,59763,60279,62183,62859,63631,64195,64655,65095,65927]
resources/preprocessed/Interpolated/Lukas_liegestuetzen1_13_10_2020_Chest.csv:[38300,39165,40550,41275,42450,42875,44135,44750,45705,46400,47645,48240,49455,50230,50605,51390,51935,53080,54010,54915,55535,57110,57700,58850,59455,60700,61325,62205,62950,64430,64875,65495,66125,67125,67815,68350,70085,71770,72250,73070,74710,75470,76080,77165,78180,78975,79560,80685,82735,83455]
resources/preprocessed/Interpolated/Jan_liegestuetzen1_13_10_2020_Chest.csv:[84900,85160,85725,86875,88180,90150,91545,94280,96925,98515,99930,102430,104115,106095,106405,107895,109855,111645,113785,115565,117810,119310,120515,121140,121870,123260,123880,125790,128235,129425,131490,133310,135040,136980,138925,140655,143395,144545,146385,148245,150010,150800,151560,152445,154220,156390,158245,158835,159965,160850,162460,163410,164020,165255,166500,167075,167540,168525,169920,172225,173875,176045,177375,178755,179370,180530,182750,183495,183990]
resources/preprocessed/Interpolated/2020-07-02_14.20.28_RightArm.csv:[61995,62387,62955,63499,63867,64511,65011,65575,66155,66735,67283,67883,68419,68975,69507,70103,70635,71247,71819,72443,73011,73627,74131,74807,75343,76111,76655,77535,78059,79091,79551,80583,81071,81851,82363,83443,84007]
resources/preprocessed/Interpolated/2020-07-02_14.20.28_Belly.csv:[61995,62707,63747,64259,64779,65287,66183,66887,68475,69019,69591,70123,70711,71299,72247,73003,73619,74163,74835,75099,75875,76151,76795,77475,78575,78975,79271,79775,80479,80899,81267,81695,82207,82703,83087,83583,84007]
resources/preprocessed/Interpolated/2020-07-02_14.14.32_RightArm.csv:[32019,33167,33699,34735,35223,36079,36495,37347,37799,38459,39067,39747,40327,41279,41695,42595,43051,43999,44415,45415,45835,46599,47147,48127,48559,49499,49947,50923,51371,52335,52807,53747,54255,55199,55683,56803,57515,58443,58951,60259,60767,62295,62835,63563,64667,64995]
resources/preprocessed/Interpolated/2020-07-02_15.13.22_LeftArm.csv:[23003,24303,25167,26315,26799,27295,28171,28727,29219,29671,30199,30703,31107,31643,32227,32711,33179,33711,34323,34879,35387,35999,36623,37115,37707,38287,38843,39379,39875,40647,41131,41583,42167,43119,43619,44183,44807,45739,46267,46791,47363,48359,49079,49635,50079,50571,51811,52375,52891,53487,54823,55483,56267,56767,57439,58259,58955,59731,60263,62147,62851,63667,64159,66067]
resources/preprocessed/Interpolated/2020-07-02_14.14.32_Belly.csv:[32055,32911,33915,34431,35191,35783,36255,37091,37887,38331,38631,39071,39923,40979,41443,42287,42635,43683,44067,44963,45391,46671,47119,48151,49115,49659,50187,50947,51887,52803,53331,53831,54187,55195,56359,56871,57699,58671,59599,60355,61015,62007,63435,64751]
resources/preprocessed/Interpolated/2020-07-02_14.59.59_RightArm.csv:[74031,74831,75339,75831,76507,77027,77659,78239,78839,79331,79827,80427,81163,81791,82303,82807,83579,84211,84715,85419,85967,86523,87015,87623,88371,88891,89507,90363,90875,91459,92071,92919,93547,94147,94651,95663,96391,96935,97435,98403,99179,99715,99995]
resources/preprocessed/Interpolated/Jan_liegestuetzen3_13_10_2020_Chest.csv:[34000,34785,35660,36310,37140,37765,38520,39335,40135,40700,41580,42195,42835,43590,44425,44965,45820,46420,47170,47975,48805,49780,50595,51235,52360,53335,54300,55725,56810]
resources/preprocessed/Interpolated/2020-07-02_14.20.28_LeftArm.csv:[61995,62395,62887,63459,63863,64523,65015,65559,66103,66727,67275,67859,68375,68939,69495,70099,70615,71251,71767,72427,72935,73607,74123,74787,75303,76047,76639,77439,78043,78951,79535,80427,81039,81863,82359,82827,83959]
resources/preprocessed/Interpolated/2020-07-02_13.00.09_Belly.csv:[26999,27355,28147,28643,29231,30427,30747,31255,31759,32339,32731,33263,33723,34191,34671,35019,35683,36099,36479,37223,37719,38215,39603,40079,40415,40923,41727,42211,42631,43015,43795,44295,44715,45287,46239,46591,47063,47415,48667,49283,49719,50339,50755,51159,51671,52383,53279,53991,54495,55531,56103,56667,57287,57687,58175,58923,59523,59995,60603,61103,61939]
resources/preprocessed/Interpolated/2020-07-02_14.14.32_LeftArm.csv:[32003,32723,33179,33703,34739,35215,36063,36463,37343,37767,38455,39059,39723,40343,41111,41727,42575,43031,43975,44427,45379,45847,46507,47107,48083,48539,49455,49931,50755,51347,52295,52703,53695,54219,55035,55663,56707,57447,58367,58979,60251,60775,62263,62775,64091,64611,64995]
resources/preprocessed/Interpolated/2020-07-02_11.17.39_Belly.csv:[58559,59379,60603,61099,61587,62123,64043,64539,64927,66147,66651,67175,67831,68243,68675,69067,69535,70099,70651,71439,71867,73095,73643,74891,75379,76127,77251,78075,78495,79015,79551,80051,80995,81495,81783,82263,82743,83135,83747,84247,84731,85223,85631,86147,86699,87251,87743,88243,88783,89487,90107,90639,91067,91411,92051,92735,93323,93839,94371,95011,95683,96203,97163,97611,98179,98791,99487,100343,100815,101323,102199,103551,104051,105891,106827,107603,108139]
resources/preprocessed/Interpolated/Andre_liegestuetzen3_13_10_2020_Chest.csv:[31003,31778,32283,32753,33298,34363,34798,36073,36713,38298,39353,39928,40583,41088,42063,43203,43778,44843,46138,46738,47483,48128,48748,49613,50623,51268,52338,53943,54568,56228,57338,57968,58918,59433,59918,60713,62268,63273,64183,65138]
resources/preprocessed/Interpolated/2020-07-02_11.17.39_Chest.csv:[58271,58711,59259,59551,60643,61647,62171,63175,63579,64071,64503,64923,65311,65839,66559,67031,67511,68259,68763,69135,70355,70919,71275,71787,72299,72715,73471,73967,74391,75299,75671,77167,77659,78047,78515,79043,79623,79931,80371,80783,81211,81819,82351,82679,83119,83531,84183,84671,85167,86323,86931,87603,88183,89011,89307,89943,90651,91003,91499,91847,92659,93151,93655,94283,94851,95495,96003,96587,97515,98027,98687,99303,100147,100559,101119,101823,102759,103167,103851,104695,105167,106235,107599,108139]
resources/preprocessed/Interpolated/Jan_liegestuetzen1_13_10_2020_Belly.csv:[85055,86690,88295,90570,91250,91815,93420,95810,96255,97395,99040,99745,100460,101595,103275,103905,104640,105870,106540,107240,109805,110670,111515,112140,112865,113475,114065,114465,115390,116075,116760,117990,118330,119345,120210,120810,121405,121850,122660,123285,124210,124860,125500,127365,127870,128700,130240,131145,131780,132935,133885,134895,135525,136150,137160,137650,138660,139330,141300,142030,143015,143685,145265,146070,146950,147560,148975,150000,150650,151305,153095,153955,154670,155625,157040,157725,158630,159510,161415,162455,163195,164630,165555,166180,166855,167820,168935,169660,170375,171440,172485,173275,173825,174850,176485,177120,178295,179575,180965,181590,182770,183840]
resources/preprocessed/Interpolated/2020-07-02_11.17.39_LeftArm.csv:[58291,58879,59427,60671,61207,62275,62867,64031,64551,65747,66235,67467,67943,69087,69619,70883,71427,72639,73191,73855,74459,75039,76323,76823,78083,78623,79107,79923,80491,81179,81755,82399,83655,84335,84991,85647,86871,87511,88303,88827,89455,89975,90647,91395,92079,92783,93215,93579,94335,95123,95531,96003,96763,97707,98099,98487,99315,101047,101943,103691,104571,105143,106127,107303,108139]
resources/preprocessed/Interpolated/2020-07-02_14.59.59_Belly.csv:[74147,74967,75339,75843,76431,77003,77483,77919,78903,79419,79887,80395,81031,82091,82759,83703,84247,84675,85179,85979,87339,87903,89859,90779,91895,92431,93603,94867,96495,97659,99995]
resources/preprocessed/Interpolated/Andre_Squats_13_10_2020_LeftArm.csv:[60996,62326,62976,63711,64341,64866,65721,67811,68436,68951,71161,72681,73786,74821,76651,77891,79126,80211,81901,82811,84186,84891,86076,87761,88926,89911,91926,93611,94266,95371,96276,97451,98701,99346,99841,102061,103031,104356,105161,106761,108161,108666,110451,111621,112811,114086,115191,116621,117781,118906,119961,121256,122221,123446,124651,125836,126571,127481,128206,128926,130676,131351,131806,132266,132991,133721,134161,134631,135381,136086,136946,137841,138516,139436,140241,140971,141446,142031,142786,143426,143876,144356,145126,145846,146311,146916,147526,148186,148606,149206,149881,150606,151026,151581,152366,153056,153486,154046,154776,155516,155911,156511,157176,157831,158356,158896]
resources/preprocessed/Interpolated/2020-07-02_14.07.33_Chest.csv:[7065,8765,9525,10053,10749,11401,12185,12605,13073,13861,14797,15289,16093,16589,17077,17945,18669,19069,19929,20429,21249,21877,22777,23309,23721,24573,25521,25873,26337,27333,28241,28765,29781,30225,31169,31673,32805,33241,33757,34065,34545,35705,36209,37393,38113,38625,39241,40753,41577,42061,43421,44085]
resources/preprocessed/Interpolated/2020-07-02_11.17.39_RightArm.csv:[58351,58851,60011,60591,61803,62319,62871,64023,64559,65719,66231,67423,68275,69063,69619,70859,71435,72671,73191,74423,75035,76279,76819,78063,78643,79903,80527,81783,82411,83631,84335,85019,85619,86867,87587,88315,88831,89427,89995,91347,92071,92811,93603,94287,95131,95523,95983,96767,97723,98499,99331,101075,101967,103699,104563,105119,105867,107335,108139]
resources/preprocessed/Interpolated/Andre_liegestuetzen3_13_10_2020_RightArm.csv:[31003,31788,32338,33538,33963,34418,35653,36823,37263,38453,38908,40018,40438,40948,42063,43323,43793,45023,45488,46768,47258,48498,48943,50628,51253,52778,53323,53798,54358,54983,55493,56103,56838,57453,57968,58453,59458,60168,60743,61303,62233,62863,63588,64238,65498]
resources/preprocessed/Interpolated/2020-07-02_12.50.00_LeftArm.csv:[16003,16431,16931,17619,18395,19027,19755,20327,20895,22255,22787,23295,23847,24403,24955,25439,25891,26467,26995,27439,27871,28519,29047,29519,29967,30479,31043,31531,31923,32479,33051,33503,33999,34515,35083,35583,36143,36727,37351,37823,38307,38891,39479,40035,40691,41263,41827,42295,42739,43343,43955,44447,44931,45563,46163,46675,47291,47959,48687,49207,49775,50471,51235,51739,52291,53151,54103,54587,55087,55799,56751,57431,58335,59323,59735,60095,61023,62191,62683,62995]
resources/preprocessed/Interpolated/2020-07-02_14.20.28_Chest.csv:[61995,62723,64467,64971,65487,66463,67203,68235,68863,69371,69955,70475,71115,71667,72283,72783,73427,73995,74663,75171,75859,76683,77199,78327,78807,79551,80123,81159,81695,82195,82679,83111,83611]
resources/preprocessed/Interpolated/2020-07-02_14.07.33_RightArm.csv:[7005,8153,8693,9913,10313,11177,11593,12289,12921,13817,14217,15101,15557,16421,16853,17525,18125,18765,19417,20277,20725,21657,22125,23113,23605,24253,24869,25605,26241,27001,27609,28477,29017,30037,30517,31309,31909,32761,33409,34153,34861,35665,36329,37177,37781,38801,39353,40377,41013,42217,43329,44117]
resources/preprocessed/Interpolated/Lukas_liegestuetzen1_13_10_2020_RightArm.csv:[38230,39180,40285,41190,42535,42980,44350,44830,46090,46620,47850,48360,49580,50085,50560,51405,51870,53285,53785,55225,55705,57075,57540,58855,59455,60800,61325,62640,63065,64440,65790,66395,67610,68215,68575,69105,70125,70700,71985,72465,73750,74270,75490,75955,77175,77700,78955,80230,80845,83995]
resources/preprocessed/Interpolated/2020-07-02_14.07.33_Belly.csv:[7025,7905,8277,9557,10089,10993,11733,12481,12961,13861,14765,15177,16077,16501,17045,17653,18129,18433,19045,19977,20469,21313,21749,22721,23213,23665,24569,25441,25781,26769,27277,28153,28641,29649,29997,30501,31509,32193,32857,33361,34309,35165,36157,36657,37161,38005,38793,39729,40473,40897,41977,42465,43309,44117]
resources/preprocessed/Interpolated/Andre_liegestuetzen1_13_10_2020_RightArm.csv:[16996,17781,18251,18831,19611,20146,21386,21861,23131,23551,24781,25366,26456,27026,28221,28661,29811,30346,31386,31836,32981,33481,34586,35041,36241,36771,37881,38446,39466,39866,41076,41526,42726,43161,44161,44796,46061,46566,47561,48286,48701,50001,51086,51816,53206,53681,55211,55626,56241,56741,57356,57881,59516,60096,61236,61816,62466,63031,63651,64606,65241,65901,66986]
resources/preprocessed/Interpolated/2020-07-02_12.50.00_RightArm.csv:[16111,16971,17691,18419,19051,19767,20339,20911,22235,22803,23303,23795,24435,24967,25463,25895,26479,26999,27499,27835,28467,29063,29559,29963,30551,31091,31567,31919,32447,33051,33523,33931,34591,35131,35623,36123,36723,37367,37863,38255,38939,39507,40071,40655,41255,41887,42367,42695,43371,44023,44519,44915,45547,46195,46711,47279,47919,48727,49247,49783,50511,51271,51751,52235,53151,54147,54619,55119,55851,56779,57455,58319,59411,60107,61019,62303,62683,62995]
resources/preprocessed/Interpolated/Andre_Squats2_13_10_2020_Belly.csv:[47560,49805,50395,50815,52130,52520,53330,54280,54780,55280,55650,56690,57215,59055,59530,60070,60685,61345,61900,62455,63075,63800,64380,64825,66360,66895,68775,70345,72345,75070,76295,77590,79875,80940,83035,84690,85315,85785,87145,88140,90130,92940,94405,95610,96980,98235,100230,101570,102585,103820,104850,106190,107110,108340,108960,111280,112230,113410,113910,114490,115420,116095,118250,120500,123115,124080,124685,125765,127970,128455,129640,130925,132555,133715,134760,135740,136790,137665,139295,140260,141515,142685,143765,144810,146440,147975,148970,150350,151180,152580,153605,154585,155795,156935,158375,159010,160705,161380,163075,164100,165370,166895,168005,168805,170135,171180,173010,174005,175535,176425,176820,178460,179045,180390,181710,183065,184060,185425,186360,188025,189205,190395,191345,192780,193940,195230,196115,197250,198500,199260,199885,201340,201890,202790,203625,204535,205950,207180,208380,209420,210425,211685,212870,213995]
resources/preprocessed/Interpolated/2020-07-02_12.50.00_Chest.csv:[16343,16663,17759,18167,18583,18959,19735,20567,21271,21539,22043,22595,22983,23439,24107,24607,25107,25619,26219,26723,28103,28631,30059,31347,32151,32999,33643,34155,35687,36415,37323,38003,38331,38987,39591,40387,40899,41823,42931,43635,44119,44611,45163,45503,46275,46779,47495,47935,48463,49467,50063,50419,51323,51943,52439,53055,53587,54271,54807,55315,55747,57587,58263,59619,59967,60363,61019,61539,61923,62383,62879]
resources/preprocessed/Interpolated/2020-07-02_13.00.09_Chest.csv:[26999,27399,28815,29315,30191,31387,31899,32763,33159,33871,34583,35115,35811,36243,37095,37731,38207,38567,39063,39683,40639,41139,41799,42475,43211,43867,44783,45407,46119,46847,47223,47715,48755,49115,50003,50551,51343,51807,52379,53259,54091,54595,55191,55751,56219,56711,56991,57455,58043,59483,60083,60727,61595,62411]
resources/preprocessed/Interpolated/2020-07-02_13.00.09_RightArm.csv:[26999,27455,28127,28611,28979,29487,29983,30759,31311,31879,32599,33239,33767,34531,35039,35707,37055,37627,38383,38979,39663,40391,41099,41743,43079,44499,45291,46243,46923,47635,49167,49827,50819,51199,51647,52419,53435,53835,54327,55147,56663,57231,58139,58827,60107,60735,62331]
resources/preprocessed/Interpolated/2020-07-02_15.13.22_Chest.csv:[23003,24171,24459,25231,25863,26367,26879,28051,28779,29443,30039,31523,32087,32787,33143,33599,34067,34763,35283,35767,36615,37307,37975,38611,39491,40235,41087,41759,42191,42667,43583,44151,44727,45239,46291,46735,47323,47827,49071,49775,50043,50543,50967,51807,52387,52835,53315,55095,55751,56295,56787,58367,59251,59747,60235,60923,61467,61967,62899,63599,64167,64819,65755]
resources/preprocessed/Interpolated/Andre_liegestuetzen1_13_10_2020_Belly.csv:[16996,17746,18376,18831,20201,21436,22061,22621,23556,24026,24881,25336,26546,27056,29536,30261,31576,32401,33026,33446,33846,35031,36006,36781,37631,38236,39126,39816,41031,41496,42666,43131,43611,44851,45971,46521,47396,48226,48926,50091,51021,51841,52566,53646,54701,55076,55726,56371,56781,57371,58076,58651,59991,61321,62921,63556,64741,65231,65841,66641]
resources/preprocessed/Interpolated/2020-07-02_15.31.36_Belly.csv:[72499,73235,73735,74811,75335,77551,78675,79479,80251,80743,81839,82639,83503,85079,85875,86383,87099,87675,88671,89223,89595,90931,91431,92087,92711,93599,94387,95083,95579,96031,96527,97367,97679,98263,98947,99435,99791,100299,101319,102759,103855,105123,106399,107719,109223,110395,111991,113263,113931]
resources/preprocessed/Interpolated/Jan_liegestuetzen2_13_10_2020_LeftArm.csv:[17271,19011,19446,20301,20866,21596,22226,22856,23486,24191,24811,25536,26166,26916,27556,28376,29011,29641,30371,31021,31781,32496,33216,33951,34666,35456,36186,37016,37781,38726,39481,40376,41211,42196,43091,44126,45326,46321,47236,48426,49131,49856,50996]
resources/preprocessed/Interpolated/2020-07-02_15.31.36_Chest.csv:[72271,72595,73323,73743,74791,76023,77295,78919,80055,81283,81983,82559,83379,84263,84759,85791,86395,86931,87663,89163,89639,90911,91395,92139,92783,93115,93607,94423,94931,95435,95899,96699,97399,98927,100363,101287,101839,102299,102787,103907,104355,104831,105307,106419,107423,107919,109111,110359,111011,111631,111935,113279,113915]
resources/preprocessed/Interpolated/Andre_Squats_13_10_2020_RightArm.csv:[60996,62261,62941,63726,64271,64871,66141,67391,68486,69831,71291,72681,73816,74851,76941,77891,79136,80231,81871,82931,84136,85271,86846,87851,88946,89571,91796,93351,94466,95431,97096,98251,99321,100256,102111,103036,104301,105336,106806,108171,109386,110591,111271,112761,114076,115451,116656,118221,118916,120061,121186,122211,123436,124681,125746,126571,127556,128226,128851,129291,129976,130666,131351,132321,132986,133731,134156,134716,135366,137006,137731,138521,138951,139511,140221,141011,141441,142051,142791,143501,144461,145166,145891,146516,146936,147551,148196,148681,149226,149881,150646,151021,151571,152326,153016,153551,154096,154756,155411,155901,156536,157186,157851,158331,158931]
resources/preprocessed/Interpolated/2020-07-02_14.14.32_Chest.csv:[32011,32979,33859,34615,35147,35779,36411,37071,37551,38383,38883,39635,40135,40963,41499,42283,42919,43719,44107,45139,45651,47043,47543,47835,48351,49147,49639,50391,51123,51967,52831,53623,54075,54683,55743,56211,56639,57151,57831,58307,58931,59671,60163,60527,61419,62391,63435,63899,64775]
resources/preprocessed/Interpolated/2020-07-02_15.31.36_LeftArm.csv:[72271,72699,73331,73735,74811,75823,77267,77767,78827,80235,80863,81751,82595,83547,84967,85843,86395,87159,87887,88383,88859,89259,89951,90515,90951,91451,92163,92751,93111,93659,94391,95015,95619,96251,96703,97207,97619,98471,98963,99527,100055,101303,101891,102379,103411,103895,104383,104871,105359,106423,106999,107491,108475,109095,109731,110255,111099,111775,112443,112871,113287,113627]
resources/preprocessed/Interpolated/2020-07-02_15.31.36_RightArm.csv:[72435,73291,73739,75859,76515,77299,77911,78675,80147,80647,81803,82447,83491,85043,85771,86391,87207,87803,88355,88871,89283,89963,90515,91027,91671,92175,92683,93223,93847,94411,94923,95439,96203,96623,97155,97667,98543,98987,99455,99939,100759,101331,101851,102375,103291,103863,104395,104883,105807,106423,107011,107547,108447,109107,109671,110227,111083,111815,112427,112919,113975]
resources/preprocessed/Interpolated/Andre_Squats2_13_10_2020_Chest.csv:[47500,48750,49160,49865,50335,50805,51430,52150,52695,53135,53665,54340,54885,55350,55995,56635,57260,57645,58410,59055,60110,60765,61385,61945,62475,63120,63750,64325,64795,65495,66715,68785,69835,70855,72315,73720,74135,74845,76440,78415,79715,81640,82965,84805,86900,87940,89885,90835,91355,92140,92630,93295,94130,95635,96945,98415,99040,99440,100060,101165,102865,103905,104860,106795,108090,109015,109755,110560,111660,112685,113640,114750,115675,116735,118225,119615,120210,121340,121950,122470,123085,123740,124985,126340,127860,128420,129780,131245,132310,133305,134640,135855,136835,138000,139360,140755,141515,142600,144045,145435,146435,147585,148810,150345,151660,152295,153670,155160,155935,156860,157845,159765,160470,161695,163370,164410,165385,167000,167785,168805,170230,171185,173405,174690,175445,176975,178395,179565,180445,181685,182540,184510,185400,186930,187555,189485,190415,191165,193135,194340,195225,196120,197905,199500,202750,203835,204540,206135,207425,208685,209540,211065,212120,213630,213995]
resources/preprocessed/Interpolated/2020-07-02_14.07.33_LeftArm.csv:[7005,8173,8681,9929,10349,11177,11593,12297,12861,13813,14201,15097,15505,16453,16865,17593,18129,18837,19349,20285,20717,21657,22117,23069,23549,24277,24873,25609,26221,27129,27625,28377,29053,29897,30529,31313,31893,32697,33345,34153,34789,35629,36297,37117,37717,38765,39301,40345,40953,42021,43141,44069]
resources/preprocessed/Interpolated/Andre_Squats2_13_10_2020_RightArm.csv:[47500,48575,49120,49705,50325,50935,51450,52030,52590,53115,53670,54335,54765,55365,55945,56560,56975,57650,58305,58940,59485,60120,60715,61340,61810,62480,63105,63730,64350,64850,65540,66565,68610,69880,72450,73990,75995,77620,79625,81265,82945,84625,86585,88390,89975,91910,93960,96040,96990,98965,100550,102115,102525,103255,104625,105460,107600,108835,109505,110170,111635,113650,114600,115360,116295,117165,117745,118815,120435,120980,121605,122260,123390,124945,126360,127055,128380,129760,130995,132070,133375,134555,135520,136845,138025,139065,140080,141470,142850,143950,144975,146330,147520,148935,149900,151005,151890,153510,154530,155905,157035,158145,159585,159960,160585,161750,163095,164060,165490,166885,167820,168865,170300,171225,173290,173965,175500,176880,178165,178880,180320,181775,182795,183845,185380,186870,187840,188860,190305,191675,192745,193905,195125,196390,197500,198565,199305,201330,202020,203010,204550,206075,206950,208575,209475,210830,211855,212680,213995]
resources/preprocessed/Interpolated/Andre_liegestuetzen1_13_10_2020_LeftArm.csv:[16996,17761,18351,19586,20196,21081,21876,22796,23511,24776,25321,26461,26876,27366,28636,29496,30226,31361,31806,32711,33346,34261,35046,35876,36666,37591,38311,39141,39856,40786,41526,42701,43241,44376,44851,46051,46601,47571,48321,49511,50126,51001,51916,52971,53751,55201,55781,57316,57946,58686,59496,60171,61226,61826,62441,63086,64611,65221,65851,66996]
resources/preprocessed/Interpolated/2020-07-02_13.00.09_LeftArm.csv:[26999,27519,28143,28603,29027,29547,29979,30419,30787,31335,31875,32315,32643,33183,33731,34183,34547,35103,35703,36455,37083,37671,38979,39659,40087,40411,41083,41747,43099,43819,44527,45311,46207,47675,48623,49123,49923,50763,51187,51631,52499,53327,53875,54391,55183,56199,56683,57203,58203,59419,60059,60771,62391]
resources/preprocessed/Interpolated/Andre_liegestuetzen3_13_10_2020_LeftArm.csv:[31098,31798,32408,33188,33903,34443,35628,36463,37278,38138,38908,39738,40468,41413,42098,43063,43858,45013,45558,46763,47318,48238,49203,50638,51263,52493,53408,55008,55598,57453,58123,58763,59508,60158,60718,61353,62368,62823,63768,64403,65018]
resources/preprocessed/Interpolated/Lukas_liegestuetzen1_13_10_2020_LeftArm.csv:[38255,39160,39540,40395,41195,42525,43075,44175,44810,46090,46720,47790,48290,49435,50175,51380,51965,53260,53775,55190,55815,57080,57705,58835,59420,60785,61225,62600,63075,64400,65780,66395,66900,68205,68820,70125,70735,71980,72530,73720,74290,75505,76015,77165,77735,78960,79570,80825,81360,82335,83995]
resources/preprocessed/Interpolated/Andre_Squats2_13_10_2020_LeftArm.csv:[47500,48565,49125,49785,50320,50930,51430,52025,52570,53170,53710,54335,54750,55380,55940,56600,57115,57695,58350,58980,59590,60140,60745,61345,61815,62320,63125,63720,64280,64705,65405,66750,68640,70145,72300,73910,75920,77455,79635,80980,82930,84685,86630,88380,90005,92080,93885,95260,97115,99025,100610,103045,104060,105145,105710,106345,107615,109455,112325,113175,113785,114870,116260,117335,118015,119340,120025,121000,121625,122975,123505,124845,125670,126765,127535,128240,129620,131065,132260,132955,134495,135620,136900,137820,139235,140170,141460,142900,143875,145395,146315,147535,148870,149905,150990,151685,153565,154660,155965,157050,157805,159270,160605,161525,162540,164155,165260,165885,168065,168780,170200,171415,172840,174345,175415,176955,178195,178940,180345,181370,182935,183855,185315,186800,188105,188730,190110,190950,192875,193915,195100,196200,197570,198650,199325,200170,202090,203020,204380,205435,206860,208685,209390,211105,212060,212830,213645]
resources/preprocessed/Interpolated/Andre_Squats_13_10_2020_Belly.csv:[60996,62021,63041,63651,64176,64756,66311,67556,68491,69341,71706,72751,74141,74926,77176,78031,79116,80011,80856,82196,83051,84206,84971,85786,87146,88051,89146,90161,92066,93061,94276,95171,96956,98301,99236,100181,102206,103181,104416,105231,107196,108191,109296,110241,111746,113001,114136,115061,116596,117861,119076,120791,121626,122421,123546,124491,125146,125956,126596,127136,128301,128921,129526,130041,130821,131396,131976,132546,133156,133806,134311,134836,135566,136126,136701,137246,137956,138541,139031,139751,140421,141036,141576,142111,142871,143491,144051,144521,145266,145891,146481,147651,148146,148716,149306,150086,150606,151156,151776,152426,153026,153646,154811,155406,155971,156581,157326,157916,158486,158996]
resources/preprocessed/Interpolated/Andre_liegestuetzen2_13_10_2020_Chest.csv:[40071,41081,42361,43676,43956,45476,46751,47291,47841,48926,49761,50581,51196,52381,52926,54116,54536,55131,56326,56771,57321,57691,58221,59436,60071,61366,62701,63001,64361,64871,67131,67691,68296,68921,69556,70266,70546,71131,72711,73046,73586,74216,75271,75751,76331,77101,77661,78181,79076,79666]
resources/preprocessed/Interpolated/Andre_liegestuetzen2_13_10_2020_LeftArm.csv:[39996,40466,41176,42141,42876,43701,44461,45376,46041,47011,47776,48711,49561,50451,51091,52176,52876,53851,54621,55636,56371,57736,58366,59286,60071,61156,61896,63351,63926,64971,65816,67321,67981,69636,70256,72051,72611,73726,74106,74741,75406,76666,77281,77756,78641,79621,79996]
resources/preprocessed/Interpolated/Lukas_liegestuetzen3_13_10_2020_LeftArm.csv:[11331,11971,12451,13691,14321,15286,15851,16421,17006,17631,18261,18896,19606,20416,21036,21861,22471,23261,23896,24911,25526,26656,28796]
resources/preprocessed/Interpolated/Andre_liegestuetzen1_13_10_2020_Chest.csv:[16996,17531,19236,20251,21126,21816,22566,23571,24551,25296,26191,26926,27951,28616,29861,30476,31381,31986,32811,33366,34406,35031,35971,36686,37606,38361,39421,40011,41041,41516,42731,43176,44256,44806,45871,46516,47486,48246,49286,49996,51281,51831,53121,53731,54596,55096,55721,57316,57941,59171,60111,60746,61191,62241,63051,63676,64306,65216,65841,66996]
resources/preprocessed/Interpolated/Andre_liegestuetzen2_13_10_2020_RightArm.csv:[39996,40766,41091,42451,42856,44016,44421,45686,46076,47341,47906,49076,49511,50701,51161,52436,52836,54111,54621,55926,56256,57791,58181,59531,59941,61381,61896,63366,63696,64326,65241,65826,67461,68006,68541,69151,69671,70191,71471,72091,72636,73316,74141,74766,75366,76471,77156,77771,78661,79456,79996]
resources/preprocessed/Interpolated/2020-07-02_12.50.00_Belly.csv:[16067,16575,17559,18179,18791,19375,19755,20115,20619,21339,22667,23299,24739,25559,26471,27415,28059,28339,28987,29547,29991,31595,32615,33579,34679,35655,36319,36831,37327,37975,38375,39459,40035,41099,41783,42283,43051,43551,43931,44527,45043,46083,46695,47855,49351,49875,50219,51163,51715,52355,53103,54059,54627,55147,55915,56719,57111,57431,57803,58283,58855,59363,59863,60391,60735,61623,62147,62547,62995]
resources/preprocessed/Interpolated/Andre_liegestuetzen3_13_10_2020_Belly.csv:[30998,31588,32278,32823,33913,34413,35243,35748,36403,37053,37688,38633,39263,40193,41068,41928,43148,43783,44308,45403,46688,47228,47813,49018,50198,51243,52658,53213,53773,54388,55563,56553,57858,59123,59888,60313,60813,61438,61983,62648,63228,65183,65448]
resources/preprocessed/Interpolated/Andre_Squats_13_10_2020_Chest.csv:[60996,62141,62906,63741,64321,64756,66241,67571,68436,69171,71196,73271,73901,75166,77011,78516,79201,80236,81971,83616,84251,84916,85921,86981,88556,89301,90176,92001,93636,94291,94976,97191,98786,99501,100276,101091,101596,102231,103646,104371,105346,107011,108676,109371,110406,111531,113496,114151,115116,116891,118126,118891,119986,121471,122846,123541,124256,125701,126641,127276,128251,128996,129541,129976,130696,131361,132036,132576,133121,133751,134356,134781,135426,136126,136756,137236,137846,138546,139161,139786,140411,140991,141646,142101,142841,143526,144116,145166,145891,146536,147046,147576,148216,148791,149221,149916,150606,151196,151621,152326,153086,153716,154111,154751,155456,156071,156546,157211,157901,158551,158996]
resources/preprocessed/Interpolated/Jan_liegestuetzen1_13_10_2020_LeftArm.csv:[84915,86710,88485,89500,90890,92115,94640,96125,97640,98235,98620,100080,101605,102220,102740,103935,106555,107690,110275,111590,113250,114145,115670,118080,119505,121315,121880,122340,123340,125595,127210,129000,129550,129975,131050,133310,134860,137390,138670,141100,142480,144990,146380,148730,150020,150850,152775,154285,156870,158065,158760,159350,161145,162585,165225,166450,168565,169680,172235,174190,176020,177345,178785,179380,180785,182710,183745]
