resources/preprocessed/Interpolated/Lukas_liegestuetzen3_13_10_2020_RightArm.csv:[12131,15496,19281,25116]
resources/preprocessed/Interpolated/Lukas_liegestuetzen3_13_10_2020_Chest.csv:[16141,18601,22731]
resources/preprocessed/Interpolated/Lukas_liegestuetzen3_13_10_2020_Belly.csv:[15486,19291,22726]
resources/preprocessed/Interpolated/Lukas_liegestuetzen2_13_10_2020_RightArm.csv:[39200,42255,46480,49910,53260,56405,64210,67375,71675]
resources/preprocessed/Interpolated/Lukas_liegestuetzen2_13_10_2020_LeftArm.csv:[39955,42265,44790,49000,51595,55525,58060,61640,64200,67380,70355]
resources/preprocessed/Interpolated/Lukas_liegestuetzen2_13_10_2020_Chest.csv:[40720,43065,46500,49000,51600,55550,64200,67375,71685]
resources/preprocessed/Interpolated/Lukas_liegestuetzen2_13_10_2020_Belly.csv:[37610,39985,43065,48990,51605,55540,64225,67385,71620]
resources/preprocessed/Interpolated/Lukas_liegestuetzen1_13_10_2020_Belly.csv:[40095,44420,46990,50480,56095,58910,61640,64480,68255,73820,77270,80910]
resources/preprocessed/Interpolated/Jan_liegestuetzen3_13_10_2020_RightArm.csv:[38950,43920,47485,52580]
resources/preprocessed/Interpolated/Jan_liegestuetzen3_13_10_2020_LeftArm.csv:[34000,37495,40425,43295,46080,50840,53205]
resources/preprocessed/Interpolated/Jan_liegestuetzen3_13_10_2020_Belly.csv:[36745,43935,47505,52600]
resources/preprocessed/Interpolated/Jan_liegestuetzen2_13_10_2020_RightArm.csv:[20566,24626,28696,32871,35801,39021,44381]
resources/preprocessed/Interpolated/Jan_liegestuetzen2_13_10_2020_Chest.csv:[20571,25246,28706,31476,35816,45056]
resources/preprocessed/Interpolated/Jan_liegestuetzen2_13_10_2020_Belly.csv:[19806,24626,27286,30721,33486,46656,49726]
resources/preprocessed/Interpolated/2020-07-02_14.59.59_LeftArm.csv:[74923,78151,80263,82687,85051,87431,89903,92443,94279,97179]
resources/preprocessed/Interpolated/Andre_liegestuetzen2_13_10_2020_Belly.csv:[43316,49901,53256,58611,61446,65321,72151,74816,77846]
resources/preprocessed/Interpolated/Jan_liegestuetzen1_13_10_2020_RightArm.csv:[86700,94715,98645,102690,106355,110285,114230,118190,122615,126280,129920,133870,137530,141380,145145,149010,153155,157110,161445,165700,169005,173645,176535,181130]
resources/preprocessed/Interpolated/2020-07-02_14.59.59_Chest.csv:[75971,79415,81779,84271,86591,89059,91531,94251,97151,99199]
resources/preprocessed/Interpolated/2020-07-02_15.13.22_Belly.csv:[26875,30675,32827,34895,37199,39427,41635,44255,46891,49731,52551,55587,59103,62975]
resources/preprocessed/Interpolated/2020-07-02_15.13.22_RightArm.csv:[23003,25991,28415,30759,32859,35051,37227,39455,41719,44291,46943,49783,52547,55675,59207,63059]
resources/preprocessed/Interpolated/Lukas_liegestuetzen1_13_10_2020_Chest.csv:[40825,44410,47005,50485,53310,56100,58895,61655,64465,68245,73790,77265,80900]
resources/preprocessed/Interpolated/Jan_liegestuetzen1_13_10_2020_Chest.csv:[86645,90800,94610,98490,102460,106330,110195,114195,118150,122190,126140,129860,133675,137510,141180,144970,148850,152950,156915,161240,165605,168920,172575,176460,180975]
resources/preprocessed/Interpolated/2020-07-02_14.20.28_RightArm.csv:[64307,66487,68715,70847,72751,78391,82539]
resources/preprocessed/Interpolated/2020-07-02_14.20.28_Belly.csv:[64303,67055,69311,73363,75727,78411,83131]
resources/preprocessed/Interpolated/2020-07-02_14.14.32_RightArm.csv:[35619,38175,42031,44791,46935,48919,52503,55971,58275,62455]
resources/preprocessed/Interpolated/2020-07-02_15.13.22_LeftArm.csv:[26003,28699,31635,33627,35879,37983,41731,44283,46951,49775,52543,55671,63015,65607]
resources/preprocessed/Interpolated/2020-07-02_14.14.32_Belly.csv:[34487,39475,41431,45551,48267,53103,55987,60379,62367,64807]
resources/preprocessed/Interpolated/2020-07-02_14.59.59_RightArm.csv:[75031,77171,79371,82687,85051,87451,89939,92495,95119,97175]
resources/preprocessed/Interpolated/Jan_liegestuetzen3_13_10_2020_Chest.csv:[37520,40430,44710,47510,53245]
resources/preprocessed/Interpolated/2020-07-02_14.20.28_LeftArm.csv:[64859,68651,72659,75583,78347,83095]
resources/preprocessed/Interpolated/2020-07-02_13.00.09_Belly.csv:[29859,32659,35583,37515,42451,44519,46999,49135,51599,54163,57215]
resources/preprocessed/Interpolated/2020-07-02_14.14.32_LeftArm.csv:[35587,37531,39415,41423,43367,48263,50271,54423,57639,62467,64875]
resources/preprocessed/Interpolated/2020-07-02_11.17.39_Belly.csv:[61923,66195,68647,73871,76619,80311,82239,85991,88087,90419,93643,96067,98567,101195,103903]
resources/preprocessed/Interpolated/Andre_liegestuetzen3_13_10_2020_Chest.csv:[33623,39263,41718,48563,52793,57478,60233,62908]
resources/preprocessed/Interpolated/2020-07-02_11.17.39_Chest.csv:[58387,61931,66195,68667,73907,76671,80375,83127,86043,90431,92387,94671,97223,99487,103875,107519]
resources/preprocessed/Interpolated/Jan_liegestuetzen1_13_10_2020_Belly.csv:[86080,88770,92415,96340,100290,104145,108000,111910,115870,118135,122090,126160,129885,133710,137505,141205,144965,148845,152945,156870,161205,165620,168910,172555,176430,180980]
resources/preprocessed/Interpolated/2020-07-02_11.17.39_LeftArm.csv:[58227,60523,63571,68687,73791,76603,80527,83155,86023,90491,93615,95987,100795,103831,107579]
resources/preprocessed/Interpolated/2020-07-02_14.59.59_Belly.csv:[74871,76995,79403,81779,84235,86575,89883,92415,94223,97143]
resources/preprocessed/Interpolated/Andre_Squats_13_10_2020_LeftArm.csv:[63491,67041,73386,77421,82501,87546,92546,97766,102691,105511,108741,112601,117291,121916,126521,128906,133676,136781,139126,141606,144116,148161,152881,155366,158536]
resources/preprocessed/Interpolated/2020-07-02_14.07.33_Chest.csv:[10101,12645,15289,17845,19797,22489,24609,27321,30885,35149,38085,42969]
resources/preprocessed/Interpolated/2020-07-02_11.17.39_RightArm.csv:[62851,66199,69555,73827,77615,80415,83111,86187,88119,90379,92387,94691,97227,99695,102015,103875,107611]
resources/preprocessed/Interpolated/Andre_liegestuetzen3_13_10_2020_RightArm.csv:[34433,37683,40888,45878,52783,57653,60308,63073]
resources/preprocessed/Interpolated/2020-07-02_12.50.00_LeftArm.csv:[21615,24963,26935,29819,31823,34971,37203,39367,41727,43783,45983,48383]
resources/preprocessed/Interpolated/2020-07-02_14.20.28_Chest.csv:[64883,67087,70451,73379,76395,78427,83163]
resources/preprocessed/Interpolated/2020-07-02_14.07.33_RightArm.csv:[10685,13977,16565,19729,22457,27937,31629,35973,38965,42937]
resources/preprocessed/Interpolated/Lukas_liegestuetzen1_13_10_2020_RightArm.csv:[40105,43560,46985,50475,55170,58875,61665,64420,68235,72045,77245]
resources/preprocessed/Interpolated/2020-07-02_14.07.33_Belly.csv:[10097,14649,17845,21109,23921,26581,30849,33025,35937,39585]
resources/preprocessed/Interpolated/Andre_liegestuetzen1_13_10_2020_RightArm.csv:[19611,23141,26506,30631,34621,37071,41891,44456,48686,57411,62686,65411]
resources/preprocessed/Interpolated/2020-07-02_12.50.00_RightArm.csv:[16043,21651,24959,26935,28999,31955,34975,37175,39379,41723,43763,45971,48399]
resources/preprocessed/Interpolated/Andre_Squats2_13_10_2020_Belly.csv:[49725,54275,58940,61315,63675,67960,70705,73365,76820,80325,83735,88965,94435,101525,106105,110020,113300,117130,120265,122790,125985,130675,135400,139870,144720,149670,154130,158910,163605,168670,173870,178645,183470,188700,193520,196530,201280,204380,207790,212610]
resources/preprocessed/Interpolated/2020-07-02_12.50.00_Chest.csv:[18995,22727,24923,26883,28967,30907,32831,34939,37195,39343,41691,43747,45939,48351,50855,53147,54987,57499,60115,62995]
resources/preprocessed/Interpolated/2020-07-02_13.00.09_Chest.csv:[29887,31759,35455,37467,39451,42471,44539,46999,49151,51523,54335,57227,60091]
resources/preprocessed/Interpolated/2020-07-02_13.00.09_RightArm.csv:[30035,31903,36535,40431,42443,44571,49943]
resources/preprocessed/Interpolated/2020-07-02_15.13.22_Chest.csv:[26891,28727,30691,32819,34979,37203,39439,41651,44267,46907,49763,52551,55647,59163,63011]
resources/preprocessed/Interpolated/Andre_liegestuetzen1_13_10_2020_Belly.csv:[19651,23146,25691,30636,33791,37061,41891,46931,51386,62501,65361]
resources/preprocessed/Interpolated/2020-07-02_15.31.36_Belly.csv:[72847,90575,92715,94987,97247,99607,101919,104459,107131,109779,112543]
resources/preprocessed/Interpolated/Jan_liegestuetzen2_13_10_2020_LeftArm.csv:[20541,23271,25946,28691,32891,40676,44446]
resources/preprocessed/Interpolated/2020-07-02_15.31.36_Chest.csv:[72499,88419,90627,92731,94987,97251,99631,101967,104531,106435,109191,112571]
resources/preprocessed/Interpolated/Andre_Squats_13_10_2020_RightArm.csv:[63476,66831,73466,77416,82576,87386,92541,97746,102686,107621,112526,117291,121956,126521,128901,133671,136811,139181,141646,144146,148151,150451,152891,155361,157756]
resources/preprocessed/Interpolated/2020-07-02_14.14.32_Chest.csv:[34491,36923,39495,41451,44859,48963,53151,56035,59279,62443,64879]
resources/preprocessed/Interpolated/2020-07-02_15.31.36_LeftArm.csv:[72559,91467,93635,95831,98159,100423,102911,105487,107875,109815,112587]
resources/preprocessed/Interpolated/2020-07-02_15.31.36_RightArm.csv:[72615,91495,93559,95827,98103,100583,102927,105459,108007,112615]
resources/preprocessed/Interpolated/Andre_Squats2_13_10_2020_Chest.csv:[49730,54275,58950,61320,63680,67950,70760,73330,76825,80270,83740,86085,88980,94465,101550,106175,110030,113240,117125,120255,122840,126010,130685,135375,139895,144710,149715,154135,158915,163650,168670,173875,178655,183485,188685,193520,196525,201280,204390,207785,212570]
resources/preprocessed/Interpolated/2020-07-02_14.07.33_LeftArm.csv:[12033,14605,17817,19765,23261,27273,30185,33585,36573,38933,42329]
resources/preprocessed/Interpolated/Andre_Squats2_13_10_2020_RightArm.csv:[49710,54260,57250,59640,62030,64440,67965,70795,73395,77040,80260,83910,87345,91180,94400,97975,105970,109955,113155,117150,120175,122525,126075,130610,135330,139845,144640,149455,154130,158935,163520,166860,169805,173800,177675,183480,188565,193535,198350,202955,207805,212535]
resources/preprocessed/Interpolated/Andre_liegestuetzen1_13_10_2020_LeftArm.csv:[19606,23141,25661,30621,33046,37056,41151,44471,47881,62581,65391]
resources/preprocessed/Interpolated/2020-07-02_13.00.09_LeftArm.csv:[28743,30703,32799,36475,38739,42515,45939,50539,53011,55543]
resources/preprocessed/Interpolated/Andre_liegestuetzen3_13_10_2020_LeftArm.csv:[33633,38498,45083,48588,55133,57648,60353]
resources/preprocessed/Interpolated/Lukas_liegestuetzen1_13_10_2020_LeftArm.csv:[40110,42540,46985,50445,55205,57880,60795,64430,68240,72045,77245,80905]
resources/preprocessed/Interpolated/Andre_Squats2_13_10_2020_LeftArm.csv:[49735,54275,58955,61315,63675,68005,71185,75385,78790,82180,87285,91240,94385,98230,106120,109970,113140,117260,120175,122525,126060,130690,135310,139835,144690,149635,154125,156970,159845,163630,168695,173755,177750,183470,186770,189900,193480,196715,199850,203180,207760,212640]
resources/preprocessed/Interpolated/Andre_Squats_13_10_2020_Belly.csv:[63491,67031,73456,77466,82516,87411,92581,97766,102721,107621,112561,117286,121981,126531,128911,131986,134371,136746,139136,141596,144116,146461,148881,151201,153646,156061,158536]
resources/preprocessed/Interpolated/Andre_liegestuetzen2_13_10_2020_Chest.csv:[43316,46526,49911,53266,58621,61451,65326,72161,74821,77706]
resources/preprocessed/Interpolated/Andre_liegestuetzen2_13_10_2020_LeftArm.csv:[43306,46511,49901,53266,55976,58621,61466,70596,73136,75881]
resources/preprocessed/Interpolated/Lukas_liegestuetzen3_13_10_2020_LeftArm.csv:[12156,15481,19251,23556]
resources/preprocessed/Interpolated/Andre_liegestuetzen1_13_10_2020_Chest.csv:[19651,23146,26526,30641,33806,37071,42811,48656,62511,65341]
resources/preprocessed/Interpolated/Andre_liegestuetzen2_13_10_2020_RightArm.csv:[43311,49911,53261,58621,64276,67526,72286,74951]
resources/preprocessed/Interpolated/2020-07-02_12.50.00_Belly.csv:[19787,21631,24911,26879,29831,31855,33875,37207,39347,41687,43759,45911,48351,50847,53127,55031,57503,60107,62995]
resources/preprocessed/Interpolated/Andre_liegestuetzen3_13_10_2020_Belly.csv:[33623,39253,42463,45853,48558,52803,58333,61248,63933]
resources/preprocessed/Interpolated/Andre_Squats_13_10_2020_Chest.csv:[63491,67036,73471,77511,82571,87476,92581,97806,102751,107656,112586,117306,121991,127246,129621,132001,134391,136766,139141,141611,144121,146466,148876,152906,155376,157771]
resources/preprocessed/Interpolated/Jan_liegestuetzen1_13_10_2020_LeftArm.csv:[86685,94600,98550,102610,106280,110160,114255,118235,122005,126265,130090,133475,137615,141300,144940,148965,153040,156940,161370,165595,168935,172600,176505,180980]
