resources/preprocessed/Interpolated/Lukas_liegestuetzen3_13_10_2020_RightArm.csv:[11786,14186,16901,18141,19446,20896,22326,23711,25351,27086,28756]
resources/preprocessed/Interpolated/Lukas_liegestuetzen3_13_10_2020_Chest.csv:[11026,12396,14016,18006,20281,21676,23601,25101,26256,28646]
resources/preprocessed/Interpolated/Lukas_liegestuetzen3_13_10_2020_Belly.csv:[11056,13521,15446,16926,19081,21386,22851,24351,25661,27846]
resources/preprocessed/Interpolated/Lukas_liegestuetzen2_13_10_2020_RightArm.csv:[36540,38680,40245,41780,43270,45070,46775,48530,50165,51810,53545,55125,56630,58345,60025,61355,63830,66405,67620,69885,71375,73070]
resources/preprocessed/Interpolated/Lukas_liegestuetzen2_13_10_2020_LeftArm.csv:[36565,38645,40125,41720,43210,45095,46695,48515,50180,51810,53555,55100,56630,58360,60015,61885,63845,66445,67605,69880,71310,73510]
resources/preprocessed/Interpolated/Lukas_liegestuetzen2_13_10_2020_Chest.csv:[36570,38470,40025,41725,43440,45045,46230,48215,50700,52880,55020,56535,58250,59895,61765,64715,66025,67455,69380,71995,73995]
resources/preprocessed/Interpolated/Lukas_liegestuetzen2_13_10_2020_Belly.csv:[36000,38660,40240,41860,43335,44900,48290,49990,52400,55060,57255,58995,60990,63485,65995,68095,72050]
resources/preprocessed/Interpolated/Lukas_liegestuetzen1_13_10_2020_Chest.csv:[38700,41000,42770,44630,46150,48070,49875,51860,53605,55375,56845,59260,62720,64835,68855,70265,72215,73585,75175,77335,78715,81605,83010]
resources/preprocessed/Interpolated/Lukas_liegestuetzen1_13_10_2020_Belly.csv:[38710,41175,42825,44220,45685,47080,48295,50270,52080,53760,55575,56765,58650,60155,62895,64235,66320,68160,69450,72710,75260,76845,78275,80115,82115,83310]
resources/preprocessed/Interpolated/Jan_liegestuetzen3_13_10_2020_RightArm.csv:[34230,36295,37660,39775,41215,42625,44110,45475,46850,48370,50000,51740,53590,55625,56880]
resources/preprocessed/Interpolated/Jan_liegestuetzen3_13_10_2020_LeftArm.csv:[34865,36270,37650,39125,40525,41915,43385,44780,46135,47560,49180,50960,52685,54660,56740]
resources/preprocessed/Interpolated/Jan_liegestuetzen3_13_10_2020_Belly.csv:[34000,37070,38525,41380,42925,44955,47130,48675,50505,52185,54120,56445]
resources/preprocessed/Interpolated/Jan_liegestuetzen2_13_10_2020_RightArm.csv:[17041,20701,22666,24046,25386,26716,28086,29526,30866,32306,33756,35166,36691,38216,39951,41641,43461,45526,46846,49031,50781]
resources/preprocessed/Interpolated/Jan_liegestuetzen2_13_10_2020_Chest.csv:[16996,19206,20571,22006,23336,24671,25991,27336,29446,30901,32291,33801,35121,36691,38191,40031,41666,43531,45661,46821,49376,50571]
resources/preprocessed/Interpolated/Jan_liegestuetzen2_13_10_2020_Belly.csv:[16996,19026,20791,22126,23521,24926,26241,27556,28991,30296,31736,33131,34541,36116,37596,39321,40961,42806,44726,46051,48711,50271]
resources/preprocessed/Interpolated/Andre_liegestuetzen3_13_10_2020_RightArm.csv:[31453,33863,35553,37163,38748,40373,41928,43698,45408,47168,48838,51108,53193,55453,57878,59908,61223,62688,64008,65498]
resources/preprocessed/Interpolated/2020-07-02_14.20.28_RightArm.csv:[62035,64959,66031,67175,68303,69407,70531,71695,72887,74063,75255,76539,77963,79455,80967,82771,83819]
resources/preprocessed/Interpolated/2020-07-02_14.20.28_Belly.csv:[61995,63143,64131,66063,67231,68655,70543,71751,73223,74579,76643,77975,79411,80411,82087,84007]
resources/preprocessed/Interpolated/2020-07-02_14.14.32_RightArm.csv:[32003,35159,36423,37683,38931,40199,41587,42927,44331,45731,47039,48463,49827,51247,52687,54127,55551,57231,58839,60647,62703,64995]
resources/preprocessed/Interpolated/2020-07-02_15.13.22_LeftArm.csv:[23267,25611,26763,28615,30623,32679,34779,37011,38183,39271,41555,42663,44039,45271,46691,47831,48739,50051,51451,52815,54075,55243,56659,58711,60159,62483,64079,66095]
resources/preprocessed/Interpolated/2020-07-02_14.14.32_Belly.csv:[32003,33335,34271,35707,37511,38747,40327,41343,42659,44067,45323,47475,48491,49475,50851,52279,53719,55583,56659,58115,59135,60755,62519,64059,64995]
resources/preprocessed/Interpolated/2020-07-02_14.59.59_RightArm.csv:[74515,76943,78111,79259,80375,81591,84031,85231,86391,87591,88791,90027,91315,92535,93975,95207,96811,97963,99695]
resources/preprocessed/Interpolated/2020-07-02_14.20.28_Chest.csv:[61995,63263,64791,66339,67543,68639,70359,71511,72691,73835,75127,76251,77679,78679,79911,82043,84007]
resources/preprocessed/Interpolated/2020-07-02_14.07.33_RightArm.csv:[7209,10249,11497,12761,14121,15429,16745,18021,19277,20617,22005,23465,24741,26077,27477,28893,30381,31785,33221,34649,36137,37617,39177,40829,42573,43625]
resources/preprocessed/Interpolated/Lukas_liegestuetzen1_13_10_2020_RightArm.csv:[38000,40850,42810,44655,46505,48165,49955,51840,53650,55610,57480,59295,61190,63025,64830,66260,68590,70570,72350,74090,75820,77530,79350,81210,83995]
resources/preprocessed/Interpolated/2020-07-02_14.07.33_Belly.csv:[7197,8345,9965,11405,12897,14337,15581,16917,18173,19453,20361,21717,23137,24421,25761,27137,28513,30037,31381,32609,33869,35565,36649,37713,39273,40841,42365,43741]
resources/preprocessed/Interpolated/2020-07-02_13.00.09_RightArm.csv:[27171,28579,29939,31767,33671,35559,37455,39435,41547,43531,45739,46663,48103,49539,51199,52883,54291,55611,57095,58567,60503,62411]
resources/preprocessed/Interpolated/Jan_liegestuetzen3_13_10_2020_Chest.csv:[34900,36110,37610,39030,40515,41930,43340,44805,46145,47585,49205,50955,52700,54650,56995]
resources/preprocessed/Interpolated/2020-07-02_14.20.28_LeftArm.csv:[61995,63311,65995,67163,68267,69387,70519,71675,72859,74031,75211,76483,77903,79387,80879,82727]
resources/preprocessed/Interpolated-Revised/Jan_liegestuetzen1_13_10_2020_edited_Belly.csv:[72001,73482,75084,76515,78377,79678,80925,82271,83567,86215,88107,90509,91831,93167,94473,95789,97276,98782,100399,102151,104083,106050,108838,110885,112867,114368]
resources/preprocessed/Interpolated/2020-07-02_12.50.00_LeftArm.csv:[16271,18151,19487,20799,22699,23795,24895,26927,28943,30987,32955,35011,36083,37231,39367,40535,41743,43831,46023,47179,48439,49687,50955,52199,53599,54535,55595,57167,58767,59747,61455,62603]
resources/preprocessed/Interpolated/2020-07-02_13.00.09_Chest.csv:[27027,29191,30635,31811,33707,35635,37627,38963,40203,41639,42911,44323,45867,47267,49059,50383,51755,52931,54555,55671,57095,58627,60467,62103]
resources/preprocessed/Interpolated/2020-07-02_12.50.00_Chest.csv:[16271,18111,20087,21139,23891,25067,26559,28507,30551,31515,32563,34679,36195,37667,38835,40783,42159,43299,45047,46087,47379,48503,49863,51139,52283,53531,55179,56315,58007,60799,62815]
resources/preprocessed/Interpolated-Revised/Jan_liegestuetzen1_13_10_2020_edited_LeftArm.csv:[72291,74368,76235,77551,78863,80784,82111,83417,85434,87967,89208,91060,92977,94303,95649,97001,98472,100054,101660,103697,105534,106911,109028,110674,112771,114813]
resources/preprocessed/Interpolated-Revised/Jan_liegestuetzen1_13_10_2020_edited_RightArm.csv:[72276,74378,75674,76956,78858,80154,81460,82751,84088,85454,86740,87972,89233,90494,91740,93017,94303,95679,97026,98482,100099,101790,103452,104678,106911,109073,110744,112681,114598]
resources/preprocessed/Interpolated/Andre_Squats2_13_10_2020_Belly.csv:[48045,50285,52535,54760,57120,59445,61755,64245,67295,69210,70820,72060,74580,76720,80255,83455,86320,87550,90525,93460,94765,97315,100630,102010,104220,106670,108715,111645,113780,115920,118680,121075,123605,125500,128340,130240,131455,132770,134135,136080,137245,139715,141980,143120,145205,146870,148380,150535,153150,154935,156275,158800,161200,163535,165830,167355,169195,170625,173460,175990,179410,180860,182265,183465,185860,188545,190830,193200,195760,197635,199035,200325,202335,204100,206355,207510,208890,210890,212310]
resources/preprocessed/Interpolated/2020-07-02_13.00.09_Belly.csv:[27099,29779,31751,33695,35035,36883,38103,40883,42195,44691,45819,47447,49127,51595,52827,54379,57175,59491,61059,62355]
resources/preprocessed/Interpolated/2020-07-02_14.14.32_LeftArm.csv:[32315,35159,36415,37679,38911,40183,41559,42899,44299,45691,46991,48403,49775,51191,52623,54055,55483,57087,58787,60587,62639,64995]
resources/preprocessed/Interpolated-Revised/Jan_liegestuetzen1_13_10_2020_edited_Chest.csv:[72191,73757,75604,76961,78292,80805,82121,83472,85484,86780,88017,89323,92316,94373,95704,97031,98542,100149,101715,103682,105499,106901,109603,112756,114188]
resources/preprocessed/Interpolated/2020-07-02_11.17.39_Belly.csv:[58971,61051,62495,64439,66523,68679,69995,71107,72315,73495,75299,76531,77703,79475,81443,83607,85139,87099,89303,90603,91871,93135,94351,96083,97459,98643,99903,101211,102631,104419,107343]
resources/preprocessed/Interpolated/Andre_liegestuetzen3_13_10_2020_Chest.csv:[31423,33258,34628,36533,38043,40428,41778,43483,45188,47098,48738,50148,51733,54393,56683,58293,59423,61118,62578,65498]
resources/preprocessed/Interpolated/2020-07-02_11.17.39_Chest.csv:[58227,59595,61023,62075,63991,65403,67459,68587,69587,70819,72691,73811,74911,76163,78527,79535,81159,82283,83523,85563,86755,88051,89859,93071,94163,95347,96487,97923,99127,101623,104367,106615,107959]
resources/preprocessed/Interpolated/2020-07-02_11.17.39_LeftArm.csv:[58227,59295,61059,62763,64499,66183,67879,69527,71323,73099,74911,76719,78511,80367,82247,84127,86075,87227,88735,89947,91099,92507,94787,97239,98951,101439,102371,104095,105007,106531,107819]
resources/preprocessed/Interpolated/2020-07-02_14.59.59_Belly.csv:[73999,76267,78511,79887,80847,82367,84087,86419,87731,90167,91315,92859,93935,95315,96831,98139,99995]
resources/preprocessed/Interpolated/Andre_Squats_13_10_2020_LeftArm.csv:[60996,62746,64141,65321,68126,71586,73091,74236,77146,78351,79596,82371,84571,86576,88301,90231,92361,94046,95796,99176,102521,104686,107226,108531,110931,113351,114501,115641,117091,118271,120331,121646,123896,125031,126271,128686,131131,133486,135871,138251,140716,143236,145621,148001,150371,152796,155256,156981,158256]
resources/preprocessed/Interpolated/2020-07-02_14.07.33_Chest.csv:[7473,8457,9933,11241,12533,13757,15029,16521,17569,19089,20337,21633,23169,24509,25845,26849,28665,30133,31485,33269,36633,37785,39193,41033,42489,43781]
resources/preprocessed/Interpolated/2020-07-02_11.17.39_RightArm.csv:[58227,59311,60323,62067,63679,65119,66171,67863,69531,71319,73083,74883,76695,78491,80367,82227,83207,84119,86071,87071,88043,89367,90459,91651,93243,94763,97223,98147,99775,101367,102371,104055,104983,106335,107799]
resources/preprocessed/Interpolated/2020-07-02_14.59.59_Chest.csv:[73999,76071,77079,78187,79775,81635,84079,85339,86411,87931,88959,91363,94015,95223,97011,98007,99527]
resources/preprocessed/Interpolated/2020-07-02_14.59.59_LeftArm.csv:[74495,76959,78115,79239,81575,83319,84603,86375,87535,88775,91307,92503,93959,95147,96783,98767,99767]
resources/preprocessed/Interpolated/2020-07-02_12.50.00_RightArm.csv:[16451,18175,19487,20779,22695,23783,24879,26907,28923,30991,32907,34999,36095,37215,39351,40555,41739,43835,46015,47187,48423,49683,50947,52195,53607,54531,55615,57191,58775,59787,61463,62667]
resources/preprocessed/Interpolated/Andre_liegestuetzen1_13_10_2020_RightArm.csv:[16996,19986,21751,23431,25216,26861,28596,30231,31746,33351,34931,36656,38256,39796,41456,43091,44686,46426,48631,50461,51611,53576,55566,57731,59936,61486,62936,65686]
resources/preprocessed/Interpolated/Andre_liegestuetzen2_13_10_2020_Belly.csv:[39996,42176,43331,44871,46471,48241,49916,51586,53271,55046,56801,58611,60391,62136,64121,66131,68846,71126,73126,75926,77501,79006]
resources/preprocessed/Interpolated/2020-07-02_15.13.22_Belly.csv:[23219,24387,26255,28067,29647,30711,32103,35239,37019,39267,40907,43039,44063,45171,46727,48147,49511,50803,52303,53735,55351,57255,58835,60095,62527,63815,65523]
resources/preprocessed/Interpolated/2020-07-02_15.13.22_RightArm.csv:[23251,25571,27299,29075,31111,32671,34751,36975,39251,40387,41535,42707,44047,45259,46691,47891,49455,50663,52251,53487,54403,55983,57803,58771,60195,62567,64083,66095]
resources/preprocessed/Interpolated/2020-07-02_15.13.22_Chest.csv:[23135,25559,26795,28555,30491,31915,33251,34507,37003,39163,40655,42983,43931,45171,46619,47735,49515,50915,52223,53795,55475,57119,58839,60655,62667,63999,65367]
resources/preprocessed/Interpolated/Andre_liegestuetzen1_13_10_2020_Belly.csv:[16996,19346,20641,22431,24011,25211,26866,29996,31911,33856,35491,37226,38676,40366,42016,43581,45361,46986,48661,50461,52276,54031,56186,58491,60471,61776,63406,65671,66996]
resources/preprocessed/Interpolated/2020-07-02_15.31.36_Belly.csv:[72271,73759,75231,77947,78987,79991,82271,83187,85555,86915,88303,89635,91407,92559,94071,95527,97759,98783,100911,103163,104283,105479,106787,108139,109579,110819,112375,113703]
resources/preprocessed/Interpolated/Jan_liegestuetzen2_13_10_2020_LeftArm.csv:[16996,20711,22061,23361,24656,26671,28071,29496,30851,32256,33696,35111,36681,38261,39981,41681,43536,45551,46791,48931]
resources/preprocessed/Interpolated/2020-07-02_15.31.36_Chest.csv:[72271,73799,75303,76471,77719,80575,81695,83055,84663,86203,87411,89503,91763,94031,95479,97119,99327,100619,101631,104303,105735,106823,108239,109499,110867,113695]
resources/preprocessed/Interpolated/Andre_Squats_13_10_2020_RightArm.csv:[60996,62716,64141,65366,66506,67956,70266,71646,73141,74286,76731,78331,79626,82296,84536,86716,88296,90021,92266,93666,94891,97586,99766,102541,104641,106806,108551,109806,110936,113211,114501,115936,117066,119311,120486,122671,123906,125126,128061,130471,131821,133491,135226,137481,140006,142521,144941,148016,150376,152796,154596,157001,158321]
resources/preprocessed/Interpolated/2020-07-02_14.14.32_Chest.csv:[32495,33479,35559,36875,38775,40059,41387,42727,44075,45471,47415,48723,49635,51687,53191,54467,56143,57619,59643,60939,62679,63731,64995]
resources/preprocessed/Interpolated/2020-07-02_15.31.36_LeftArm.csv:[72271,73739,75211,76247,77663,79155,80731,82219,84015,85303,86215,87679,88807,90407,92603,94855,97079,98171,99415,101763,102939,104299,105383,106839,108867,110159,111567,112875]
resources/preprocessed/Interpolated/2020-07-02_15.31.36_RightArm.csv:[72271,73703,76275,77807,79007,80639,82215,84007,85387,86855,88243,90399,91511,92619,93703,94831,95951,97027,98211,99411,100479,101775,102955,104283,105479,106851,108103,109535,110787,112255,113475]
resources/preprocessed/Interpolated/Andre_Squats2_13_10_2020_Chest.csv:[47500,50320,51925,54170,56445,58835,61180,63565,66005,69210,71320,72730,75315,76850,78820,80190,82175,83420,85235,87320,90340,92485,94570,96065,97340,100575,103295,105310,107150,109435,111045,112215,115020,117165,118670,120065,121755,123570,125385,126805,128310,130300,131700,133765,135070,136270,138540,139795,141160,142965,144455,145965,147945,149295,150820,154085,155575,157385,160220,162190,164815,167430,169225,170715,173815,175105,177445,178845,180000,182185,184965,186710,188050,189960,191675,193510,194780,196560,198295,199955,203145,204285,206560,207830,209150,211330,212595,213990]
resources/preprocessed/Interpolated/2020-07-02_14.07.33_LeftArm.csv:[7173,10269,11493,12761,14117,15417,16773,18001,19253,20617,21993,23453,24701,26061,27477,28861,30345,31737,33157,34585,36073,37561,39105,40789,42477,43417]
resources/preprocessed/Interpolated/Andre_Squats2_13_10_2020_RightArm.csv:[47500,50160,54160,55840,58130,61180,63545,66005,68995,70250,72920,74430,76420,78035,80050,81805,83405,85060,87055,88620,90455,92375,94405,96460,99400,100845,103655,105055,108040,109925,112145,114055,116025,117685,119270,121415,122760,125365,126855,128895,130145,131535,133605,134990,137290,138455,140495,141895,143320,145340,146755,147970,149330,151450,153815,154970,156245,157465,160510,162080,163575,165875,167350,169315,170780,173700,175940,177340,178560,180800,182165,184235,185795,187235,189260,190740,191990,193170,194300,195540,196790,198950,201730,203430,205060,206550,208770,211225,212370,213965]
resources/preprocessed/Interpolated/Andre_liegestuetzen1_13_10_2020_LeftArm.csv:[16996,19951,21631,23226,25136,26711,29106,30701,32246,33826,35466,37106,38746,40321,41956,43661,45296,46461,48016,49921,51521,53466,55521,57661,59191,60601,62291,63571,65646]
resources/preprocessed/Interpolated/2020-07-02_13.00.09_LeftArm.csv:[27179,28603,29991,31795,33663,35567,37519,39471,41551,43575,45767,48131,49591,51183,52935,54311,55627,57127,58595,59839,61207,62411]
resources/preprocessed/Interpolated/Andre_liegestuetzen3_13_10_2020_LeftArm.csv:[31493,33703,35053,36998,38648,40313,41888,43563,45258,47103,48778,51048,52923,55453,57888,59183,60608,61923,63328,64888]
resources/preprocessed/Interpolated/Lukas_liegestuetzen1_13_10_2020_LeftArm.csv:[38000,40930,42840,44600,46475,48130,49940,51815,53625,55590,57445,59205,61125,62990,64805,66250,68530,70545,72320,74065,75835,77530,79355,81180,82745,83995]
resources/preprocessed/Interpolated/Andre_Squats2_13_10_2020_LeftArm.csv:[47500,49585,51900,54165,56420,58810,61165,63540,65890,69125,70490,72790,74350,76390,77930,80055,81485,83405,84980,87110,88720,90435,92410,94375,97605,99410,101055,103410,106820,108065,109945,113650,115290,116680,118425,119725,121455,123875,125335,127265,128790,130085,131495,132630,134955,137215,139625,141910,143325,145465,146780,147995,149295,151390,153930,156380,158320,159770,161210,163010,164630,166560,168465,170695,171830,173330,174750,177420,178720,180755,183290,185760,187080,188495,190420,193215,194390,195525,197975,199770,202545,204800,207415,209140,211635,213315]
resources/preprocessed/Interpolated/Andre_Squats_13_10_2020_Belly.csv:[60996,62456,64091,66666,68046,69711,71981,74561,77596,79556,82591,84626,86186,87606,89606,92521,94666,97491,98791,100621,102626,104866,107561,109706,112171,113351,114616,117096,118386,120471,122066,124006,125566,127036,129366,131816,134201,136556,138916,140246,142041,143886,146316,148536,151041,153456,155861,158321]
resources/preprocessed/Interpolated/Andre_Squats_13_10_2020_Chest.csv:[60996,62626,64236,66626,68006,69691,71636,73626,75646,77441,78976,80581,82446,84056,85386,88976,90631,92481,94746,97661,99851,101551,104091,105716,107511,109126,110816,113971,115541,117331,118576,120516,121951,123271,124706,126256,128821,131181,132501,134261,135946,138336,140801,143296,145691,148046,150391,152821,155271,157696]
resources/preprocessed/Interpolated/Andre_liegestuetzen2_13_10_2020_Chest.csv:[39996,41561,43321,44891,47776,49391,50966,52776,54441,56721,58191,59916,61806,64716,67476,69166,71861,73526,75751,78021,79566]
resources/preprocessed/Interpolated/Andre_liegestuetzen2_13_10_2020_LeftArm.csv:[39996,41606,43336,44901,46531,48261,49976,51586,53316,55061,56846,58076,59791,61641,63666,65546,67736,70036,72411,75136,77671,79101]
resources/preprocessed/Interpolated/Lukas_liegestuetzen3_13_10_2020_LeftArm.csv:[11736,14166,16236,18071,20046,21551,22996,24486,26206,28796]
resources/preprocessed/Interpolated/Andre_liegestuetzen1_13_10_2020_Chest.csv:[16996,19816,21601,23076,25056,26731,28386,30846,32341,33886,35531,37161,38811,40416,42021,43656,45326,47016,48701,50471,51611,53576,55526,57556,59736,62731,64091,65546]
resources/preprocessed/Interpolated/Andre_liegestuetzen2_13_10_2020_RightArm.csv:[39996,42731,44301,45976,47751,49396,51021,52796,54476,56281,58166,59916,61756,63751,65681,67826,70101,72556,75231,76856,78326,79776]
resources/preprocessed/Interpolated/2020-07-02_12.50.00_Belly.csv:[16003,17007,18575,20463,21819,23143,25163,26875,27875,29419,30519,31943,32907,33959,34883,36091,38331,40611,42755,44935,47155,48299,49707,50967,52179,53459,54419,55659,57135,58719,60263,62995]
resources/preprocessed/Interpolated/Andre_liegestuetzen3_13_10_2020_Belly.csv:[30998,33268,34858,36088,37568,39063,40713,42408,43643,45823,47623,49458,50613,52953,54463,55953,57128,58283,59618,61883,63828,65393]
