resources/preprocessed/Interpolated/Lukas_liegestuetzen3_13_10_2020_RightArm.csv:[11331,12426,13691,15351,16431,17681,18976,20441,21856,23171,24906,26101,28321]
resources/preprocessed/Interpolated/Lukas_liegestuetzen3_13_10_2020_Chest.csv:[11246,12636,13546,17661,18971,20426,21296,23086,23916,25851,28326]
resources/preprocessed/Interpolated/Lukas_liegestuetzen3_13_10_2020_Belly.csv:[10996,13021,14996,16811,18696,19761,21391,22421,23926,25261,26626,28531]
resources/preprocessed/Interpolated/Lukas_liegestuetzen2_13_10_2020_RightArm.csv:[36060,37300,38305,39885,41425,42935,44705,46405,48175,49840,51500,53170,54770,56315,57360,58450,59675,60920,63405,65960,67195,69430,70785,72050,73545]
resources/preprocessed/Interpolated/Lukas_liegestuetzen2_13_10_2020_LeftArm.csv:[36080,37320,38285,39725,41300,42780,43540,44690,46265,48175,49835,51260,53175,54660,56115,56870,57970,59590,61515,63425,64610,66055,67165,69430,70750,72970,73795]
resources/preprocessed/Interpolated/Lukas_liegestuetzen2_13_10_2020_Chest.csv:[36105,37300,38585,39675,41290,42385,43320,44430,45820,47775,48980,50095,51635,52485,53410,54595,56060,57345,58880,60510,61285,64310,65585,66965,68845,70795,72140,73995]
resources/preprocessed/Interpolated/Lukas_liegestuetzen2_13_10_2020_Belly.csv:[36000,36995,38145,39680,40675,41965,42950,44340,45105,46345,47125,48970,49825,50895,51830,53550,54685,56025,57805,59375,60580,61935,62855,63900,65050,66420,67300,68570,69410,70540,71555,73090,73905]
resources/preprocessed/Interpolated/Lukas_liegestuetzen1_13_10_2020_Chest.csv:[38300,39165,40550,42450,44135,45705,47645,49455,50230,51390,53080,54010,54915,57110,58850,60700,62205,64430,65495,66355,67125,68350,70085,71770,73070,74710,75470,77165,78180,78975,80685,82735]
resources/preprocessed/Interpolated/Lukas_liegestuetzen1_13_10_2020_Belly.csv:[38165,39130,40770,42560,43615,44485,45245,46500,47895,48765,49730,50560,51655,53340,54260,55315,56340,58150,59785,60825,62020,63830,65775,67665,69130,70135,72530,73810,74745,76340,77410,78300,79680,81635,82825,83995]
resources/preprocessed/Interpolated/Jan_liegestuetzen3_13_10_2020_RightArm.csv:[34000,35915,37105,38650,40030,41470,42225,43690,45020,46420,47900,48750,49545,50540,52295,53155,54230,55640,56995]
resources/preprocessed/Interpolated/Jan_liegestuetzen3_13_10_2020_LeftArm.csv:[34000,35905,37200,38610,39410,40705,42170,42925,44330,45670,46430,47925,48720,49555,50545,52305,53455,55735,56955]
resources/preprocessed/Interpolated/Jan_liegestuetzen3_13_10_2020_Belly.csv:[34270,35470,36610,37990,38795,39770,40805,41580,42640,43915,45155,46655,48295,50085,51795,53745,56090]
resources/preprocessed/Interpolated/Jan_liegestuetzen2_13_10_2020_RightArm.csv:[16996,19046,20261,21581,22881,24241,24996,26256,27646,29081,30401,31171,32621,34041,35421,36266,37081,38796,40411,41191,42251,44121,45341,46386,47251,48556,49776,50836]
resources/preprocessed/Interpolated/Jan_liegestuetzen2_13_10_2020_Chest.csv:[16996,18756,19516,20841,22301,23611,24951,26261,27031,28406,29711,31131,32611,34076,35361,36241,37081,38836,40391,41256,42266,43226,44121,45336,46456,47816,48971,50066]
resources/preprocessed/Interpolated/Jan_liegestuetzen2_13_10_2020_Belly.csv:[16996,18036,19691,21061,22306,23086,24411,25706,26991,27781,29121,30511,32066,33291,34066,35176,36326,37121,38236,39846,41646,43481,45541,46511,48256,49691,50451]
resources/preprocessed/Interpolated/Andre_liegestuetzen3_13_10_2020_RightArm.csv:[31003,31788,33538,34418,35653,36823,38453,40018,40948,42063,43323,45023,46768,48498,50628,52778,53798,54983,56103,57453,58453,59458,60743,62233,63588,65498]
resources/preprocessed/Interpolated/2020-07-02_14.20.28_RightArm.csv:[61995,62955,63867,64511,65575,66735,67883,68975,70103,71247,72443,73627,74807,76111,77535,79091,80583,81851,83443]
resources/preprocessed/Interpolated/2020-07-02_14.20.28_Belly.csv:[61995,62707,63747,64779,66183,66887,68475,69591,70711,72247,73003,73619,74835,75875,76795,77475,78575,79271,79991,80899,81695,82703,83583]
resources/preprocessed/Interpolated/2020-07-02_14.14.32_RightArm.csv:[32019,33167,34735,36079,37347,38459,39067,39747,41279,42595,43999,45415,46599,48127,49499,50923,52335,53747,55199,56803,57515,58443,60259,62295,63563,64667]
resources/preprocessed/Interpolated/2020-07-02_15.13.22_LeftArm.csv:[23003,24303,25167,26315,27295,28171,29219,30199,31107,32227,33179,34323,35387,35999,36623,37707,38843,39875,40647,41583,43119,44183,44807,45739,46791,48359,49079,50079,51811,52891,54823,55483,56267,57439,58259,58955,59731,62147,62851,63667,66067]
resources/preprocessed/Interpolated/2020-07-02_14.14.32_Belly.csv:[32055,32911,33915,34639,35783,37091,37887,38631,39923,40979,42287,43683,44963,46671,48151,49115,50187,50947,51887,52803,53831,55195,56359,57699,58671,59599,60355,61015,62007,63435,64751]
resources/preprocessed/Interpolated/2020-07-02_14.59.59_RightArm.csv:[74031,74831,75831,76507,77659,78839,79827,81163,81791,82807,83579,84211,85419,86523,87623,88371,89507,90363,91459,92071,92919,93547,94651,95663,96391,97435,98403,99179,99995]
resources/preprocessed/Interpolated/2020-07-02_14.20.28_Chest.csv:[61995,62723,64467,65487,66463,67203,68235,68863,69955,71115,72283,73427,74663,75859,76683,78327,79551,81159,82195,83111]
resources/preprocessed/Interpolated/2020-07-02_14.07.33_RightArm.csv:[7005,8153,9913,11177,12289,12921,13817,15101,16421,17525,18765,19417,20277,21657,23113,24253,24869,25605,26241,27001,27609,28477,30037,31309,32761,33409,34153,34861,35665,36329,37177,37781,38801,40377,41013,42217,43329,44117]
resources/preprocessed/Interpolated/Lukas_liegestuetzen1_13_10_2020_RightArm.csv:[38230,39180,40285,41190,42535,44350,46090,47850,49580,50560,51405,53285,55225,57075,58855,60800,62640,64440,65790,67610,68575,70125,71985,73750,75490,77175,78955,80230,83995]
resources/preprocessed/Interpolated/2020-07-02_14.07.33_Belly.csv:[7025,7905,9557,10993,11733,12481,13861,14765,16077,17045,17653,18433,19045,19977,21313,22721,23665,24569,25441,26769,28153,29649,30501,31509,32193,32857,34309,35165,36157,37161,38005,38793,39729,40473,41977,43309,44117]
resources/preprocessed/Interpolated/2020-07-02_13.00.09_RightArm.csv:[26999,28127,28979,29983,30759,31879,32599,33239,34531,35707,37055,38383,39663,40391,41099,41743,43079,44499,45291,46243,46923,47635,49167,49827,50819,51647,52419,53435,54327,55147,56663,58139,58827,60107,60735,62331]
resources/preprocessed/Interpolated/Jan_liegestuetzen3_13_10_2020_Chest.csv:[34000,34785,35660,37140,38520,39335,40135,41580,42835,43590,44425,45820,47170,47975,48805,49780,50595,52360,53335,54300,55725,56810]
resources/preprocessed/Interpolated/2020-07-02_14.20.28_LeftArm.csv:[61995,62887,63863,64523,65559,66727,67859,68939,70099,71251,72427,73607,74787,76047,77439,78043,78951,80427,81039,81863,82827,83959]
resources/preprocessed/Interpolated-Revised/Jan_liegestuetzen1_13_10_2020_edited_Belly.csv:[72001,72947,73988,75259,76580,77907,79043,80354,81135,82411,83767,85024,86375,87556,88863,90024,91370,92576,93998,95224,97021,98502,100004,101740,103607,105534,106575,108447,109763,111841,113027,113893,114668]
resources/preprocessed/Interpolated/2020-07-02_12.50.00_LeftArm.csv:[16003,16931,17619,18395,19027,19755,20895,22255,23295,24403,25439,26467,27439,28519,29519,30479,31531,32479,33503,34515,35583,36727,37351,38307,39479,40691,41827,42739,43343,43955,44931,45563,46675,47291,47959,48687,49775,50471,51235,52291,53151,54103,55087,55799,56751,57431,58335,59323,60095,61023,62191,62995]
resources/preprocessed/Interpolated/2020-07-02_13.00.09_Chest.csv:[26999,28815,30191,31387,32763,33871,34583,35811,37095,37731,38567,39683,40639,41799,42475,43211,43867,44783,45407,46119,46847,47715,48755,50003,51343,52379,53259,54091,55191,56219,56991,58043,59483,60727,61595,62411]
resources/preprocessed/Interpolated/2020-07-02_12.50.00_Chest.csv:[16343,17759,18583,19735,20567,21271,22043,22983,24107,25107,26219,28103,30059,31347,32151,32999,33643,35687,36415,37323,38003,38987,39591,40387,41823,42931,43635,44611,45503,46275,47495,48463,49467,50419,51323,51943,53055,54271,55315,57587,58263,59619,60363,61019,61923,62879]
resources/preprocessed/Interpolated-Revised/Jan_liegestuetzen1_13_10_2020_edited_LeftArm.csv:[72006,72796,73848,75134,76425,77801,79053,80289,81630,82942,84323,85639,86871,88107,89338,90554,91866,93067,94468,95799,96550,98022,98823,99603,100434,101255,102386,103362,104268,106505,107536,108567,109808,110669,112381,114488]
resources/preprocessed/Interpolated-Revised/Jan_liegestuetzen1_13_10_2020_edited_RightArm.csv:[72001,72817,73898,75139,76430,77756,79083,80329,81650,82932,84288,85054,86325,87516,88737,90094,91300,92556,93777,95209,96560,98037,98823,100539,101335,102306,104268,105474,106510,108042,109488,110369,112216,113012,113943,114994]
resources/preprocessed/Interpolated/Andre_Squats2_13_10_2020_Belly.csv:[47560,49805,50815,52130,53330,54280,55280,56690,59055,60070,61345,62455,63800,64825,66360,68775,70345,72345,75070,76295,77590,79875,80940,83035,84690,85785,87145,88140,90130,92940,94405,95610,96980,98235,100230,101570,102585,103820,104850,106190,107110,108340,111280,112230,113410,114490,115420,118250,120500,123115,124080,125765,127970,129640,130925,132555,133715,134760,135740,136790,137665,139295,140260,141515,142685,143765,144810,146440,147975,148970,150350,151180,152580,153605,154585,155795,156935,158375,160705,163075,164100,165370,166895,168005,168805,170135,171180,173010,174005,175535,176425,178460,180390,181710,183065,184060,185425,186360,188025,189205,190395,191345,192780,193940,195230,196115,197250,198500,199260,201340,202790,203625,204535,205950,207180,208380,209420,210425,211685,212870,213995]
resources/preprocessed/Interpolated/2020-07-02_13.00.09_Belly.csv:[26999,28147,29231,30427,31255,32339,33263,34191,35019,35683,36479,37223,38215,39603,40415,41727,42631,43795,44715,46239,47063,48667,49283,50339,51159,52383,53279,53991,55531,56667,57287,58175,58923,59995,60603,61939]
resources/preprocessed/Interpolated/2020-07-02_14.14.32_LeftArm.csv:[32003,32723,33703,34739,36063,37343,38455,39059,39723,40343,41111,41727,42575,43975,45379,46507,48083,49455,50755,52295,53695,55035,55663,56707,57447,58367,58979,60251,62263,64091,64995]
resources/preprocessed/Interpolated-Revised/Jan_liegestuetzen1_13_10_2020_edited_Chest.csv:[72021,73327,74548,75805,77111,78497,79668,80920,81695,82456,83587,84508,85779,86921,88187,89533,90709,91926,93202,94608,95990,97281,98938,100554,101320,102386,103337,104313,105419,106550,107907,109148,112381,113132,114994]
resources/preprocessed/Interpolated/2020-07-02_11.17.39_Belly.csv:[58559,59379,60603,61587,64043,64927,66147,67175,67831,68675,69535,70651,71439,73095,74891,76127,77251,78075,79015,80051,80995,81783,82743,83747,84731,85631,86699,87743,88783,89487,90107,91067,92051,92735,93839,95011,95683,97163,98179,98791,99487,100343,101323,102199,103551,105891,106827,107603]
resources/preprocessed/Interpolated/Andre_liegestuetzen3_13_10_2020_Chest.csv:[31003,31778,32753,34363,36073,38298,39353,40583,42063,43203,44843,46138,47483,48748,49613,50623,52338,53943,56228,57338,58918,59918,60713,62268,63273,64183,65138]
resources/preprocessed/Interpolated/2020-07-02_11.17.39_Chest.csv:[58271,59259,60643,61647,63175,64071,64923,65839,66559,67511,68259,69135,70355,71275,72299,73471,74391,75299,77167,78047,79043,79931,80783,81819,82679,83531,84183,85167,86323,86931,87603,89011,89943,90651,91499,92659,93655,94283,95495,96587,97515,98687,99303,100147,101119,101823,102759,103851,104695,106235,107599]
resources/preprocessed/Interpolated/2020-07-02_11.17.39_LeftArm.csv:[58291,59427,60671,62275,64031,65747,67467,69087,70883,72639,73855,74459,76323,78083,79107,79923,81179,82399,83655,84335,84991,85647,86871,87511,88303,89455,90647,91395,92079,92783,93579,94335,95123,96003,96763,97707,98487,99315,101047,101943,103691,104571,106127,107303,108139]
resources/preprocessed/Interpolated/2020-07-02_14.59.59_Belly.csv:[74147,74967,75843,77003,77919,78903,79887,81031,82091,82759,83703,84675,85979,87339,89859,90779,91895,93603,94867,96495,97659,99995]
resources/preprocessed/Interpolated/Andre_Squats_13_10_2020_LeftArm.csv:[60996,62326,63711,64866,65721,67811,68951,71161,72681,73786,74821,76651,77891,79126,80211,81901,82811,84186,86076,87761,88926,89911,91926,93611,95371,96276,97451,98701,99841,102061,103031,104356,105161,106761,108161,110451,111621,112811,114086,115191,116621,117781,118906,119961,121256,122221,123446,124651,125836,127481,128926,130676,131806,132991,134161,135381,136946,137841,139436,140241,141446,142786,143876,145126,146311,147526,148606,149881,151026,152366,153486,154776,155911,157176,158356]
resources/preprocessed/Interpolated/2020-07-02_14.07.33_Chest.csv:[7065,8765,9525,10749,11401,12185,13073,13861,14797,16093,17077,17945,18669,19929,21249,21877,22777,23721,24573,25521,26337,27333,28241,29781,31169,32805,33757,34545,35705,37393,38113,39241,40753,41577,43421,44085]
resources/preprocessed/Interpolated/2020-07-02_11.17.39_RightArm.csv:[58351,60011,61803,62871,64023,65719,67423,68275,69063,70859,72671,74423,75035,76279,78063,79903,80527,81783,82411,83631,84335,85019,86867,87587,88315,89427,91347,92071,92811,93603,94287,95131,95983,96767,97723,98499,99331,101075,101967,103699,104563,105867,107335,108139]
resources/preprocessed/Interpolated/2020-07-02_14.59.59_Chest.csv:[74079,74815,75703,76671,77679,78855,79819,80807,81723,82799,83611,84639,85523,86483,87491,88487,89543,90515,91543,92795,93623,94883,95663,96547,97555,98367,99063,99995]
resources/preprocessed/Interpolated/2020-07-02_14.59.59_LeftArm.csv:[74111,74787,75907,77047,78243,79419,80363,81123,82183,83591,84599,85347,86503,87499,88355,89435,90863,92023,92859,93523,94611,95583,96375,97463,99995]
resources/preprocessed/Interpolated/2020-07-02_12.50.00_RightArm.csv:[16111,16971,17691,18419,19051,19767,20911,22235,23303,24435,25463,26479,27499,28467,29559,30551,31567,32447,33051,33931,34591,35623,36723,37367,38255,38939,40071,41255,41887,42695,43371,44023,44915,45547,46195,47279,47919,48727,49783,50511,51271,52235,53151,54147,55119,55851,56779,57455,58319,59411,60107,61019,62303,62995]
resources/preprocessed/Interpolated/Andre_liegestuetzen1_13_10_2020_RightArm.csv:[16996,17781,18831,19611,21386,23131,24781,26456,28221,29811,31386,32981,34586,36241,37881,39466,41076,42726,44161,46061,47561,48701,50001,51086,53206,55211,56241,57356,59516,61236,62466,63651,64606,65901,66986]
resources/preprocessed/Interpolated/Andre_liegestuetzen2_13_10_2020_Belly.csv:[39996,41766,42861,43626,45301,46071,47806,48596,49421,50251,51156,52806,53786,54596,56366,58141,59891,61091,62371,63771,65651,66431,67991,69211,70731,72071,73341,75471,76366,77581,78741,79996]
resources/preprocessed/Interpolated/2020-07-02_15.13.22_Belly.csv:[23003,23971,24691,25815,26427,27251,28171,29127,30171,31175,32311,33219,34071,34811,35867,36627,37715,38843,39655,40435,41199,42607,43683,44623,46355,47327,49123,50051,50983,51883,53135,54927,55599,56735,58399,59403,60295,60935,61967,62851,64235,65019]
resources/preprocessed/Interpolated/2020-07-02_15.13.22_RightArm.csv:[23003,25099,25995,26879,28187,29063,29675,30639,31727,32747,33843,34903,36059,37103,37711,38831,39907,40615,41615,42299,43019,44115,44799,45735,46831,48387,49019,50127,51063,51859,52935,53547,54935,56259,57439,58387,59763,62183,62859,63631,64655,65927]
resources/preprocessed/Interpolated/2020-07-02_15.13.22_Chest.csv:[23003,24171,25231,25863,26879,28051,28779,29443,31523,32787,33599,34763,35767,36615,37307,37975,38611,39491,40235,41087,41759,42667,43583,44727,46291,47323,49071,49775,50543,51807,52835,55095,55751,56787,58367,59251,60235,60923,61967,62899,63599,64819,65755]
resources/preprocessed/Interpolated/Andre_liegestuetzen1_13_10_2020_Belly.csv:[16996,18376,20201,21436,22621,23556,24881,26546,29536,31576,32401,33446,35031,36006,36781,37631,39126,41031,42666,43611,44851,45971,47396,48226,50091,51021,51841,53646,54701,55726,56781,58076,59991,61321,62921,64741,65841,66641]
resources/preprocessed/Interpolated/2020-07-02_15.31.36_Belly.csv:[72499,73235,74811,77551,78675,79479,80251,81839,82639,83503,85079,85875,87099,88671,89595,90931,92087,92711,93599,94387,95083,96031,97367,98263,98947,99791,101319,102759,103855,105123,106399,107719,109223,110395,111991,113263,113931]
resources/preprocessed/Interpolated/Jan_liegestuetzen2_13_10_2020_LeftArm.csv:[17271,19011,20301,21596,22856,24191,25536,26916,28376,29641,31021,31781,33216,34666,35456,37016,37781,38726,39481,40376,41211,42196,43091,44126,45326,46321,47236,48426,49856,50996]
resources/preprocessed/Interpolated/2020-07-02_15.31.36_Chest.csv:[72271,73323,74791,76023,77295,78919,80055,81283,81983,83379,84263,84919,85791,86395,87663,89163,90911,92139,92783,93607,94423,95435,96699,97399,98927,100363,101287,102299,103907,104831,106419,107423,109111,110359,111011,111631,113279,113915]
resources/preprocessed/Interpolated/Andre_Squats_13_10_2020_RightArm.csv:[60996,62261,63726,64871,66141,67391,68486,69831,71291,72681,73816,74851,76941,77891,79136,80231,81871,82931,84136,85271,86846,87851,88946,91796,93351,94466,95431,97096,98251,99321,100256,102111,103036,104301,105336,106806,108171,109386,110591,112761,114076,115451,116656,118221,120061,121186,122211,123436,124681,125746,126571,127556,128851,129976,131351,132321,133731,134716,137006,138521,139511,141011,142051,143501,144461,145891,146936,148196,149226,150646,151571,152326,153551,154756,155901,157186,158331]
resources/preprocessed/Interpolated/2020-07-02_14.14.32_Chest.csv:[32011,32979,33859,34615,35779,36411,37071,38383,39635,40963,42283,42919,43719,45139,47043,47835,49147,49879,50627,51967,52831,53623,54683,55743,56639,57831,58931,59671,60527,61419,62391,63435,64119,64775]
resources/preprocessed/Interpolated/2020-07-02_15.31.36_LeftArm.csv:[72271,73331,74811,75823,77267,78827,80235,80863,81751,82595,83547,84967,85843,87159,87887,88859,89951,90951,92163,93111,94391,95015,95619,96251,97207,98471,99527,101303,102379,103411,104383,105359,106423,107491,108475,109095,109731,111099,111775,112443,113287]
resources/preprocessed/Interpolated/2020-07-02_15.31.36_RightArm.csv:[72435,73291,75859,76515,77299,77911,78675,80147,81803,82447,83491,85043,85771,86391,87207,88355,89283,89963,91027,91671,92683,93847,94923,96203,97155,98543,99455,100759,101851,103291,104395,105807,106423,107547,108447,109107,110227,111083,111815,112427,113975]
resources/preprocessed/Interpolated/Andre_Squats2_13_10_2020_Chest.csv:[47500,48750,49865,50805,52150,53135,54340,55350,56635,57645,58410,60110,61385,62475,63750,64795,66715,68785,69835,70855,72315,73720,74845,76440,78415,79715,81640,82965,84805,86900,87940,89885,90835,92140,93295,94130,95635,96945,98415,99440,101165,102865,103905,104860,106795,108090,109015,110560,111660,112685,113640,114750,115675,116735,118225,119615,121340,122470,123740,124985,126340,127860,129780,131245,132310,133305,134640,135855,136835,138000,139360,140755,141515,142600,144045,145435,146435,147585,148810,150345,151660,153670,155160,155935,156860,157845,159765,161695,163370,164410,165385,167000,167785,168805,170230,171185,173405,174690,175445,176975,178395,179565,180445,181685,182540,184510,185400,186930,189485,190415,193135,194340,195225,196120,197905,199500,202750,203835,206135,207425,208685,209540,211065,212120,213630]
resources/preprocessed/Interpolated/2020-07-02_14.07.33_LeftArm.csv:[7005,8173,9929,11177,12297,13813,15097,16453,17593,18837,20285,21657,23069,24277,25609,26221,27129,28377,29053,29897,30529,31313,32697,33345,34153,34789,35629,36297,37117,38765,40345,40953,42021,43141,44069]
resources/preprocessed/Interpolated/Andre_Squats2_13_10_2020_RightArm.csv:[47500,48575,49705,50935,52030,53115,54335,55365,56560,57650,58940,60120,61340,62480,63730,64850,66565,68610,69880,72450,73990,75995,77620,79625,81265,82945,84625,86585,88390,89975,91910,93960,96040,96990,98965,100550,102115,103255,104625,105460,107600,108835,110170,111635,113650,114600,115360,116295,117165,118815,120435,121605,123390,124945,126360,128380,129760,130995,132070,133375,134555,135520,136845,138025,139065,140080,141470,142850,143950,144975,146330,147520,148935,149900,151005,151890,153510,154530,155905,157035,158145,159585,160585,161750,163095,164060,165490,166885,167820,168865,170300,171225,173290,175500,176880,178165,180320,181775,182795,183845,185380,186870,187840,188860,190305,191675,192745,193905,195125,196390,197500,198565,201330,203010,204550,206075,206950,208575,209475,210830,211855,212680,213995]
resources/preprocessed/Interpolated/Andre_liegestuetzen1_13_10_2020_LeftArm.csv:[16996,17761,19586,21081,21876,22796,24776,26461,27366,28636,29496,31361,32711,34261,35046,35876,36666,37591,39141,40786,42701,44376,46051,47571,49511,51001,51916,52971,53751,55201,57316,58686,59496,61226,62441,64611,65851,66996]
resources/preprocessed/Interpolated/2020-07-02_13.00.09_LeftArm.csv:[26999,28143,29027,29979,30787,31875,32643,33731,34547,35703,36455,37083,38979,39659,40411,41083,41747,43099,43819,44527,45311,46207,47675,48623,49923,50763,51631,52499,53327,54391,55183,56199,57203,58203,59419,60059,60771,62391]
resources/preprocessed/Interpolated/Andre_liegestuetzen3_13_10_2020_LeftArm.csv:[31098,32408,33188,34443,35628,36463,37278,38138,38908,39738,41413,43063,43858,45013,46763,48238,49203,50638,52493,53408,55008,57453,58763,60158,61353,62368,63768,65018]
resources/preprocessed/Interpolated/Lukas_liegestuetzen1_13_10_2020_LeftArm.csv:[38255,39160,40395,41195,42525,44175,46090,47790,49435,51380,53260,55190,57080,58835,60785,62600,64400,65780,66900,68205,70125,71980,73720,75505,77165,78960,80825,82335,83995]
resources/preprocessed/Interpolated/Andre_Squats2_13_10_2020_LeftArm.csv:[47500,48565,49785,50930,52025,53170,54335,55380,56600,57695,58980,60140,61345,62320,63125,64280,65405,66750,68640,70145,72300,73910,75920,77455,79635,80980,82930,84685,86630,88380,90005,92080,93885,95260,97115,99025,100610,103045,104060,105145,106345,107615,109455,112325,113175,114870,116260,117335,119340,121000,122975,124845,125670,126765,127535,129620,131065,132260,134495,135620,136900,137820,139235,140170,141460,142900,143875,145395,146315,147535,148870,149905,150990,153565,154660,155965,157050,157805,159270,160605,161525,162540,164155,165260,168065,170200,171415,172840,174345,175415,176955,178195,180345,181370,182935,183855,185315,186800,188105,190110,190950,192875,193915,195100,196200,197570,198650,200170,202090,203020,204380,205435,206860,208685,211105,212060,212830,213645]
resources/preprocessed/Interpolated/Andre_Squats_13_10_2020_Belly.csv:[60996,62021,63041,64176,66311,67556,68491,69341,71706,72751,74141,74926,77176,78031,79116,80011,80856,82196,83051,84206,84971,85786,87146,88051,89146,90161,92066,93061,94276,95171,96956,98301,99236,100181,102206,103181,104416,105231,107196,108191,109296,110241,111746,113001,114136,115061,116596,117861,119076,120791,121626,122421,123546,124491,125956,127136,128301,129526,130821,131976,133156,134311,135566,136701,137956,139031,140421,141576,142871,144051,145266,146481,147651,148716,150086,151156,152426,153646,154811,155971,157326,158486]
resources/preprocessed/Interpolated/Andre_Squats_13_10_2020_Chest.csv:[60996,62141,62906,63741,64756,66241,67571,68436,71196,73271,75166,77011,78516,80236,81971,83616,84916,85921,86981,88556,90176,92001,93636,94976,97191,98786,100276,101091,102231,103646,105346,107011,108676,110406,111531,113496,115116,116891,118126,118891,119986,121471,122846,124256,125701,126641,128251,129541,130696,132036,133121,134356,135426,136756,137846,139161,140411,141646,142841,144116,145166,146536,147576,148791,149916,151196,152326,153086,154111,155456,156546,157901,158996]
resources/preprocessed/Interpolated/Andre_liegestuetzen2_13_10_2020_Chest.csv:[40071,41081,42361,43676,45476,46751,47841,48926,49761,50581,52381,54116,55131,56326,57321,58221,59436,61366,62701,64361,67131,68296,69556,70546,72711,73586,75271,76331,77101,78181,79076]
resources/preprocessed/Interpolated/Andre_liegestuetzen2_13_10_2020_LeftArm.csv:[39996,41176,42141,43701,44461,45376,47011,47776,48711,49561,50451,52176,53851,54621,55636,57736,59286,60071,61156,63351,64971,65816,67321,69636,72051,73726,74741,76666,77756,78641,79621]
resources/preprocessed/Interpolated/Lukas_liegestuetzen3_13_10_2020_LeftArm.csv:[11331,12451,13691,15286,16421,17631,18896,20416,21861,23261,24911,26656,28796]
resources/preprocessed/Interpolated/Andre_liegestuetzen1_13_10_2020_Chest.csv:[16996,19236,20251,21126,22566,23571,24551,26191,27951,29861,31381,32811,34406,35971,37606,38361,39421,41041,42731,44256,45871,47486,48246,49286,51281,53121,54596,55721,57316,59171,60111,61191,62241,63051,64306,65216,66996]
resources/preprocessed/Interpolated/Andre_liegestuetzen2_13_10_2020_RightArm.csv:[39996,40766,42451,44016,45686,47341,49076,50701,52436,54111,55926,57791,59531,61381,63366,64326,65241,67461,68541,69671,71471,72636,74141,75366,76471,77771,78661,79456]
resources/preprocessed/Interpolated/2020-07-02_12.50.00_Belly.csv:[16067,17559,18179,18791,19755,20619,21339,22667,23299,24739,25559,26471,27415,28059,28987,29991,31595,32615,33579,34679,35655,36319,37327,37975,39459,41099,41783,43051,43931,45043,46083,46695,47855,49351,50219,51163,52355,53103,54059,55147,55915,56719,57431,58283,59363,60391,61623,62547]
resources/preprocessed/Interpolated/Andre_liegestuetzen3_13_10_2020_Belly.csv:[30998,32278,33913,35243,36403,37688,38633,40193,41068,41928,43148,44308,45403,46688,47813,49018,50198,51243,52658,53773,55563,56553,57858,59123,59888,60813,61983,63228,65183]
