resources/preprocessed/Interpolated/Lukas_liegestuetzen3_13_10_2020_RightArm.csv:[11596,13451,15076,16911,18791,20911,22356,23761,25236,26991]
resources/preprocessed/Interpolated/Lukas_liegestuetzen3_13_10_2020_Chest.csv:[11596,13481,15016,16821,18801,20851,22256,24621,26341]
resources/preprocessed/Interpolated/Lukas_liegestuetzen3_13_10_2020_Belly.csv:[11606,13476,16821,21566,22986,24646,26251]
resources/preprocessed/Interpolated/Lukas_liegestuetzen2_13_10_2020_RightArm.csv:[36430,37825,39500,41015,42570,44340,45970,47760,49360,51145,52805,54425,55985,57540,59375,61200,63810,66900,71220,73920]
resources/preprocessed/Interpolated/Lukas_liegestuetzen2_13_10_2020_LeftArm.csv:[37155,38600,40260,41835,43320,45060,46745,48420,50110,51755,53605,55050,56585,58295,60065,61855,63715,66885,69920,71800,73985]
resources/preprocessed/Interpolated/Lukas_liegestuetzen2_13_10_2020_Chest.csv:[37075,38755,40285,41805,43270,45080,46760,48420,50210,51770,53455,55060,56585,58220,60000,61830,63680,66910,71245,73970]
resources/preprocessed/Interpolated/Lukas_liegestuetzen2_13_10_2020_Belly.csv:[37145,39520,41060,42600,44345,46115,47785,49465,51165,52840,54450,55975,57615,59370,61150,63695,66910,71190,73955]
resources/preprocessed/Interpolated/Lukas_liegestuetzen1_13_10_2020_Chest.csv:[39650,41355,43100,44750,46545,48175,50020,51775,53660,55635,57445,59215,61205,62990,64670,66610,68550,70620,72380,73960,75715,77420,79195,81080,82650]
resources/preprocessed/Interpolated/Lukas_liegestuetzen1_13_10_2020_Belly.csv:[39590,41185,43040,44795,46465,48260,49995,51865,53665,55585,57365,59230,61215,63020,64675,66675,68575,70550,72240,73980,75715,77500,79200,81095,82625]
resources/preprocessed/Interpolated/Jan_liegestuetzen3_13_10_2020_RightArm.csv:[37685,40590,42005,44880,46980,48600,50215,52020,54060,56290]
resources/preprocessed/Interpolated/Jan_liegestuetzen3_13_10_2020_LeftArm.csv:[34250,36185,37635,39960,42030,44885,47065,48650,50330,52030,54160,56405]
resources/preprocessed/Interpolated/Jan_liegestuetzen3_13_10_2020_Belly.csv:[35445,37085,38630,41340,43375,47090,49160,50960,52670,54200,56995]
resources/preprocessed/Interpolated/Jan_liegestuetzen2_13_10_2020_RightArm.csv:[19381,24151,26126,28156,32376,35336,36811,38591,40121,41951,43881,46266,48876,50406]
resources/preprocessed/Interpolated/Jan_liegestuetzen2_13_10_2020_Chest.csv:[19326,24826,28151,30986,33006,34421,35981,37451,39216,40771,42591,44516,46216,48836]
resources/preprocessed/Interpolated/Jan_liegestuetzen2_13_10_2020_Belly.csv:[19286,20756,24141,26731,28186,30181,32996,34421,35946,37471,39081,40766,42581,44521,46106,49356]
resources/preprocessed/Interpolated/Andre_liegestuetzen3_13_10_2020_RightArm.csv:[31348,33218,34788,36378,38013,39553,41268,42928,44648,46443,48113,50318,52273,54678,57098,59808,62588,64328]
resources/preprocessed/Interpolated/2020-07-02_14.20.28_RightArm.csv:[62455,63795,65995,68723,70343,71667,74019,75979,77359,78807,80371,82111,84007]
resources/preprocessed/Interpolated/2020-07-02_14.20.28_Belly.csv:[62343,63755,64927,68891,72331,73503,74683,75963,77331,78839,80279,82067,83999]
resources/preprocessed/Interpolated/2020-07-02_14.14.32_RightArm.csv:[32435,34563,35811,37143,38415,39667,40991,42383,43735,45115,46443,47871,49207,50643,52083,53507,54999,56455,57855,59967,62027,64547]
resources/preprocessed/Interpolated/2020-07-02_15.13.22_LeftArm.csv:[24699,26335,28363,30223,32443,34835,36339,37567,39115,41383,43815,44971,46571,49363,52027,55319,58779,60083,61251,62707,65183]
resources/preprocessed/Interpolated/2020-07-02_14.14.32_Belly.csv:[32563,33987,35127,36399,37663,38947,40227,41519,43743,45103,46459,47823,49227,50651,52039,53475,54919,56447,58155,59971,61951,64411]
resources/preprocessed/Interpolated/2020-07-02_14.59.59_RightArm.csv:[74619,76755,78943,81411,83879,86155,88683,91279,93139,94767,96763,98747]
resources/preprocessed/Interpolated/2020-07-02_14.20.28_Chest.csv:[62347,63763,64931,68279,69399,71667,72891,74723,75959,77367,78811,80343,82131,83995]
resources/preprocessed/Interpolated/2020-07-02_14.07.33_RightArm.csv:[7465,9561,10849,12253,13513,14841,16141,17453,18685,19973,21405,22829,24213,25565,26865,28333,29845,31249,32673,34161,35605,37061,38597,40205,41925,44093]
resources/preprocessed/Interpolated/Lukas_liegestuetzen1_13_10_2020_RightArm.csv:[39635,41250,43200,44760,46610,48160,50020,51770,53770,55640,57455,59385,61245,62910,64860,66820,68535,70620,72370,74010,75715,77580,79455,81100,82620]
resources/preprocessed/Interpolated/2020-07-02_14.07.33_Belly.csv:[8369,9649,10897,12225,13533,14841,16689,17965,19273,20589,21925,23381,24693,26041,27417,28869,30329,31701,33133,34577,36089,37569,39105,40725,41909,43957]
resources/preprocessed/Interpolated/2020-07-02_13.00.09_RightArm.csv:[27851,29599,31587,35379,37003,38803,39959,41251,43031,44235,46615,48475,50051,51963,53519,54891,56987,59779,62407]
resources/preprocessed/Interpolated/Jan_liegestuetzen3_13_10_2020_Chest.csv:[36230,37690,39965,42020,44145,47060,48635,50350,52055,54135,56760]
resources/preprocessed/Interpolated/2020-07-02_14.20.28_LeftArm.csv:[63731,64903,67491,68599,69723,70867,72047,73231,74419,76443,77883,79383,80875,82711]
resources/preprocessed/Interpolated-Revised/Jan_liegestuetzen1_13_10_2020_edited_Belly.csv:[73838,78257,79673,84238,86135,88587,90409,92331,94363,97076,98622,100274,102101,103968,106265,109828,111946,113838]
resources/preprocessed/Interpolated/2020-07-02_12.50.00_LeftArm.csv:[17347,18715,20391,22283,24491,26555,28523,30479,32367,34459,36871,38839,41147,43271,45591,47815,50483,53563,54959,57031,58471,59899,61347,62927]
resources/preprocessed/Interpolated/2020-07-02_13.00.09_Chest.csv:[27779,29431,31379,32987,34131,36003,37147,39115,41319,42995,44123,46527,47791,49459,51147,52595,53927,56775,59663,62067]
resources/preprocessed/Interpolated/2020-07-02_12.50.00_Chest.csv:[16335,18695,20527,22299,24547,26479,28587,30455,32423,34495,36691,38887,41215,43275,44403,45519,47879,50543,51659,53587,55515,57091,59667,62683]
resources/preprocessed/Interpolated-Revised/Jan_liegestuetzen1_13_10_2020_edited_LeftArm.csv:[73177,74563,78217,81575,84889,87356,91135,93047,95014,97771,99213,100895,102686,104103,106250,108662,110589,112867,114839]
resources/preprocessed/Interpolated-Revised/Jan_liegestuetzen1_13_10_2020_edited_RightArm.csv:[73833,77041,78958,80920,86070,88567,89954,92316,95679,97116,98582,100274,102676,104663,106270,108978,110569,112731,114573]
resources/preprocessed/Interpolated/Andre_Squats2_13_10_2020_Belly.csv:[48260,50060,51575,53790,56185,58460,60885,63260,65555,67615,69060,72945,74965,76375,78355,79900,81815,83315,85680,88500,91770,94025,95625,98780,101095,102765,104695,109595,112890,116685,118780,122450,125510,127015,130115,131550,134950,139435,142320,144370,149285,151040,153680,156525,158440,160780,163250,166260,168190,171540,173350,176375,178250,181285,183030,184470,186310,188365,191275,193070,196050,198010,200875,202690,207400,208955,212300]
resources/preprocessed/Interpolated/2020-07-02_13.00.09_Belly.csv:[27799,29415,31439,32903,34123,35267,37179,39075,41023,43015,44907,46487,48735,51159,52663,55019,56791,59903,61963]
resources/preprocessed/Interpolated/2020-07-02_14.14.32_LeftArm.csv:[32003,34571,35835,37095,38399,40231,41559,42927,44295,45631,46991,48383,49731,51235,52567,53931,55415,57087,58735,60507,62127,64503]
resources/preprocessed/Interpolated-Revised/Jan_liegestuetzen1_13_10_2020_edited_Chest.csv:[73828,77076,79033,81600,84223,86080,89263,91120,93027,94984,97761,99223,100855,102696,104663,106225,108948,111775,113858]
resources/preprocessed/Interpolated/2020-07-02_11.17.39_Belly.csv:[58795,60731,62327,64171,65759,67435,69115,70879,72855,74587,76219,78059,79807,81871,83715,85631,87755,89151,91043,93211,95623,96751,98119,100719,101903,103415,107139]
resources/preprocessed/Interpolated/Andre_liegestuetzen3_13_10_2020_Chest.csv:[31443,33208,34818,36468,38068,39718,41293,43053,44643,46393,48113,50328,52263,54608,57033,59803,62328,65478]
resources/preprocessed/Interpolated/2020-07-02_11.17.39_Chest.csv:[58227,59827,61439,63123,64903,66551,68215,69891,71743,72871,74499,76279,78095,80043,81859,83903,85707,87763,89175,91019,92139,94307,95603,96811,98095,99479,100699,102275,103411,105499,106915]
resources/preprocessed/Interpolated/2020-07-02_11.17.39_LeftArm.csv:[58303,59419,61427,63171,64871,66483,68211,69871,71015,72839,74331,76243,78059,80203,81907,83811,85583,87259,89187,91003,93203,95271,96787,98035,99367,101647,103423,107235]
resources/preprocessed/Interpolated/2020-07-02_14.59.59_Belly.csv:[74427,75695,77239,79023,81347,83811,86159,87995,89127,91115,93779,96731,98767]
resources/preprocessed/Interpolated/Andre_Squats_13_10_2020_LeftArm.csv:[61851,63741,66446,68226,71651,74066,76941,78331,79991,82101,84311,86991,90111,92141,97401,102231,104366,107151,110191,112211,114911,116861,119196,121481,123806,126161,128541,130831,132496,133981,135581,137931,140441,142986,145386,147756,149996,152391,154171,155636,157356,158991]
resources/preprocessed/Interpolated/2020-07-02_14.07.33_Chest.csv:[8961,10209,11501,13569,14861,16669,18029,19253,20593,22009,23445,24733,26045,27481,28893,30369,31741,33181,34653,36069,37609,39121,40265,41949,44065]
resources/preprocessed/Interpolated/2020-07-02_11.17.39_RightArm.csv:[58819,60815,62363,64287,65667,67359,69143,71011,72883,74479,76203,78091,79987,81759,83643,85707,87859,89971,91871,93367,95575,96799,98287,100403,101627,103403,107271]
resources/preprocessed/Interpolated/2020-07-02_14.59.59_Chest.csv:[74395,75651,77199,79027,81399,83851,86135,88655,91079,93819,96747,98791]
resources/preprocessed/Interpolated/2020-07-02_14.59.59_LeftArm.csv:[74499,76279,77771,79027,81419,83823,86307,88655,91079,93887,96743,98611,99787]
resources/preprocessed/Interpolated/2020-07-02_12.50.00_RightArm.csv:[16419,18695,20559,22359,24599,26399,28655,30523,32383,34559,36699,38899,40415,42295,44019,45519,47031,49459,50579,51959,53635,55579,57051,58731,60639,62947]
resources/preprocessed/Interpolated/Andre_liegestuetzen1_13_10_2020_RightArm.csv:[17451,19186,20971,22656,24376,26056,27631,29411,30961,32641,34246,35726,37446,39086,40626,42406,44051,45761,47416,49296,51021,52936,54881,56871,59096,62261,64736]
resources/preprocessed/Interpolated/Andre_liegestuetzen2_13_10_2020_Belly.csv:[40191,42801,44376,46001,47741,49416,51061,52776,54496,56281,58101,59891,61731,63726,65726,67861,69281,71671,74321,77356,79336]
resources/preprocessed/Interpolated/2020-07-02_15.13.22_Belly.csv:[23751,25767,27195,29111,30263,32375,34511,36775,38971,41019,42239,43847,46503,49283,52143,55159,56359,58639,62539,65571]
resources/preprocessed/Interpolated/2020-07-02_15.13.22_RightArm.csv:[24643,26403,27899,29055,30339,32431,34599,36827,39051,41331,43795,46571,49391,52055,53219,55275,58831,61195,62503,63855,65295]
resources/preprocessed/Interpolated/2020-07-02_15.13.22_Chest.csv:[24687,26463,28355,30235,32435,34587,36759,39007,41051,42347,43831,46459,49383,52087,55299,58623,60131,62507,63879,65283]
resources/preprocessed/Interpolated/Andre_liegestuetzen1_13_10_2020_Belly.csv:[17351,19211,21101,22706,24461,26076,27761,29436,31021,32626,34141,35906,37486,39096,40636,42346,44061,45736,47406,49261,50981,52911,54841,56986,59141,62021,64836]
resources/preprocessed/Interpolated/2020-07-02_15.31.36_Belly.csv:[72387,75295,76595,77963,79975,81299,83211,85435,86911,88731,90111,92287,94599,96899,99191,101575,104051,106735,109343,112079,113975]
resources/preprocessed/Interpolated/Jan_liegestuetzen2_13_10_2020_LeftArm.csv:[18851,22116,25421,28116,32461,35981,37531,39246,40791,42686,44576,46241,48736]
resources/preprocessed/Interpolated/2020-07-02_15.31.36_Chest.csv:[72271,74327,76835,79047,81311,83235,85379,86815,87939,90239,92279,94583,96859,99231,101539,104047,106015,107451,109367,112119,113975]
resources/preprocessed/Interpolated/Andre_Squats_13_10_2020_RightArm.csv:[61841,63701,66346,68031,71631,73796,75296,76931,79976,82151,87061,90006,92051,97321,102216,104421,107181,110231,112111,116831,119256,121521,126131,128491,130786,133331,135581,137971,140426,142941,145306,147741,149966,152476,154931,157256]
resources/preprocessed/Interpolated/2020-07-02_14.14.32_Chest.csv:[32567,34019,35839,37123,38427,39699,41019,42339,43755,45115,46463,47887,49247,50683,52123,53483,54991,56479,58179,60003,61983,64499]
resources/preprocessed/Interpolated/2020-07-02_15.31.36_LeftArm.csv:[72587,74227,75511,77543,78959,80575,81939,83179,85375,86839,88783,90295,92283,94655,96347,99227,101599,104119,105983,107447,109347,112099,113875]
resources/preprocessed/Interpolated/2020-07-02_15.31.36_RightArm.csv:[72899,74443,76627,77963,80515,83231,85391,86839,88095,90319,91879,94595,96851,98807,100235,101543,104035,105887,107483,108783,110979,112127]
resources/preprocessed/Interpolated/Andre_Squats2_13_10_2020_Chest.csv:[48375,50065,51660,53840,56115,58510,60895,63285,65555,67600,69015,72960,75025,76480,78320,79895,81825,83350,85615,88535,91570,93005,95635,98760,100345,102760,104690,109595,112785,116675,118890,122460,125515,127035,130190,134905,139480,142335,144265,149350,151035,153645,156505,158445,160785,163220,166270,168185,171530,173335,176370,178395,181260,183035,184485,186315,188350,191265,193135,196055,198025,200870,202695,207395,208940,212075,213570]
resources/preprocessed/Interpolated/2020-07-02_14.07.33_LeftArm.csv:[7465,8929,10329,11469,13561,14809,16165,17409,18753,20001,21397,22829,24157,25509,26861,28289,29761,31165,32609,34029,35493,37057,38485,40065,41869,43617]
resources/preprocessed/Interpolated/Andre_Squats2_13_10_2020_RightArm.csv:[48380,50100,51655,53785,56125,58510,60890,63170,65525,67445,69145,72945,74875,76525,78240,79820,81790,83430,85225,86935,88380,90725,92755,95650,98535,100420,102815,104765,107180,109165,112675,114675,117025,118835,122060,125615,130290,133445,134855,137605,139335,142375,144200,146425,149025,150985,153710,158470,162040,164460,166315,168210,171580,173315,177240,179500,181320,183010,184430,186365,188085,189650,191320,193180,196130,198005,199490,202480,203940,207380,209000,212055,213995]
resources/preprocessed/Interpolated/Andre_liegestuetzen1_13_10_2020_LeftArm.csv:[17416,19151,21091,22746,24496,26166,27756,29296,31001,32601,34181,35781,37561,39096,40771,42326,44066,45851,47546,49256,50976,52956,54931,56906,59211,62086,64826]
resources/preprocessed/Interpolated/2020-07-02_13.00.09_LeftArm.csv:[27763,29639,31503,33123,35055,37215,38339,40371,42039,44071,46491,48471,50123,51439,53499,54971,57043,59691,61867]
resources/preprocessed/Interpolated/Andre_liegestuetzen3_13_10_2020_LeftArm.csv:[31383,33248,34853,36518,38098,39643,41233,43048,44558,46433,48198,50398,52328,54768,57078,59978,62578,64283]
resources/preprocessed/Interpolated/Lukas_liegestuetzen1_13_10_2020_LeftArm.csv:[38660,40200,42070,43950,45690,47415,49095,50925,52795,54705,56560,58355,60335,62170,63875,65920,67770,69665,71565,73325,75085,76775,78555,80365,82360]
resources/preprocessed/Interpolated/Andre_Squats2_13_10_2020_LeftArm.csv:[49340,51630,53895,56030,58545,60940,63300,65600,67570,69190,70660,72910,74875,76495,78250,79820,81730,83385,85795,88390,90725,93020,95560,98220,100405,102715,104705,109575,112750,116950,118985,120620,125585,128725,130310,133425,134855,137640,139425,142355,144155,146430,149310,150940,153655,156585,158370,160765,163180,165725,168215,170365,173275,174715,177315,179470,181325,183135,186300,187985,190580,193085,194615,196295,197955,199335,200890,202780,207420,208960,210495,212105,213560]
resources/preprocessed/Interpolated/Andre_Squats_13_10_2020_Belly.csv:[61956,63806,66436,67926,71581,74036,76971,79921,82051,87011,92141,97301,102271,107101,110071,112041,116841,119721,121631,124431,126111,128481,130876,133266,135616,138066,140496,143016,145391,147781,150141,152581,155001,157401]
resources/preprocessed/Interpolated/Andre_Squats_13_10_2020_Chest.csv:[61926,63806,66641,71581,74036,76966,82106,86966,88366,92176,97386,102356,107236,110066,112126,116836,121556,126146,128476,130856,133291,135601,138056,140446,143006,145326,147756,150126,152511,154961,157371]
resources/preprocessed/Interpolated/Andre_liegestuetzen2_13_10_2020_Chest.csv:[40301,42046,43586,45286,46876,48586,50381,52101,53666,55596,57351,59206,61016,62991,65021,67096,69266,71651,74251,77251,78841]
resources/preprocessed/Interpolated/Andre_liegestuetzen2_13_10_2020_LeftArm.csv:[40121,42006,43536,45296,46926,48591,50381,52071,53671,55561,57486,59216,60996,63021,64996,67121,69381,71641,74341,77671]
resources/preprocessed/Interpolated/Lukas_liegestuetzen3_13_10_2020_LeftArm.csv:[11766,14086,16806,18791,22291,23776,25371,27051]
resources/preprocessed/Interpolated/Andre_liegestuetzen1_13_10_2020_Chest.csv:[17431,19306,21031,22696,24446,26136,27811,29411,31001,32611,34206,35906,37561,39091,40631,42411,44041,45756,47446,49241,51006,52916,54831,56986,59201,61981,64846]
resources/preprocessed/Interpolated/Andre_liegestuetzen2_13_10_2020_RightArm.csv:[40281,41971,43586,45181,46886,48666,50386,52026,53731,55581,57226,59071,61081,63051,64921,67106,69261,71776,74466,77556,79496]
resources/preprocessed/Interpolated/2020-07-02_12.50.00_Belly.csv:[16363,18691,20527,22375,24503,26479,28571,30491,32383,33491,35335,36799,38903,41259,43471,45559,47879,49151,50547,51671,53503,55427,57099,59667,62715]
resources/preprocessed/Interpolated/Andre_liegestuetzen3_13_10_2020_Belly.csv:[31333,33143,34738,36503,38088,39753,41303,42978,44668,46463,48138,50348,52283,54618,57043,59428,62358]
